          0.001000000000  143462785.886247247458
          0.002000000000  143330049.525766640902
          0.003000000000  143109081.567453205585
          0.004000000000  142800270.226050883532
          0.005000000000  142404157.507022768259
          0.006000000000  141921437.717892259359
          0.007000000000  141352955.563517689705
          0.008000000000  140699703.832207709551
          0.009000000000  139962820.681048899889
          0.010000000000  139143586.530235916376
          0.011000000000  138243420.577606886625
          0.012000000000  137263876.945919036865
          0.013000000000  136206640.476674973965
          0.014000000000  135073522.185558855534
          0.015000000000  133866454.395675659180
          0.016000000000  132587485.565902039409
          0.017000000000  131238774.832646265626
          0.018000000000  129822586.284278601408
          0.019000000000  128341282.988310605288
          0.020000000000  126797320.792205825448
          0.021000000000  125193241.919350802898
          0.022000000000  123531668.382321894169
          0.023000000000  121815295.236060395837
          0.024000000000  120046883.693973302841
          0.025000000000  118229254.130282863975
          0.026000000000  116365278.992136478424
          0.027000000000  114457875.645114243031
          0.028000000000  112509999.175774291158
          0.029000000000  110524635.174778267741
          0.030000000000  108504792.524002522230
          0.031000000000  106453496.210704475641
          0.032000000000  104373780.191522136331
          0.033000000000  102268680.328576222062
          0.034000000000  100141227.419451966882
          0.035000000000   97994440.342187240720
          0.036000000000   95831319.335732832551
          0.037000000000   93654839.435551002622
          0.038000000000   91467944.083197712898
          0.039000000000   89273538.927835285664
          0.040000000000   87074485.836637049913
          0.041000000000   84873597.130052030087
          0.042000000000   82673630.056811854243
          0.043000000000   80477281.522454127669
          0.044000000000   78287183.083993449807
          0.045000000000   76105896.222168639302
          0.046000000000   73935907.901500523090
          0.047000000000   71779626.427150875330
          0.048000000000   69639377.606328234076
          0.049000000000   67517401.220722272992
          0.050000000000   65415847.815192699432
          0.051000000000   63336775.806672558188
          0.052000000000   61282148.915990456939
          0.053000000000   59253833.924078710377
          0.054000000000   57253598.752811230719
          0.055000000000   55283110.869507506490
          0.056000000000   53343936.012978784740
          0.057000000000   51437537.237840667367
          0.058000000000   49565274.272726677358
          0.059000000000   47728403.186965018511
          0.060000000000   45928076.359275259078
          0.061000000000   44165342.741068974137
          0.062000000000   42441148.406025409698
          0.063000000000   40756337.376761898398
          0.064000000000   39111652.718600466847
          0.065000000000   37507737.889713153243
          0.066000000000   35945138.336231291294
          0.067000000000   34424303.320298098028
          0.068000000000   32945587.968493688852
          0.069000000000   31509255.527572542429
          0.070000000000   30115479.814040858299
          0.071000000000   28764347.843746084720
          0.072000000000   27455862.627368364483
          0.073000000000   26189946.117486514151
          0.074000000000   24966442.292733225971
          0.075000000000   23785120.364471167326
          0.076000000000   22645678.091392073780
          0.077000000000   21547745.187479898334
          0.078000000000   20490886.808870475739
          0.079000000000   19474607.105297677219
          0.080000000000   18498352.822019826621
          0.081000000000   17561516.938384167850
          0.082000000000   16663442.329495131969
          0.083000000000   15803425.437810547650
          0.084000000000   14980719.941891938448
          0.085000000000   14194540.409975653514
          0.086000000000   13444065.926512062550
          0.087000000000   12728443.680333815515
          0.088000000000   12046792.503657236695
          0.089000000000   11398206.351693702862
          0.090000000000   10781757.713241776451
          0.091000000000   10196500.943246800452
          0.092000000000    9641475.508945396170
          0.093000000000    9115709.141858668998
          0.094000000000    8618220.888550955802
          0.095000000000    8148024.053732937202
          0.096000000000    7704129.029951223172
          0.097000000000    7285546.008771405555
          0.098000000000    6891287.569020591676
          0.099000000000    6520371.138311776333
          0.100000000000    6171821.324716450647
          0.101000000000    5844672.116086659022
          0.102000000000    5537968.945146854036
          0.103000000000    5250770.619079784490
          0.104000000000    4982151.112914065830
          0.105000000000    4731201.226586074568
          0.106000000000    4497030.106089305133
          0.107000000000    4278766.629641351290
          0.108000000000    4075560.660290647298
          0.109000000000    3886584.166848999448
          0.110000000000    3711032.215472845826
          0.111000000000    3548123.834623544011
          0.112000000000    3397102.756515068468
          0.113000000000    3257238.038505447097
          0.114000000000    3127824.568205352873
          0.115000000000    3008183.456364084966
          0.116000000000    2897662.321849131491
          0.117000000000    2795635.473260527477
          0.118000000000    2701503.991916794796
          0.119000000000    2614695.721113784704
          0.120000000000    2534665.166694047861
          0.121000000000    2460893.314071463887
          0.122000000000    2392887.366935194470
          0.123000000000    2330180.412909654435
          0.124000000000    2272331.021473831497
          0.125000000000    2218922.779445092194
          0.126000000000    2169563.769310832024
          0.127000000000    2123885.995647319593
          0.128000000000    2081544.764799689176
          0.129000000000    2042218.022912345827
          0.130000000000    2005605.657295484794
          0.131000000000    1971428.765993545065
          0.132000000000    1939428.900285505224
          0.133000000000    1909367.284697284689
          0.134000000000    1881024.018944145646
          0.135000000000    1854197.266047411831
          0.136000000000    1828702.430686705746
          0.137000000000    1804371.331656938884
          0.138000000000    1781051.372101077810
          0.139000000000    1758604.710985064739
          0.140000000000    1736907.439072862500
          0.141000000000    1715848.762447756249
          0.142000000000    1695330.196412410587
          0.143000000000    1675264.772385774879
          0.144000000000    1655576.260200760094
          0.145000000000    1636198.407993962755
          0.146000000000    1617074.201668094844
          0.147000000000    1598155.145700649126
          0.148000000000    1579400.566868957598
          0.149000000000    1560776.942263426259
          0.150000000000    1542257.252767607803
          0.151000000000    1523820.362997026881
          0.152000000000    1505450.428508205106
          0.153000000000    1487136.330916382605
          0.154000000000    1468871.141394685023
          0.155000000000    1450651.612869976554
          0.156000000000    1432477.701080984203
          0.157000000000    1414352.114523398457
          0.158000000000    1396279.893174116500
          0.159000000000    1378268.015763182892
          0.160000000000    1360325.035246927291
          0.161000000000    1342460.742029916495
          0.162000000000    1324685.854385847226
          0.163000000000    1307011.735438943142
          0.164000000000    1289450.135987498099
          0.165000000000    1272012.962379485369
          0.166000000000    1254712.068587006070
          0.167000000000    1237559.071570930071
          0.168000000000    1220565.188979753060
          0.169000000000    1203741.098186657531
          0.170000000000    1187096.815636128653
          0.171000000000    1170641.595445754239
          0.172000000000    1154383.846189649543
          0.173000000000    1138331.064777168445
          0.174000000000    1122489.786333707627
          0.175000000000    1106865.548988974886
          0.176000000000    1091462.872482315870
          0.177000000000    1076285.249503242318
          0.178000000000    1061335.148698945995
          0.179000000000    1046614.028298016870
          0.180000000000    1032122.359320998774
          0.181000000000    1017859.657373384456
          0.182000000000    1003824.522044600919
          0.183000000000     990014.682967422646
          0.184000000000     976427.051625661668
          0.185000000000     963057.778033446753
          0.186000000000     949902.311446869164
          0.187000000000     936955.464307813789
          0.188000000000     924211.478660099208
          0.189000000000     911664.094319472788
          0.190000000000     899306.618121214444
          0.191000000000     887131.993611810612
          0.192000000000     875132.870594344917
          0.193000000000     863301.673980400898
          0.194000000000     851630.671444451320
          0.195000000000     840112.039419612032
          0.196000000000     828737.927016058355
          0.197000000000     817500.517485275865
          0.198000000000     806392.086894433480
          0.199000000000     795405.059715384617
          0.200000000000     784532.061072037672
          0.201000000000     773765.965427909396
          0.202000000000     763099.941532617668
          0.203000000000     752527.493481564918
          0.204000000000     742042.497777261306
          0.205000000000     731639.236313476926
          0.206000000000     721312.425234487164
          0.207000000000     711057.239651366719
          0.208000000000     700869.334225152154
          0.209000000000     690744.859653047286
          0.210000000000     680680.475118389120
          0.211000000000     670673.356788012432
          0.212000000000     660721.202461750945
          0.213000000000     650822.232498279773
          0.214000000000     640975.187159136287
          0.215000000000     631179.320528715034
          0.216000000000     621434.391182252788
          0.217000000000     611740.649786383845
          0.218000000000     602098.823827611050
          0.219000000000     592510.099673375022
          0.220000000000     582976.102177807363
          0.221000000000     573498.872050510719
          0.222000000000     564080.841210938641
          0.223000000000     554724.806354156695
          0.224000000000     545433.900955220801
          0.225000000000     536211.565939642605
          0.226000000000     527061.519246300100
          0.227000000000     517987.724506746745
          0.228000000000     508994.359061349824
          0.229000000000     500085.781527974061
          0.230000000000     491266.499133217905
          0.231000000000     482541.135009486461
          0.232000000000     473914.395653605112
          0.233000000000     465391.038734215370
          0.234000000000     456975.841426054249
          0.235000000000     448673.569439340034
          0.236000000000     440488.946902097261
          0.237000000000     432426.627242283546
          0.238000000000     424491.165205241356
          0.239000000000     416686.990130275371
          0.240000000000     409018.380598159740
          0.241000000000     401489.440549268329
          0.242000000000     394104.076959636121
          0.243000000000     386865.979150035302
          0.244000000000     379778.599790774228
          0.245000000000     372845.137652780802
          0.246000000000     366068.522143477632
          0.247000000000     359451.399654202920
          0.248000000000     352996.121734367043
          0.249000000000     346704.735096481512
          0.250000000000     340578.973445355659
          0.251000000000     334620.251114570652
          0.252000000000     328829.658483465668
          0.253000000000     323207.959138703009
          0.254000000000     317755.588735762227
          0.255000000000     312472.655507687479
          0.256000000000     307358.942360979156
          0.257000000000     302413.910491778573
          0.258000000000     297636.704449381272
          0.259000000000     293026.158568775340
          0.260000000000     288580.804689133947
          0.261000000000     284298.881071270909
          0.262000000000     280178.342423728958
          0.263000000000     276216.870944552880
          0.264000000000     272411.888283947483
          0.265000000000     268760.568331693532
          0.266000000000     265259.850732644030
          0.267000000000     261906.455033628183
          0.268000000000     258696.895365732576
          0.269000000000     255627.495567122067
          0.270000000000     252694.404653315258
          0.271000000000     249893.612544081523
          0.272000000000     247220.965958852117
          0.273000000000     244672.184395689837
          0.274000000000     242242.876112416008
          0.275000000000     239928.554032398097
          0.276000000000     237724.651501691871
          0.277000000000     235626.537828729895
          0.278000000000     233629.533542427525
          0.279000000000     231728.925309455197
          0.280000000000     229919.980456437537
          0.281000000000     228197.961047945835
          0.282000000000     226558.137476301956
          0.283000000000     224995.801524378738
          0.284000000000     223506.278867730289
          0.285000000000     222084.940987459733
          0.286000000000     220727.216470208368
          0.287000000000     219428.601676517836
          0.288000000000     218184.670763484959
          0.289000000000     216991.085052158072
          0.290000000000     215843.601734387717
          0.291000000000     214738.081917930685
          0.292000000000     213670.498012383759
          0.293000000000     212636.940462074388
          0.294000000000     211633.623835277162
          0.295000000000     210656.892282087676
          0.296000000000     209703.224375941005
          0.297000000000     208769.237356105063
          0.298000000000     207851.690790538676
          0.299000000000     206947.489680232946
          0.300000000000     206053.687027592270
