          0.001000000000  145394420.806466519833
          0.002000000000  145255411.094061493874
          0.003000000000  145024009.273763567209
          0.004000000000  144700636.054234176874
          0.005000000000  144285878.747063785791
          0.006000000000  143780489.593856722116
          0.007000000000  143185383.626176595688
          0.008000000000  142501636.066423952579
          0.009000000000  141730479.279430449009
          0.010000000000  140873299.286195129156
          0.011000000000  139931631.852860122919
          0.012000000000  138907158.169530063868
          0.013000000000  137801700.135058999062
          0.014000000000  136617215.265340596437
          0.015000000000  135355791.243960291147
          0.016000000000  134019640.135353311896
          0.017000000000  132611092.281720966101
          0.018000000000  131132589.906087130308
          0.019000000000  129586680.444771498442
          0.020000000000  127976009.633479654789
          0.021000000000  126303314.371906697750
          0.022000000000  124571415.392450451851
          0.023000000000  122783209.759093835950
          0.024000000000  120941663.222995668650
          0.025000000000  119049802.461586341262
          0.026000000000  117110707.228167653084
          0.027000000000  115127502.439080581069
          0.028000000000  113103350.225468397141
          0.029000000000  111041441.976487085223
          0.030000000000  108944990.400570094585
          0.031000000000  106817221.630949214101
          0.032000000000  104661367.401175618172
          0.033000000000  102480657.315773293376
          0.034000000000  100278311.240491211414
          0.035000000000   98057531.835832044482
          0.036000000000   95821497.256664112210
          0.037000000000   93573354.039771303535
          0.038000000000   91316210.200167819858
          0.039000000000   89053128.555893689394
          0.040000000000   86787120.299831598997
          0.041000000000   84521138.835864275694
          0.042000000000   82258073.895392552018
          0.043000000000   80000745.948909372091
          0.044000000000   77751900.925945758820
          0.045000000000   75514205.255300372839
          0.046000000000   73290241.236037522554
          0.047000000000   71082502.748268783092
          0.048000000000   68893391.311296954751
          0.049000000000   66725212.495205514133
          0.050000000000   64580172.690529368818
          0.051000000000   62460376.239178456366
          0.052000000000   60367822.928342342377
          0.053000000000   58304405.847688645124
          0.054000000000   56271909.608770132065
          0.055000000000   54272008.924205310643
          0.056000000000   52306267.542870454490
          0.057000000000   50376137.536072261631
          0.058000000000   48482958.928448975086
          0.059000000000   46627959.666169993579
          0.060000000000   44812255.913904562593
          0.061000000000   43036852.670972965658
          0.062000000000   41302644.696117639542
          0.063000000000   39610417.729414731264
          0.064000000000   37960849.999011114240
          0.065000000000   36354513.999595873058
          0.066000000000   34791878.528832070529
          0.067000000000   33273310.967356916517
          0.068000000000   31799079.787416622043
          0.069000000000   30369357.274753067642
          0.070000000000   28984222.447970405221
          0.071000000000   27643664.159313961864
          0.072000000000   26347584.360562760383
          0.073000000000   25095801.517596576363
          0.074000000000   23888054.157116327435
          0.075000000000   22724004.529002465308
          0.076000000000   21603242.367862708867
          0.077000000000   20525288.737460382283
          0.078000000000   19489599.941919282079
          0.079000000000   18495571.487868990749
          0.080000000000   17542542.082019522786
          0.081000000000   16629797.649039942771
          0.082000000000   15756575.355050891638
          0.083000000000   14922067.622524581850
          0.084000000000   14125426.122917613015
          0.085000000000   13365765.733932053670
          0.086000000000   12642168.448908424005
          0.087000000000   11953687.226494893432
          0.088000000000   11299349.769407564774
          0.089000000000   10678162.221789393574
          0.090000000000   10089112.775391701609
          0.091000000000    9531175.175531342626
          0.092000000000    9003312.118521362543
          0.093000000000    8504478.533022815362
          0.094000000000    8033624.738522916101
          0.095000000000    7589699.474899838679
          0.096000000000    7171652.797788368538
          0.097000000000    6778438.835208207369
          0.098000000000    6409018.401653364301
          0.099000000000    6062361.466565763578
          0.100000000000    5737449.474825122394
          0.101000000000    5433277.517576663755
          0.102000000000    5148856.352387920022
          0.103000000000    4883214.272370588034
          0.104000000000    4635398.824524042197
          0.105000000000    4404478.378149466589
          0.106000000000    4189543.544746635016
          0.107000000000    3989708.451338706072
          0.108000000000    3804111.869670934509
          0.109000000000    3631918.204197570216
          0.110000000000    3472318.342205674853
          0.111000000000    3324530.369824766181
          0.112000000000    3187800.158036735374
          0.113000000000    3061401.823131555226
          0.114000000000    2944638.066349695437
          0.115000000000    2836840.397713916376
          0.116000000000    2737369.249279693700
          0.117000000000    2645613.983226749580
          0.118000000000    2560992.800374206621
          0.119000000000    2482952.554829157423
          0.120000000000    2410968.480575085152
          0.121000000000    2344543.835871808697
          0.122000000000    2283209.471375674941
          0.123000000000    2226523.327896844596
          0.124000000000    2174069.869692848995
          0.125000000000    2125459.459154009353
          0.126000000000    2080327.678669260815
          0.127000000000    2038334.605371632613
          0.128000000000    1999164.044352495344
          0.129000000000    1962522.725804480026
          0.130000000000    1928139.471406107303
          0.131000000000    1895764.335098566487
          0.132000000000    1865167.723227946553
          0.133000000000    1836139.498836291954
          0.134000000000    1808488.074683927465
          0.135000000000    1782039.499374778010
          0.136000000000    1756636.540737448027
          0.137000000000    1732137.770389433717
          0.138000000000    1708416.653180912137
          0.139000000000    1685360.644979947247
          0.140000000000    1662870.302023598924
          0.141000000000    1640858.404820828000
          0.142000000000    1619249.099354321836
          0.143000000000    1597977.058090606239
          0.144000000000    1576986.663072029594
          0.145000000000    1556231.213131465251
          0.146000000000    1535672.157041833503
          0.147000000000    1515278.354188453173
          0.148000000000    1495025.364133851137
          0.149000000000    1474894.766232290538
          0.150000000000    1454873.510246058227
          0.151000000000    1434953.298717604950
          0.152000000000    1415130.001661537448
          0.153000000000    1395403.103958984371
          0.154000000000    1375775.185663805110
          0.155000000000    1356251.435266278451
          0.156000000000    1336839.195805173600
          0.157000000000    1317547.543574025854
          0.158000000000    1298386.899031592766
          0.159000000000    1279368.669400638435
          0.160000000000    1260504.922322696773
          0.161000000000    1241808.089829951059
          0.162000000000    1223290.701798093738
          0.163000000000    1204965.147956586909
          0.164000000000    1186843.467454448575
          0.165000000000    1168937.164910694584
          0.166000000000    1151257.051818489796
          0.167000000000    1133813.112120857695
          0.168000000000    1116614.390733028762
          0.169000000000    1099668.903751985868
          0.170000000000    1082983.569067250704
          0.171000000000    1066564.156068095239
          0.172000000000    1050415.253130620345
          0.173000000000    1034540.251563704689
          0.174000000000    1018941.344694693689
          0.175000000000    1003619.540784046403
          0.176000000000     988574.688472273061
          0.177000000000     973805.513482202194
          0.178000000000     959309.665324478527
          0.179000000000     945083.772783763940
          0.180000000000     931123.506997135584
          0.181000000000     917423.650974215823
          0.182000000000     903978.174450199935
          0.183000000000     890780.313007884077
          0.184000000000     877822.650452626520
          0.185000000000     865097.203474546317
          0.186000000000     852595.507684737211
          0.187000000000     840308.704166714917
          0.188000000000     828227.625740081072
          0.189000000000     816342.882190409815
          0.190000000000     804644.943777141976
          0.191000000000     793124.222389564966
          0.192000000000     781771.149779503932
          0.193000000000     770576.252357686521
          0.194000000000     759530.222098818747
          0.195000000000     748623.983157759532
          0.196000000000     737848.753855653689
          0.197000000000     727196.103750225389
          0.198000000000     716658.005558331381
          0.199000000000     706226.881751277600
          0.200000000000     695895.645693914033
          0.201000000000     685657.737247118610
          0.202000000000     675507.152799723204
          0.203000000000     665438.469740031171
          0.204000000000     655446.865418807021
          0.205000000000     645528.130694729509
          0.206000000000     635678.678189762286
          0.207000000000     625895.545415648725
          0.208000000000     616176.392963596736
          0.209000000000     606519.497977289371
          0.210000000000     596923.743154410040
          0.211000000000     587388.601544095785
          0.212000000000     577914.117426958983
          0.213000000000     568500.883580592345
          0.214000000000     559150.015246924246
          0.215000000000     549863.121128308238
          0.216000000000     540642.271746961633
          0.217000000000     531489.965507420711
          0.218000000000     522409.092803990061
          0.219000000000     513402.898514975037
          0.220000000000     504474.943222872040
          0.221000000000     495629.063494690286
          0.222000000000     486869.331549439288
          0.223000000000     478200.014630564314
          0.224000000000     469625.534390018787
          0.225000000000     461150.426577735576
          0.226000000000     452779.301315798715
          0.227000000000     444516.804220684455
          0.228000000000     436367.578619780310
          0.229000000000     428336.229090103239
          0.230000000000     420427.286527967313
          0.231000000000     412645.174938408076
          0.232000000000     404994.180112691072
          0.233000000000     397478.420341317833
          0.234000000000     390101.819288820494
          0.235000000000     382868.081135429733
          0.236000000000     375780.668069619511
          0.237000000000     368842.780194646213
          0.238000000000     362057.337891728268
          0.239000000000     355426.966662610823
          0.240000000000     348953.984454922611
          0.241000000000     342640.391455272504
          0.242000000000     336487.862317396328
          0.243000000000     330497.740776037914
          0.244000000000     324671.036581727036
          0.245000000000     319008.424677180534
          0.246000000000     313510.246522941336
          0.247000000000     308176.513467925775
          0.248000000000     303006.912050009181
          0.249000000000     298000.811102546460
          0.250000000000     293157.270534881041
          0.251000000000     288475.051648412598
          0.252000000000     283952.628844694525
          0.253000000000     279588.202578301018
          0.254000000000     275379.713404778915
          0.255000000000     271324.856972924317
          0.256000000000     267421.099810731073
          0.257000000000     263665.695755759603
          0.258000000000     260055.702883115766
          0.259000000000     256588.000787862431
          0.260000000000     253259.308083181153
          0.261000000000     250066.199981157755
          0.262000000000     247005.125829343335
          0.263000000000     244072.426483326912
          0.264000000000     241264.351403274661
          0.265000000000     238577.075370675506
          0.266000000000     236006.714730268402
          0.267000000000     233549.343071252952
          0.268000000000     231201.006271261489
          0.269000000000     228957.736836142605
          0.270000000000     226815.567478261073
          0.271000000000     224770.543885665684
          0.272000000000     222818.736644039542
          0.273000000000     220956.252282755886
          0.274000000000     219179.243425488618
          0.275000000000     217483.918034680828
          0.276000000000     215866.547747601900
          0.277000000000     214323.475309744041
          0.278000000000     212851.121118806652
          0.279000000000     211445.988899484626
          0.280000000000     210104.670535660087
          0.281000000000     208823.850092356763
          0.282000000000     207600.307064957364
          0.283000000000     206430.918897623895
          0.284000000000     205312.662816691940
          0.285000000000     204242.617027889995
          0.286000000000     203217.961328727630
          0.287000000000     202235.977189132973
          0.288000000000     201294.047354596289
          0.289000000000     200389.655026549328
          0.290000000000     199520.382674629131
          0.291000000000     198683.910534793627
          0.292000000000     197878.014846056758
          0.293000000000     197100.565876883513
          0.294000000000     196349.525790148415
          0.295000000000     195622.946392949641
          0.296000000000     194918.966814664309
          0.297000000000     194235.811153350456
          0.298000000000     193571.786127089901
          0.299000000000     192925.278763137467
          0.300000000000     192294.754153842601
