          0.001000000000  147565403.410291254520
          0.002000000000  147419725.933337450027
          0.003000000000  147177233.933389425278
          0.004000000000  146838382.172944128513
          0.005000000000  146403805.463215738535
          0.006000000000  145874316.816330194473
          0.007000000000  145250905.081641137600
          0.008000000000  144534732.075154006481
          0.009000000000  143727129.212931483984
          0.010000000000  142829593.661236375570
          0.011000000000  141843784.017952680588
          0.012000000000  140771515.541582792997
          0.013000000000  139614754.945757865906
          0.014000000000  138375614.778799146414
          0.015000000000  137056347.409346848726
          0.016000000000  135659338.640477269888
          0.017000000000  134187100.976030394435
          0.018000000000  132642266.564042702317
          0.019000000000  131027579.843283370137
          0.020000000000  129345889.919839218259
          0.021000000000  127600142.701537415385
          0.022000000000  125793372.818725258112
          0.023000000000  123928695.360527291894
          0.024000000000  122009297.456139132380
          0.025000000000  120038429.731103867292
          0.026000000000  118019397.668692111969
          0.027000000000  115955552.906607136130
          0.028000000000  113850284.499193355441
          0.029000000000  111707010.175141453743
          0.030000000000  109529167.620407402515
          0.031000000000  107320205.815624371171
          0.032000000000  105083576.456754028797
          0.033000000000  102822725.487088948488
          0.034000000000  100541084.767910242081
          0.035000000000   98242063.914279460907
          0.036000000000   95929042.321436405182
          0.037000000000   93605361.406222790480
          0.038000000000   91274317.086778745055
          0.039000000000   88939152.522530704737
          0.040000000000   86603051.135156050324
          0.041000000000   84269129.929826974869
          0.042000000000   81940433.134588658810
          0.043000000000   79619926.174203842878
          0.044000000000   77310489.993263587356
          0.045000000000   75014915.741758763790
          0.046000000000   72735899.834679737687
          0.047000000000   70476039.395579427481
          0.048000000000   68237828.092355340719
          0.049000000000   66023652.371852025390
          0.050000000000   63835788.098204284906
          0.051000000000   61676397.598187886178
          0.052000000000   59547527.115202024579
          0.053000000000   57451104.671879068017
          0.054000000000   55388938.339730598032
          0.055000000000   53362714.912693284452
          0.056000000000   51373998.979910172522
          0.057000000000   49424232.391646981239
          0.058000000000   47514734.110821254551
          0.059000000000   45646700.441292062402
          0.060000000000   43821205.622781150043
          0.061000000000   42039202.781087547541
          0.062000000000   40301525.221141546965
          0.063000000000   38608888.049382857978
          0.064000000000   36961890.110991217196
          0.065000000000   35361016.226612083614
          0.066000000000   33806639.712430231273
          0.067000000000   32299025.166738182306
          0.068000000000   30838331.505532592535
          0.069000000000   29424615.229156389832
          0.070000000000   28057833.901565406471
          0.071000000000   26737849.823468457907
          0.072000000000   25464433.880338542163
          0.073000000000   24237269.546138413250
          0.074000000000   23055957.023531105369
          0.075000000000   21920017.501371420920
          0.076000000000   20828897.510368455201
          0.077000000000   19781973.358000151813
          0.078000000000   18778555.624019153416
          0.079000000000   17817893.698227897286
          0.080000000000   16899180.342610925436
          0.081000000000   16021556.260388331488
          0.082000000000   15184114.655092792585
          0.083000000000   14385905.763373807073
          0.084000000000   13625941.345883779228
          0.085000000000   12903199.121304260567
          0.086000000000   12216627.129316721112
          0.087000000000   11565148.009110491723
          0.088000000000   10947663.180840348825
          0.089000000000   10363056.918297862634
          0.090000000000    9810200.301936561242
          0.091000000000    9287955.042283641174
          0.092000000000    8795177.164682552218
          0.093000000000    8330720.547226565890
          0.094000000000    7893440.304668606259
          0.095000000000    7482196.012013588101
          0.096000000000    7095854.762418482453
          0.097000000000    6733294.054934251122
          0.098000000000    6393404.508518687449
          0.099000000000    6075092.399627963081
          0.100000000000    5777282.021551984362
          0.101000000000    5498917.864490542561
          0.102000000000    5238966.616172441281
          0.103000000000    4996418.983593286946
          0.104000000000    4770291.337187689729
          0.105000000000    4559627.179455532692
          0.106000000000    4363498.440727691166
          0.107000000000    4181006.605381867848
          0.108000000000    4011283.672402997501
          0.109000000000    3853492.954722856637
          0.110000000000    3706829.722270208411
          0.111000000000    3570521.694113814272
          0.112000000000    3443829.385486878920
          0.113000000000    3326046.315841684118
          0.114000000000    3216499.084398046136
          0.115000000000    3114547.319918673486
          0.116000000000    3019583.511669353116
          0.117000000000    2931032.728702624794
          0.118000000000    2848352.234741418157
          0.119000000000    2771031.006035225932
          0.120000000000    2698589.159616848920
          0.121000000000    2630577.299404421821
          0.122000000000    2566575.787572867237
          0.123000000000    2506193.948562900536
          0.124000000000    2449069.213006386068
          0.125000000000    2394866.208725820296
          0.126000000000    2343275.805815957021
          0.127000000000    2294014.122638017870
          0.128000000000    2246821.499355489388
          0.129000000000    2201461.445415783674
          0.130000000000    2157719.567137657665
          0.131000000000    2115402.481301952153
          0.132000000000    2074336.720365384594
          0.133000000000    2034367.634626037441
          0.134000000000    1995358.296367511619
          0.135000000000    1957188.410697961226
          0.136000000000    1919753.237483264878
          0.137000000000    1882962.528452041093
          0.138000000000    1846739.483226496493
          0.139000000000    1811019.727708634688
          0.140000000000    1775750.317928467412
          0.141000000000    1740888.772141078953
          0.142000000000    1706402.133644216461
          0.143000000000    1672266.066479227738
          0.144000000000    1638463.985876883846
          0.145000000000    1604986.225017288234
          0.146000000000    1571829.239390599076
          0.147000000000    1538994.849774085451
          0.148000000000    1506489.524581532227
          0.149000000000    1474323.702094357694
          0.150000000000    1442511.152850432089
          0.151000000000    1411068.382247030269
          0.152000000000    1380014.073209112277
          0.153000000000    1349368.568583547836
          0.154000000000    1319153.392743723234
          0.155000000000    1289390.811728070956
          0.156000000000    1260103.431089547928
          0.157000000000    1231313.830501501914
          0.158000000000    1203044.234048156301
          0.159000000000    1175316.215024892939
          0.160000000000    1148150.433984431205
          0.161000000000    1121566.408689088188
          0.162000000000    1095582.314566607587
          0.163000000000    1070214.814216371393
          0.164000000000    1045478.914474365651
          0.165000000000    1021387.849517476163
          0.166000000000     997952.988470877171
          0.167000000000     975183.765975032235
          0.168000000000     953087.634170713369
          0.169000000000     931670.034570888383
          0.170000000000     910934.388306314242
          0.171000000000     890882.103256740374
          0.172000000000     871512.596610882436
          0.173000000000     852823.331435202272
          0.174000000000     834809.865873240284
          0.175000000000     817465.913643131149
          0.176000000000     800783.414550442481
          0.177000000000     784752.613785838243
          0.178000000000     769362.148831797414
          0.179000000000     754599.142859179527
          0.180000000000     740449.303552124416
          0.181000000000     726897.026358372997
          0.182000000000     713925.501220926177
          0.183000000000     701516.821905667777
          0.184000000000     689652.097097945400
          0.185000000000     678311.562498460524
          0.186000000000     667474.693205284537
          0.187000000000     657120.315723717329
          0.188000000000     647226.718999170815
          0.189000000000     637771.763919861871
          0.190000000000     628732.990785768605
          0.191000000000     620087.724288004334
          0.192000000000     611813.175588233746
          0.193000000000     603886.541131072794
          0.194000000000     596285.097863513860
          0.195000000000     588986.294574280852
          0.196000000000     581967.839102610364
          0.197000000000     575207.781200449448
          0.198000000000     568684.590864342288
          0.199000000000     562377.231983551639
          0.200000000000     556265.231179224094
          0.201000000000     550328.741735779098
          0.202000000000     544548.602550288429
          0.203000000000     538906.392048536567
          0.204000000000     533384.477037725737
          0.205000000000     527966.056485697394
          0.206000000000     522635.200235008204
          0.207000000000     517376.882677454967
          0.208000000000     512177.011430803279
          0.209000000000     507022.451074487995
          0.210000000000     501901.042015260027
          0.211000000000     496801.614567005774
          0.212000000000     491713.998341517232
          0.213000000000     486629.027058779087
          0.214000000000     481538.538896598388
          0.215000000000     476435.372509958805
          0.216000000000     471313.358860631823
          0.217000000000     466167.309007136850
          0.218000000000     460992.998014307406
          0.219000000000     455787.145150384109
          0.220000000000     450547.390547824674
          0.221000000000     445272.268511814706
          0.222000000000     439961.177667833865
          0.223000000000     434614.348146534467
          0.224000000000     429232.806010632194
          0.225000000000     423818.335134380904
          0.226000000000     418373.436751670553
          0.227000000000     412901.286893511191
          0.228000000000     407405.691939944925
          0.229000000000     401891.042514968372
          0.230000000000     396362.265955923242
          0.231000000000     390824.777590998332
          0.232000000000     385284.431059868482
          0.233000000000     379747.467913110449
          0.234000000000     374220.466725831444
          0.235000000000     368710.291959828639
          0.236000000000     363224.042806690035
          0.237000000000     357769.002241345472
          0.238000000000     352352.586511804839
          0.239000000000     346982.295286153152
          0.240000000000     341665.662672169972
          0.241000000000     336410.209318470908
          0.242000000000     331223.395798543526
          0.243000000000     326112.577470729244
          0.244000000000     321084.960997964372
          0.245000000000     316147.562701076211
          0.246000000000     311307.168908533116
          0.247000000000     306570.298454035481
          0.248000000000     301943.167460992583
          0.249000000000     297431.656540072872
          0.250000000000     293041.280512528378
          0.251000000000     288777.160758032231
          0.252000000000     284644.000271397177
          0.253000000000     280646.061497832299
          0.254000000000     276787.147001405654
          0.255000000000     273070.583006262197
          0.256000000000     269499.205834926921
          0.257000000000     266075.351252790249
          0.258000000000     262800.846712791186
          0.259000000000     259677.006479371455
          0.260000000000     256704.629596122657
          0.261000000000     253884.000647277659
          0.262000000000     251214.893249343033
          0.263000000000     248696.576195873291
          0.264000000000     246327.822165668476
          0.265000000000     244106.918892666261
          0.266000000000     242031.682684502943
          0.267000000000     240099.474166269123
          0.268000000000     238307.216116349940
          0.269000000000     236651.413252590253
          0.270000000000     235128.173819256132
          0.271000000000     233733.232818549150
          0.272000000000     232461.976724722161
          0.273000000000     231309.469514162978
          0.274000000000     230270.479841219436
          0.275000000000     229339.509186989511
          0.276000000000     228510.820806842326
          0.277000000000     227778.469301984413
          0.278000000000     227136.330641042558
          0.279000000000     226578.132459244138
          0.280000000000     226097.484465425019
          0.281000000000     225687.908790648275
          0.282000000000     225342.870116726321
          0.283000000000     225055.805428278749
          0.284000000000     224820.153238107043
          0.285000000000     224629.382142593939
          0.286000000000     224477.018571410706
          0.287000000000     224356.673604058480
          0.288000000000     224262.068734523520
          0.289000000000     224187.060474609374
          0.290000000000     224125.663696152973
          0.291000000000     224072.073622375232
          0.292000000000     224020.686388855043
          0.293000000000     223966.118105101486
          0.294000000000     223903.222358261817
          0.295000000000     223827.106111124187
          0.296000000000     223733.143957159074
          0.297000000000     223616.990705829870
          0.298000000000     223474.592281728750
          0.299000000000     223302.194931178994
          0.300000000000     223096.352739755559
