          0.001000000000  149321809.212109029293
          0.002000000000  149160668.951032429934
          0.003000000000  148892484.887742787600
          0.004000000000  148517830.202936410904
          0.005000000000  148037504.601950794458
          0.006000000000  147452531.582210063934
          0.007000000000  146764154.941386431456
          0.008000000000  145973834.542203128338
          0.009000000000  145083241.353162318468
          0.010000000000  144094251.787713110447
          0.011000000000  143008941.367515236139
          0.012000000000  141829577.738431811333
          0.013000000000  140558613.070693284273
          0.014000000000  139198675.877339065075
          0.015000000000  137752562.287496268749
          0.016000000000  136223226.813311904669
          0.017000000000  134613772.651406139135
          0.018000000000  132927441.561539515853
          0.019000000000  131167603.366783201694
          0.020000000000  129337745.120826661587
          0.021000000000  127441459.989185884595
          0.022000000000  125482435.891920045018
          0.023000000000  123464443.956090986729
          0.024000000000  121391326.826557070017
          0.025000000000  119266986.883786410093
          0.026000000000  117095374.417255803943
          0.027000000000  114880475.802591919899
          0.028000000000  112626301.729993209243
          0.029000000000  110336875.530595213175
          0.030000000000  108016221.646354705095
          0.031000000000  105668354.287712574005
          0.032000000000  103297266.321769177914
          0.033000000000  100906918.431993424892
          0.034000000000   98501228.588574171066
          0.035000000000   96084061.866451829672
          0.036000000000   93659220.645836859941
          0.037000000000   91230435.227632582188
          0.038000000000   88801354.893696129322
          0.039000000000   86375539.439239978790
          0.040000000000   83956451.201982617378
          0.041000000000   81547447.609862580895
          0.042000000000   79151774.266293823719
          0.043000000000   76772558.589052468538
          0.044000000000   74412804.015962436795
          0.045000000000   72075384.787649318576
          0.046000000000   69763041.314696222544
          0.047000000000   67478376.133661568165
          0.048000000000   65223850.453574471176
          0.049000000000   63001781.291724368930
          0.050000000000   60814339.194850496948
          0.051000000000   58663546.539198279381
          0.052000000000   56551276.400377370417
          0.053000000000   54479251.981531143188
          0.054000000000   52449046.586016528308
          0.055000000000   50462084.118635095656
          0.056000000000   48519640.097411431372
          0.057000000000   46622843.156045265496
          0.058000000000   44772677.015434026718
          0.059000000000   42969982.901104070246
          0.060000000000   41215462.381987839937
          0.061000000000   39509680.604767695069
          0.062000000000   37853069.896951034665
          0.063000000000   36245933.710965208709
          0.064000000000   34688450.880855798721
          0.065000000000   33180680.162645038217
          0.066000000000   31722565.029047235847
          0.067000000000   30313938.689043335617
          0.068000000000   28954529.302795339376
          0.069000000000   27643965.362507652491
          0.070000000000   26381781.210129339248
          0.071000000000   25167422.663220249116
          0.072000000000   24000252.720874778926
          0.073000000000   22879557.322292741388
          0.074000000000   21804551.131413731724
          0.075000000000   20774383.321958944201
          0.076000000000   19788143.338268589228
          0.077000000000   18844866.608446568251
          0.078000000000   17943540.187542721629
          0.079000000000   17083108.309785246849
          0.080000000000   16262477.830225290731
          0.081000000000   15480523.537554284558
          0.082000000000   14736093.321294609457
          0.083000000000   14028013.178035089746
          0.084000000000   13355092.042873993516
          0.085000000000   12716126.433733636513
          0.086000000000   12109904.897712999955
          0.087000000000   11535212.250139500946
          0.088000000000   10990833.598456380889
          0.089000000000   10475558.144536683336
          0.090000000000    9988182.760428691283
          0.091000000000    9527515.333919577301
          0.092000000000    9092377.881630778313
          0.093000000000    8681609.428638380021
          0.094000000000    8294068.654828010127
          0.095000000000    7928636.309350213036
          0.096000000000    7584217.395628413185
          0.097000000000    7259743.130388445221
          0.098000000000    6954172.681119848043
          0.099000000000    6666494.687246800400
          0.100000000000    6395728.571073528379
          0.101000000000    6140925.645280208439
          0.102000000000    5901170.024376144633
          0.103000000000    5675579.348069567233
          0.104000000000    5463305.324988828972
          0.105000000000    5263534.105587734841
          0.106000000000    5075486.493391777389
          0.107000000000    4898418.003993936814
          0.108000000000    4731618.781389513984
          0.109000000000    4574413.381355367601
          0.110000000000    4426160.431629688479
          0.111000000000    4286252.178640420549
          0.112000000000    4154113.930466124788
          0.113000000000    4029203.405596180353
          0.114000000000    3911009.996893470641
          0.115000000000    3799053.959954523016
          0.116000000000    3692885.534814885352
          0.117000000000    3592084.009665539954
          0.118000000000    3496256.734933430795
          0.119000000000    3405038.095740062185
          0.120000000000    3318088.450391390827
          0.121000000000    3235093.042172623333
          0.122000000000    3155760.891328874510
          0.123000000000    3079823.673708856106
          0.124000000000    3007034.592138836626
          0.125000000000    2937167.246180529706
          0.126000000000    2870014.505513176322
          0.127000000000    2805387.391768956091
          0.128000000000    2743113.973245792091
          0.129000000000    2683038.276523740962
          0.130000000000    2625019.218623717781
          0.131000000000    2568929.562971472740
          0.132000000000    2514654.902067425661
          0.133000000000    2462092.669415543787
          0.134000000000    2411151.182932757307
          0.135000000000    2361748.721745893825
          0.136000000000    2313812.637985296547
          0.137000000000    2267278.504905213602
          0.138000000000    2222089.302399091423
          0.139000000000    2178194.640734408051
          0.140000000000    2135550.023105941247
          0.141000000000    2094116.147398022935
          0.142000000000    2053858.247354712104
          0.143000000000    2014745.473182323854
          0.144000000000    1976750.311448799446
          0.145000000000    1939848.044000378810
          0.146000000000    1904016.245485188439
          0.147000000000    1869234.318956057541
          0.148000000000    1835483.068919295911
          0.149000000000    1802744.311102134874
          0.150000000000    1771000.518127061659
          0.151000000000    1740234.500206709839
          0.152000000000    1710429.119905886007
          0.153000000000    1681567.039958198089
          0.154000000000    1653630.503071822459
          0.155000000000    1626601.142611716175
          0.156000000000    1600459.823003566824
          0.157000000000    1575186.508666808717
          0.158000000000    1550760.160250118468
          0.159000000000    1527158.656911987113
          0.160000000000    1504358.743361038389
          0.161000000000    1482336.000345583074
          0.162000000000    1461064.837258705869
          0.163000000000    1440518.505504489876
          0.164000000000    1420669.131252080202
          0.165000000000    1401487.766187676927
          0.166000000000    1382944.454859879101
          0.167000000000    1365008.317201404367
          0.168000000000    1347647.644800429232
          0.169000000000    1330830.009487190284
          0.170000000000    1314522.382797311759
          0.171000000000    1298691.264871755848
          0.172000000000    1283302.821355651133
          0.173000000000    1268323.026864015497
          0.174000000000    1253717.813592431834
          0.175000000000    1239453.223665147088
          0.176000000000    1225495.563831955427
          0.177000000000    1211811.561149396934
          0.178000000000    1198368.518310730811
          0.179000000000    1185134.467323806835
          0.180000000000    1172078.320275857113
          0.181000000000    1159170.015969945351
          0.182000000000    1146380.661269021221
          0.183000000000    1133682.666040531127
          0.184000000000    1121049.870657005580
          0.185000000000    1108457.665075978497
          0.186000000000    1095883.098595859250
          0.187000000000    1083304.979462413117
          0.188000000000    1070703.963583385106
          0.189000000000    1058062.631695780903
          0.190000000000    1045365.554421233712
          0.191000000000    1032599.344738902641
          0.192000000000    1019752.697502305848
          0.193000000000    1006816.415725466213
          0.194000000000     993783.423464202089
          0.195000000000     980648.765219730674
          0.196000000000     967409.591893187258
          0.197000000000     954065.133420420694
          0.198000000000     940616.658315925975
          0.199000000000     927067.420452118386
          0.200000000000     913422.593494750792
          0.201000000000     899689.193506226642
          0.202000000000     885875.990315340809
          0.203000000000     871993.408333826694
          0.204000000000     858053.417576260166
          0.205000000000     844069.415710006026
          0.206000000000     830056.102025156142
          0.207000000000     816029.344270511647
          0.208000000000     802006.039350053761
          0.209000000000     788003.968914648984
          0.210000000000     774041.650915714097
          0.211000000000     760138.188210884924
          0.212000000000     746313.115326246130
          0.213000000000     732586.244485449279
          0.214000000000     718977.512012732681
          0.215000000000     705506.826204927755
          0.216000000000     692193.917746812222
          0.217000000000     679058.193715054425
          0.218000000000     666118.596178661566
          0.219000000000     653393.466358861420
          0.220000000000     640900.415258764406
          0.221000000000     628656.201614032383
          0.222000000000     616676.617950002779
          0.223000000000     604976.385459544021
          0.224000000000     593569.058339513605
          0.225000000000     582466.938142953441
          0.226000000000     571680.998619920225
          0.227000000000     561220.821432554862
          0.228000000000     551094.543040757184
          0.229000000000     541308.812964223558
          0.230000000000     531868.763535440434
          0.231000000000     522777.991167399625
          0.232000000000     514038.549069959729
          0.233000000000     505650.951260763919
          0.234000000000     497614.187631120090
          0.235000000000     489925.749744987465
          0.236000000000     482581.666970882332
          0.237000000000     475576.552472637966
          0.238000000000     468903.658516230120
          0.239000000000     462554.940486743290
          0.240000000000     456521.128952469851
          0.241000000000     450791.809062559332
          0.242000000000     445355.506520847499
          0.243000000000     440199.779341769812
          0.244000000000     435311.314564840752
          0.245000000000     430676.029082157358
          0.246000000000     426279.173718817416
          0.247000000000     422105.439699051145
          0.248000000000     418139.066631156194
          0.249000000000     414363.951151891437
          0.250000000000     410763.755385523837
          0.251000000000     407322.014394132362
          0.252000000000     404022.241823585820
          0.253000000000     400848.032983503246
          0.254000000000     397783.164639087103
          0.255000000000     394811.690837488801
          0.256000000000     391918.034140799195
          0.257000000000     389087.071691378253
          0.258000000000     386304.215592402790
          0.259000000000     383555.487146716041
          0.260000000000     380827.584559627401
          0.261000000000     378107.943775692722
          0.262000000000     375384.792185006430
          0.263000000000     372647.195000669744
          0.264000000000     369885.094175112550
          0.265000000000     367089.339788344456
          0.266000000000     364251.713905443728
          0.267000000000     361364.946962989925
          0.268000000000     358422.726804339909
          0.269000000000     355419.700541052676
          0.270000000000     352351.469471963646
          0.271000000000     349214.577342013014
          0.272000000000     346006.492269551964
          0.273000000000     342725.582713173528
          0.274000000000     339371.087886896625
          0.275000000000     335943.083065513347
          0.276000000000     332442.440249959589
          0.277000000000     328870.784685562190
          0.278000000000     325230.447743861761
          0.279000000000     321524.416691401741
          0.280000000000     317756.281876504247
          0.281000000000     313930.181867575564
          0.282000000000     310050.747074173181
          0.283000000000     306123.042374964687
          0.284000000000     302152.509265099477
          0.285000000000     298144.908019664930
          0.286000000000     294106.260349966586
          0.287000000000     290042.793005858839
          0.288000000000     285960.882750415418
          0.289000000000     281867.003103353491
          0.290000000000     277767.673217131582
          0.291000000000     273669.409214949468
          0.292000000000     269578.678283372021
          0.293000000000     265501.855774399359
          0.294000000000     261445.185532952484
          0.295000000000     257414.743626284442
          0.296000000000     253416.405612189585
          0.297000000000     249455.817443535489
          0.298000000000     245538.370067799813
          0.299000000000     241669.177742483123
          0.300000000000     237853.060050727305
