          0.001000000000  146278385.578975349665
          0.002000000000  146130007.594101637602
          0.003000000000  145883031.681743860245
          0.004000000000  145537937.916259706020
          0.005000000000  145095396.367309391499
          0.006000000000  144556265.075047343969
          0.007000000000  143921587.460506170988
          0.008000000000  143192589.181361705065
          0.009000000000  142370674.445448726416
          0.010000000000  141457421.796477645636
          0.011000000000  140454579.388474047184
          0.012000000000  139364059.767399519682
          0.013000000000  138187934.180300474167
          0.014000000000  136928426.434112101793
          0.015000000000  135587906.327910363674
          0.016000000000  134168882.683983176947
          0.017000000000  132673996.004533126950
          0.018000000000  131106010.782145649195
          0.019000000000  129467807.493355914950
          0.020000000000  127762374.305698797107
          0.021000000000  125992798.529554739594
          0.022000000000  124162257.846872761846
          0.023000000000  122274011.349484086037
          0.024000000000  120331390.420218303800
          0.025000000000  118337789.490344792604
          0.026000000000  116296656.707067400217
          0.027000000000  114211484.544833362103
          0.028000000000  112085800.394107490778
          0.029000000000  109923157.160996153951
          0.030000000000  107727123.910729497671
          0.031000000000  105501276.587440729141
          0.032000000000  103249188.842032179236
          0.033000000000  100974422.999089419842
          0.034000000000   98680521.192886635661
          0.035000000000   96370996.701455667615
          0.036000000000   94049325.506535604596
          0.037000000000   91718938.105931743979
          0.038000000000   89383211.603445291519
          0.039000000000   87045462.100056141615
          0.040000000000   84708937.408497050405
          0.041000000000   82376810.111717358232
          0.042000000000   80052170.984051808715
          0.043000000000   77738022.792143881321
          0.044000000000   75437274.490875706077
          0.045000000000   73152735.827717408538
          0.046000000000   70887112.367033377290
          0.047000000000   68643000.943989828229
          0.048000000000   66422885.555811204016
          0.049000000000   64229133.696219019592
          0.050000000000   62063993.137001685798
          0.051000000000   59929589.158767700195
          0.052000000000   57827922.231094241142
          0.053000000000   55760866.140452630818
          0.054000000000   53730166.562513373792
          0.055000000000   51737440.073706656694
          0.056000000000   49784173.595241487026
          0.057000000000   47871724.261174328625
          0.058000000000   46001319.700586698949
          0.059000000000   44174058.722468309104
          0.060000000000   42390912.390523493290
          0.061000000000   40652725.473830938339
          0.062000000000   38960218.258090503514
          0.063000000000   37313988.701082222164
          0.064000000000   35714514.914970248938
          0.065000000000   34162157.957172967494
          0.066000000000   32657164.910735163838
          0.067000000000   31199672.234439007938
          0.068000000000   29789709.362311765552
          0.069000000000   28427202.531711176038
          0.070000000000   27111978.818797357380
          0.071000000000   25843770.359940495342
          0.072000000000   24622218.737452730536
          0.073000000000   23446879.507977113128
          0.074000000000   22317226.851914457977
          0.075000000000   21232658.322409078479
          0.076000000000   20192499.672656312585
          0.077000000000   19196009.740620139986
          0.078000000000   18242385.370668284595
          0.079000000000   17330766.352130025625
          0.080000000000   16460240.355357645079
          0.081000000000   15629847.846522988752
          0.082000000000   14838586.963096277788
          0.083000000000   14085418.332732729614
          0.084000000000   13369269.819128053263
          0.085000000000   12689041.179287521169
          0.086000000000   12043608.617582762614
          0.087000000000   11431829.222938267514
          0.088000000000   10852545.276489052922
          0.089000000000   10304588.418074702844
          0.090000000000    9786783.660983696580
          0.091000000000    9297953.245418081060
          0.092000000000    8836920.322219459340
          0.093000000000    8402512.459464220330
          0.094000000000    7993564.965606126934
          0.095000000000    7608924.023899837397
          0.096000000000    7247449.633885717019
          0.097000000000    6908018.356741177849
          0.098000000000    6589525.862306848168
          0.099000000000    6290889.276570531540
          0.100000000000    6011049.329335517250
          0.101000000000    5748972.302706385963
          0.102000000000    5503651.781895156018
          0.103000000000    5274110.210675510578
          0.104000000000    5059400.254595369101
          0.105000000000    4858605.975791233592
          0.106000000000    4670843.823932744563
          0.107000000000    4495263.448458805680
          0.108000000000    4331048.337848131545
          0.109000000000    4177416.292193670757
          0.110000000000    4033619.735824005213
          0.111000000000    3898945.877133033238
          0.112000000000    3772716.723143441603
          0.113000000000    3654288.956638837699
          0.114000000000    3543053.683955768123
          0.115000000000    3438436.061729639303
          0.116000000000    3339894.811040348373
          0.117000000000    3246921.627504540142
          0.118000000000    3159040.495914028026
          0.119000000000    3075806.918025900610
          0.120000000000    2996807.062070863787
          0.121000000000    2921656.842465179041
          0.122000000000    2850000.938090021722
          0.123000000000    2781511.757343196310
          0.124000000000    2715888.357974162791
          0.125000000000    2652855.329487243202
          0.126000000000    2592161.645642167889
          0.127000000000    2533579.494299276732
          0.128000000000    2476903.091550614685
          0.129000000000    2421947.486751700286
          0.130000000000    2368547.364724269602
          0.131000000000    2316555.851040866226
          0.132000000000    2265843.325930144638
          0.133000000000    2216296.251961024944
          0.134000000000    2167816.020275434945
          0.135000000000    2120317.819747785106
          0.136000000000    2073729.533055221429
          0.137000000000    2027990.663249938982
          0.138000000000    1983051.294034923194
          0.139000000000    1938871.086559485411
          0.140000000000    1895418.315173472045
          0.141000000000    1852668.944210437825
          0.142000000000    1810605.747511843452
          0.143000000000    1769217.472059003077
          0.144000000000    1728498.046747117769
          0.145000000000    1688445.837018742692
          0.146000000000    1649062.945772595936
          0.147000000000    1610354.560679263668
          0.148000000000    1572328.347768379143
          0.149000000000    1534993.890903187916
          0.150000000000    1498362.176528268494
          0.151000000000    1462445.122865024721
          0.152000000000    1427255.152537291637
          0.153000000000    1392804.807436474366
          0.154000000000    1359106.404481435427
          0.155000000000    1326171.730792950839
          0.156000000000    1294011.776685699821
          0.157000000000    1262636.504781580064
          0.158000000000    1232054.653466647025
          0.159000000000    1202273.572849068092
          0.160000000000    1173299.091326806229
          0.161000000000    1145135.410840232158
          0.162000000000    1117785.028865998611
          0.163000000000    1091248.685203121044
          0.164000000000    1065525.331609590445
          0.165000000000    1040612.122366927681
          0.166000000000    1016504.423879973241
          0.167000000000     993195.841458923533
          0.168000000000     970678.261479085544
          0.169000000000     948941.907170116785
          0.170000000000     927975.406349830911
          0.171000000000     907765.869486569078
          0.172000000000     888298.976548348903
          0.173000000000     869559.071175006917
          0.174000000000     851529.260790961329
          0.175000000000     834191.521359859849
          0.176000000000     817526.805567644071
          0.177000000000     801515.153306685737
          0.178000000000     786135.803419841337
          0.179000000000     771367.305749051040
          0.180000000000     757187.632617758703
          0.181000000000     743574.288959382218
          0.182000000000     730504.420385102159
          0.183000000000     717954.918562525534
          0.184000000000     705902.523352349526
          0.185000000000     694323.921222389559
          0.186000000000     683195.839527219883
          0.187000000000     672495.136306721251
          0.188000000000     662198.885318197776
          0.189000000000     652284.456074015005
          0.190000000000     642729.588710002718
          0.191000000000     633512.463559154887
          0.192000000000     624611.765350301866
          0.193000000000     616006.741992673371
          0.194000000000     607677.257944538724
          0.195000000000     599603.842197554535
          0.196000000000     591767.730938288849
          0.197000000000     584150.904974600882
          0.198000000000     576736.122037530062
          0.199000000000     569506.944089078344
          0.200000000000     562447.759783090791
          0.201000000000     555543.802240509540
          0.202000000000     548781.162311807624
          0.203000000000     542146.797508661519
          0.204000000000     535628.536794057582
          0.205000000000     529215.081425305922
          0.206000000000     522896.002048117574
          0.207000000000     516661.732241990685
          0.208000000000     510503.558718221553
          0.209000000000     504413.608371608774
          0.210000000000     498384.832386010850
          0.211000000000     492410.987592166231
          0.212000000000     486486.615273875068
          0.213000000000     480607.017615969293
          0.214000000000     474768.231984422426
          0.215000000000     468967.003225738881
          0.216000000000     463200.754169365391
          0.217000000000     457467.554513523472
          0.218000000000     451766.088271391927
          0.219000000000     446095.619951317844
          0.220000000000     440455.959641449328
          0.221000000000     434847.427166064037
          0.222000000000     429270.815477863769
          0.223000000000     423727.353447604692
          0.224000000000     418218.668209615338
          0.225000000000     412746.747219029407
          0.226000000000     407313.900173872942
          0.227000000000     401922.720952444128
          0.228000000000     396576.049713718938
          0.229000000000     391276.935305673862
          0.230000000000     386028.598123508040
          0.231000000000     380834.393556602707
          0.232000000000     375697.776159693021
          0.233000000000     370622.264680110035
          0.234000000000     365611.408068964258
          0.235000000000     360668.752599848201
          0.236000000000     355797.810213846038
          0.237000000000     351002.028204508300
          0.238000000000     346284.760350788303
          0.239000000000     341649.239599800087
          0.240000000000     337098.552394629747
          0.241000000000     332635.614735287207
          0.242000000000     328263.150053239486
          0.243000000000     323983.668971800827
          0.244000000000     319799.451016035629
          0.245000000000     315712.528326720465
          0.246000000000     311724.671423394000
          0.247000000000     307837.377051612712
          0.248000000000     304051.858139254502
          0.249000000000     300369.035876181850
          0.250000000000     296789.533920775342
          0.251000000000     293313.674725888530
          0.252000000000     289941.477965724829
          0.253000000000     286672.661034025950
          0.254000000000     283506.641572925204
          0.255000000000     280442.541980867391
          0.256000000000     277479.195837275533
          0.257000000000     274615.156171175768
          0.258000000000     271848.705490894150
          0.259000000000     269177.867482255737
          0.260000000000     266600.420273579191
          0.261000000000     264113.911157130555
          0.262000000000     261715.672648840118
          0.263000000000     259402.839760800358
          0.264000000000     257172.368354679027
          0.265000000000     255021.054438547988
          0.266000000000     252945.554264908598
          0.267000000000     250942.405083899823
          0.268000000000     249008.046402806620
          0.269000000000     247138.841601135005
          0.270000000000     245331.099749653513
          0.271000000000     243581.097481943230
          0.272000000000     241885.100768170058
          0.273000000000     240239.386442965304
          0.274000000000     238640.263342486374
          0.275000000000     237084.092909852014
          0.276000000000     235567.309133279225
          0.277000000000     234086.437687230413
          0.278000000000     232638.114153757313
          0.279000000000     231219.101208922802
          0.280000000000     229826.304667610588
          0.281000000000     228456.788289177755
          0.282000000000     227107.787256158539
          0.283000000000     225776.720248531899
          0.284000000000     224461.200046849641
          0.285000000000     223159.042608670774
          0.286000000000     221868.274574254057
          0.287000000000     220587.139169095200
          0.288000000000     219314.100482768670
          0.289000000000     218047.846115355991
          0.290000000000     216787.288194566907
          0.291000000000     215531.562778347841
          0.292000000000     214280.027669209347
          0.293000000000     213032.258677680133
          0.294000000000     211788.044383042812
          0.295000000000     210547.379449836561
          0.296000000000     209310.456568368914
          0.297000000000     208077.657096651616
          0.298000000000     206849.540489692299
          0.299000000000     205626.832609838166
          0.300000000000     204410.413018894906
