          0.001000000000  151900444.509555011988
          0.002000000000  151748068.645059496164
          0.003000000000  151494425.563523501158
          0.004000000000  151139989.349444955587
          0.005000000000  150685421.815884113312
          0.006000000000  150131570.607724219561
          0.007000000000  149479466.775084614754
          0.008000000000  148730321.825896382332
          0.009000000000  147885524.268524497747
          0.010000000000  146946635.657235085964
          0.011000000000  145915386.155084609985
          0.012000000000  144793669.630565047264
          0.013000000000  143583538.306019932032
          0.014000000000  142287196.977434188128
          0.015000000000  140906996.826719820499
          0.016000000000  139445428.849020600319
          0.017000000000  137905116.918897598982
          0.018000000000  136288810.520462930202
          0.019000000000  134599377.167630344629
          0.020000000000  132839794.541659757495
          0.021000000000  131013142.374031618237
          0.022000000000  129122594.103461131454
          0.023000000000  127171408.336477562785
          0.024000000000  125162920.141525357962
          0.025000000000  123100532.206898242235
          0.026000000000  120987705.893098890781
          0.027000000000  118827952.210334092379
          0.028000000000  116624822.751844108105
          0.029000000000  114381900.613671705127
          0.030000000000  112102791.331190884113
          0.031000000000  109791113.862370446324
          0.032000000000  107450491.647251695395
          0.033000000000  105084543.772490859032
          0.034000000000  102696876.269147232175
          0.035000000000  100291073.571007266641
          0.036000000000   97870690.159862458706
          0.037000000000   95439242.423096939921
          0.038000000000   93000200.747825324535
          0.039000000000   90556981.874632135034
          0.040000000000   88112941.532654449344
          0.041000000000   85671367.376406684518
          0.042000000000   83235472.243313550949
          0.043000000000   80808387.749434813857
          0.044000000000   78393158.239331856370
          0.045000000000   75992735.104437589645
          0.046000000000   73609971.482687279582
          0.047000000000   71247617.350515812635
          0.048000000000   68908315.016655176878
          0.049000000000   66594595.025507658720
          0.050000000000   64308872.476161174476
          0.051000000000   62053443.761451721191
          0.052000000000   59830483.729797251523
          0.053000000000   57642043.270873852074
          0.054000000000   55490047.324578560889
          0.055000000000   53376293.311122499406
          0.056000000000   51302449.978541262448
          0.057000000000   49270056.662384912372
          0.058000000000   47280522.950901336968
          0.059000000000   45335128.747601345181
          0.060000000000   43435024.721755743027
          0.061000000000   41581233.136093586683
          0.062000000000   39774649.039760999382
          0.063000000000   38016041.813461273909
          0.064000000000   36306057.052652105689
          0.065000000000   34645218.773690499365
          0.066000000000   33033931.926940985024
          0.067000000000   31472485.200046945363
          0.068000000000   29961054.093870118260
          0.069000000000   28499704.252965938300
          0.070000000000   27088395.031944286078
          0.071000000000   25726983.278620403260
          0.072000000000   24415227.314514968544
          0.073000000000   23152791.093009468168
          0.074000000000   21939248.515293959528
          0.075000000000   20774087.884171426296
          0.076000000000   19656716.475789833814
          0.077000000000   18586465.209472000599
          0.078000000000   17562593.395990777761
          0.079000000000   16584293.544892759994
          0.080000000000   15650696.211810193956
          0.081000000000   14760874.867107771337
          0.082000000000   13913850.767685651779
          0.083000000000   13108597.814302707091
          0.084000000000   12344047.377386411652
          0.085000000000   11619093.074953585863
          0.086000000000   10932595.486978365108
          0.087000000000   10283386.791299106553
          0.088000000000    9670275.306958945468
          0.089000000000    9092049.931709330529
          0.090000000000    8547484.461277032271
          0.091000000000    8035341.778891573660
          0.092000000000    7554377.904488899745
          0.093000000000    7103345.893944255076
          0.094000000000    6680999.579635205679
          0.095000000000    6286097.144592796452
          0.096000000000    5917404.523457280360
          0.097000000000    5573698.624412085861
          0.098000000000    5253770.367220639251
          0.099000000000    4956427.533430083655
          0.100000000000    4680497.425731552765
          0.101000000000    4424829.334372529760
          0.102000000000    4188296.809400701430
          0.103000000000    3969799.738376474939
          0.104000000000    3768266.230019717012
          0.105000000000    3582654.305052396376
          0.106000000000    3411953.396259910893
          0.107000000000    3255185.660517771728
          0.108000000000    3111407.106214001775
          0.109000000000    2979708.540140262339
          0.110000000000    2859216.338523605838
          0.111000000000    2749093.047425569501
          0.112000000000    2648537.818243875168
          0.113000000000    2556786.684514584485
          0.114000000000    2473112.686627635267
          0.115000000000    2396825.851436797529
          0.116000000000    2327273.034065502230
          0.117000000000    2263837.629483556841
          0.118000000000    2205939.161656454671
          0.119000000000    2153032.758249763865
          0.120000000000    2104608.519006748218
          0.121000000000    2060190.786009061150
          0.122000000000    2019337.324079375016
          0.123000000000    1981638.419592525344
          0.124000000000    1946715.905930009903
          0.125000000000    1914222.123743041651
          0.126000000000    1883838.824083863990
          0.127000000000    1855276.022325703409
          0.128000000000    1828270.810620514210
          0.129000000000    1802586.136443251744
          0.130000000000    1778009.554543354316
          0.131000000000    1754351.959371441742
          0.132000000000    1731446.304773914395
          0.133000000000    1709146.317452674964
          0.134000000000    1687325.210374109447
          0.135000000000    1665874.401982829208
          0.136000000000    1644702.246734435903
          0.137000000000    1623732.782109377673
          0.138000000000    1602904.496909791138
          0.139000000000    1582169.125274868216
          0.140000000000    1561490.470480148681
          0.141000000000    1540843.262214282062
          0.142000000000    1520212.050655315164
          0.143000000000    1499590.140299228951
          0.144000000000    1478978.566128299804
          0.145000000000    1458385.114347609924
          0.146000000000    1437823.389566008933
          0.147000000000    1417311.929955130443
          0.148000000000    1396873.371587362839
          0.149000000000    1376533.662832892034
          0.150000000000    1356321.329387791688
          0.151000000000    1336266.790210731560
          0.152000000000    1316401.724366383394
          0.153000000000    1296758.488509213785
          0.154000000000    1277369.584493479691
          0.155000000000    1258267.176363563165
          0.156000000000    1239482.655764494091
          0.157000000000    1221046.254615263315
          0.158000000000    1202986.703707915498
          0.159000000000    1185330.935733256629
          0.160000000000    1168103.831089440733
          0.161000000000    1151328.004702404607
          0.162000000000    1135023.631977076642
          0.163000000000    1119208.311904950999
          0.164000000000    1103896.965276799165
          0.165000000000    1089101.765888395952
          0.166000000000    1074832.102581566200
          0.167000000000    1061094.569932329003
          0.168000000000    1047892.985381251201
          0.169000000000    1035228.430598080973
          0.170000000000    1023099.314882448292
          0.171000000000    1011501.458423840813
          0.172000000000    1000428.193276798702
          0.173000000000     989870.479950232548
          0.174000000000     979817.037562124198
          0.175000000000     970254.485571814585
          0.176000000000     961167.495170852635
          0.177000000000     952538.948488847818
          0.178000000000     944350.103852384142
          0.179000000000     936580.765421778662
          0.180000000000     929209.455621535308
          0.181000000000     922213.588875050656
          0.182000000000     915569.645251430571
          0.183000000000     909253.342731782352
          0.184000000000     903239.806903044810
          0.185000000000     897503.736988725723
          0.186000000000     892019.567227273597
          0.187000000000     886761.622709399206
          0.188000000000     881704.268885145313
          0.189000000000     876822.054049165687
          0.190000000000     872089.844208110939
          0.191000000000     867482.949826871627
          0.192000000000     862977.244039962068
          0.193000000000     858549.272000764380
          0.194000000000     854176.351123724598
          0.195000000000     849836.662053096108
          0.196000000000     845509.330266096513
          0.197000000000     841174.498288047500
          0.198000000000     836813.388562327134
          0.199000000000     832408.357078383793
          0.200000000000     827942.937916821567
          0.201000000000     823401.878921405645
          0.202000000000     818771.168753973208
          0.203000000000     814038.055629438371
          0.204000000000     809191.058064642595
          0.205000000000     804219.968006702606
          0.206000000000     799115.846733753569
          0.207000000000     793871.013943949016
          0.208000000000     788479.030467142933
          0.209000000000     782934.675048207748
          0.210000000000     777233.915661522653
          0.211000000000     771373.875822999631
          0.212000000000     765352.796369370655
          0.213000000000     759169.993174433825
          0.214000000000     752825.811268988298
          0.215000000000     746321.575825180160
          0.216000000000     739659.540457540657
          0.217000000000     732842.833282064530
          0.218000000000     725875.401161635993
          0.219000000000     718761.952551165479
          0.220000000000     711507.899339126539
          0.221000000000     704119.298064162838
          0.222000000000     696602.790866008494
          0.223000000000     688965.546509709908
          0.224000000000     681215.201800907613
          0.225000000000     673359.803688201704
          0.226000000000     665407.752326358925
          0.227000000000     657367.745351722930
          0.228000000000     649248.723598551704
          0.229000000000     641059.818462612224
          0.230000000000     632810.301096005947
          0.231000000000     624509.533595338813
          0.232000000000     616166.922323869658
          0.233000000000     607791.873487365548
          0.234000000000     599393.751063245465
          0.235000000000     590981.837163069751
          0.236000000000     582565.294889880228
          0.237000000000     574153.133734163130
          0.238000000000     565754.177535400959
          0.239000000000     557377.035020479932
          0.240000000000     549030.072915376863
          0.241000000000     540721.391612922424
          0.242000000000     532458.803366753273
          0.243000000000     524249.812969960389
          0.244000000000     516101.600866495923
          0.245000000000     508021.008633846533
          0.246000000000     500014.526767108997
          0.247000000000     492088.284687168198
          0.248000000000     484248.042889217671
          0.249000000000     476499.187142428593
          0.250000000000     468846.724646946241
          0.251000000000     461295.282050724898
          0.252000000000     453849.105225850886
          0.253000000000     446512.060701883107
          0.254000000000     439287.638652400288
          0.255000000000     432178.957330275385
          0.256000000000     425188.768847142463
          0.257000000000     418319.466193059692
          0.258000000000     411573.091393438634
          0.259000000000     404951.344701846421
          0.260000000000     398455.594729247794
          0.261000000000     392086.889412607765
          0.262000000000     385845.967728417716
          0.263000000000     379733.272059687297
          0.264000000000     373748.961128085910
          0.265000000000     367892.923406345362
          0.266000000000     362164.790929509618
          0.267000000000     356563.953427294502
          0.268000000000     351089.572703540383
          0.269000000000     345740.597192483663
          0.270000000000     340515.776625397732
          0.271000000000     335413.676744887314
          0.272000000000     330432.694007893850
          0.273000000000     325571.070222128241
          0.274000000000     320826.907064278144
          0.275000000000     316198.180431832676
          0.276000000000     311682.754583799862
          0.277000000000     307278.396028868738
          0.278000000000     302982.787122757989
          0.279000000000     298793.539339549025
          0.280000000000     294708.206184646871
          0.281000000000     290724.295719886431
          0.282000000000     286839.282673839072
          0.283000000000     283050.620112943405
          0.284000000000     279355.750651428360
          0.285000000000     275752.117180237838
          0.286000000000     272237.173097310122
          0.287000000000     268808.392023548018
          0.288000000000     265463.276990735903
          0.289000000000     262199.369089467626
          0.290000000000     259014.255566842097
          0.291000000000     255905.577365343925
          0.292000000000     252871.036095871154
          0.293000000000     249908.400439388235
          0.294000000000     247015.511973120680
          0.295000000000     244190.290418623568
          0.296000000000     241430.738310428686
          0.297000000000     238734.945085309184
          0.298000000000     236101.090593550267
          0.299000000000     233527.448034905043
          0.300000000000     231012.386323244282
