          0.001000000000  145210968.939545720816
          0.002000000000  145069752.502874404192
          0.003000000000  144834686.384411573410
          0.004000000000  144506211.593129634857
          0.005000000000  144084943.735112309456
          0.006000000000  143571671.215300858021
          0.007000000000  142967352.937189817429
          0.008000000000  142273115.509168177843
          0.009000000000  141490249.968108206987
          0.010000000000  140620208.032551974058
          0.011000000000  139664597.899664610624
          0.012000000000  138625179.601769030094
          0.013000000000  137503859.939899861813
          0.014000000000  136302687.013376802206
          0.015000000000  135023844.365825474262
          0.016000000000  133669644.769453361630
          0.017000000000  132242523.670656725764
          0.018000000000  130745032.321176871657
          0.019000000000  129179830.620113462210
          0.020000000000  127549679.693017899990
          0.021000000000  125857434.235139846802
          0.022000000000  124106034.646595552564
          0.023000000000  122298498.987830281258
          0.024000000000  120437914.784209743142
          0.025000000000  118527430.708912521601
          0.026000000000  116570248.173529118299
          0.027000000000  114569612.855845212936
          0.028000000000  112528806.194279149175
          0.029000000000  110451136.878273934126
          0.030000000000  108339932.363670378923
          0.031000000000  106198530.441691994667
          0.032000000000  104030270.889677360654
          0.033000000000  101838487.231033951044
          0.034000000000   99626498.631192177534
          0.035000000000   97397601.955477118492
          0.036000000000   95155064.013876721263
          0.037000000000   92902114.016667738557
          0.038000000000   90641936.263711869717
          0.039000000000   88377663.089055404067
          0.040000000000   86112368.081172615290
          0.041000000000   83849059.597833380103
          0.042000000000   81590674.593180835247
          0.043000000000   79340072.773118078709
          0.044000000000   77100031.093602374196
          0.045000000000   74873238.614870458841
          0.046000000000   72662291.723043799400
          0.047000000000   70469689.728945374489
          0.048000000000   68297830.852317556739
          0.049000000000   66149008.598006844521
          0.050000000000   64025408.529025360942
          0.051000000000   61929105.439765185118
          0.052000000000   59862060.931029699743
          0.053000000000   57826121.386925779283
          0.054000000000   55823016.352102607489
          0.055000000000   53854357.306274689734
          0.056000000000   51921636.831470452249
          0.057000000000   50026228.165999352932
          0.058000000000   48169385.137726709247
          0.059000000000   46352242.467915877700
          0.060000000000   44575816.435616448522
          0.061000000000   42841005.891372166574
          0.062000000000   41148593.607895784080
          0.063000000000   39499247.954294487834
          0.064000000000   37893524.879463285208
          0.065000000000   36331870.189366906881
          0.066000000000   34814622.102130830288
          0.067000000000   33342014.064139325172
          0.068000000000   31914177.809719182551
          0.069000000000   30531146.646444443613
          0.070000000000   29192858.947656974196
          0.071000000000   27899161.833442416042
          0.072000000000   26649815.021039124578
          0.073000000000   25444494.825485974550
          0.074000000000   24282798.291230615228
          0.075000000000   23164247.435427270830
          0.076000000000   22088293.583739750087
          0.077000000000   21054321.779639516026
          0.078000000000   20061655.248442888260
          0.079000000000   19109559.897658511996
          0.080000000000   18197248.835622444749
          0.081000000000   17323886.890869412571
          0.082000000000   16488595.115227812901
          0.083000000000   15690455.254226366058
          0.084000000000   14928514.169057900086
          0.085000000000   14201788.195052186027
          0.086000000000   13509267.422370254993
          0.087000000000   12849919.885427437723
          0.088000000000   12222695.648391500115
          0.089000000000   11626530.774968307465
          0.090000000000   11060351.171585893258
          0.091000000000   10523076.294001579285
          0.092000000000   10013622.708294060081
          0.093000000000    9530907.498147290200
          0.094000000000    9073851.511284423992
          0.095000000000    8641382.438867166638
          0.096000000000    8232437.722624867223
          0.097000000000    7845967.285422781482
          0.098000000000    7480936.081911130808
          0.099000000000    7136326.466810822487
          0.100000000000    6811140.379288429394
          0.101000000000    6504401.342742634937
          0.102000000000    6215156.280168238096
          0.103000000000    5942477.146075752564
          0.104000000000    5685462.376722234301
          0.105000000000    5443238.161150050350
          0.106000000000    5214959.536231434904
          0.107000000000    4999811.309576532803
          0.108000000000    4797008.814778368920
          0.109000000000    4605798.504039064050
          0.110000000000    4425458.383745613508
          0.111000000000    4255298.299040016718
          0.112000000000    4094660.073856524657
          0.113000000000    3942917.513278074563
          0.114000000000    3799476.275393967051
          0.115000000000    3663773.620122212451
          0.116000000000    3535278.042692188639
          0.117000000000    3413488.799668496009
          0.118000000000    3297935.335533610079
          0.119000000000    3188176.617938993499
          0.120000000000    3083800.389780548867
          0.121000000000    2984422.346258081961
          0.122000000000    2889685.245039746165
          0.123000000000    2799257.957575270440
          0.124000000000    2712834.469485418871
          0.125000000000    2630132.837804456241
          0.126000000000    2550894.112667724025
          0.127000000000    2474881.230821003206
          0.128000000000    2401877.888084337581
          0.129000000000    2331687.397633227985
          0.130000000000    2264131.540666581597
          0.131000000000    2199049.415716874879
          0.132000000000    2136296.292525376193
          0.133000000000    2075742.476057567401
          0.134000000000    2017272.185872883070
          0.135000000000    1960782.455691527575
          0.136000000000    1906182.057622069260
          0.137000000000    1853390.455128745642
          0.138000000000    1802336.788429875858
          0.139000000000    1752958.895630507264
          0.140000000000    1705202.372505542357
          0.141000000000    1659019.673466613051
          0.142000000000    1614369.255868409062
          0.143000000000    1571214.769440463278
          0.144000000000    1529524.292269681813
          0.145000000000    1489269.614409563132
          0.146000000000    1450425.569854759378
          0.147000000000    1412969.417296565836
          0.148000000000    1376880.269766597310
          0.149000000000    1342138.572983926628
          0.150000000000    1308725.631945844274
          0.151000000000    1276623.185045326361
          0.152000000000    1245813.024759386433
          0.153000000000    1216276.663733003894
          0.154000000000    1187995.044882618589
          0.155000000000    1160948.293962502619
          0.156000000000    1135115.512876077322
          0.157000000000    1110474.611872535199
          0.158000000000    1087002.178647149587
          0.159000000000    1064673.382260616403
          0.160000000000    1043461.909708664869
          0.161000000000    1023339.932907546405
          0.162000000000    1004278.103812931571
          0.163000000000     986245.575359013281
          0.164000000000     969210.045890257228
          0.165000000000     953137.824759461801
          0.166000000000     937993.916781825712
          0.167000000000     923742.123264657450
          0.168000000000     910345.157375202863
          0.169000000000     897764.771663755295
          0.170000000000     885961.895625073928
          0.171000000000     874896.781256587943
          0.172000000000     864529.154656454106
          0.173000000000     854818.371796728345
          0.174000000000     845723.576706069056
          0.175000000000     837203.860401071724
          0.176000000000     829218.419014958548
          0.177000000000     821726.709685517941
          0.178000000000     814688.602880269871
          0.179000000000     808064.529954603291
          0.180000000000     801815.624857456540
          0.181000000000     795903.859017959330
          0.182000000000     790292.168564534048
          0.183000000000     784944.573144665570
          0.184000000000     779826.285727880662
          0.185000000000     774903.812886178493
          0.186000000000     770145.045154170250
          0.187000000000     765519.337175401743
          0.188000000000     760997.577440926922
          0.189000000000     756552.247520998470
          0.190000000000     752157.470780169358
          0.191000000000     747789.050649990095
          0.192000000000     743424.498611506075
          0.193000000000     739043.052111793892
          0.194000000000     734625.682704502251
          0.195000000000     730155.094763931003
          0.196000000000     725615.715175305260
          0.197000000000     720993.674450833700
          0.198000000000     716276.779761609621
          0.199000000000     711454.480409874232
          0.200000000000     706517.826294433326
          0.201000000000     701459.419944462017
          0.202000000000     696273.362713656155
          0.203000000000     690955.195737887756
          0.204000000000     685501.836265657563
          0.205000000000     679911.509971596883
          0.206000000000     674183.679859828320
          0.207000000000     668318.972356021055
          0.208000000000     662319.101175126969
          0.209000000000     656186.789536197553
          0.210000000000     649925.691276766825
          0.211000000000     643540.311397415237
          0.212000000000     637035.926542606670
          0.213000000000     630418.505897067371
          0.214000000000     623694.632948239916
          0.215000000000     616871.428534921142
          0.216000000000     609956.475570596172
          0.217000000000     602957.745797335519
          0.218000000000     595883.528892774484
          0.219000000000     588742.364219120122
          0.220000000000     581542.975469313911
          0.221000000000     574294.208431863110
          0.222000000000     567004.972062715213
          0.223000000000     559684.183019906399
          0.224000000000     552340.713785028434
          0.225000000000     544983.344464803580
          0.226000000000     537620.718336515827
          0.227000000000     530261.301172858919
          0.228000000000     522913.344354966655
          0.229000000000     515584.851757206605
          0.230000000000     508283.550363831630
          0.231000000000     501016.864555653941
          0.232000000000     493791.893984991882
          0.233000000000     486615.394938807469
          0.234000000000     479493.765073616698
          0.235000000000     472433.031391162949
          0.236000000000     465438.841311107739
          0.237000000000     458516.456686071062
          0.238000000000     451670.750595145626
          0.239000000000     444906.206744620227
          0.240000000000     438226.921298746835
          0.241000000000     431636.606959325029
          0.242000000000     425138.599110056995
          0.243000000000     418735.863840489299
          0.244000000000     412431.007664410921
          0.245000000000     406226.288748967228
          0.246000000000     400123.629473297333
          0.247000000000     394124.630139087152
          0.248000000000     388230.583660022006
          0.249000000000     382442.491062584333
          0.250000000000     376761.077636830742
          0.251000000000     371186.809582712711
          0.252000000000     365719.911004962167
          0.253000000000     360360.381117512763
          0.254000000000     355108.011526807677
          0.255000000000     349962.403471960512
          0.256000000000     344922.984908653947
          0.257000000000     339989.027332650498
          0.258000000000     335159.662247901608
          0.259000000000     330433.897193311481
          0.260000000000     325810.631251268438
          0.261000000000     321288.669969901384
          0.262000000000     316866.739639825944
          0.263000000000     312543.500874557823
          0.264000000000     308317.561452047492
          0.265000000000     304187.488382741227
          0.266000000000     300151.819177094614
          0.267000000000     296209.072292748257
          0.268000000000     292357.756748390966
          0.269000000000     288596.380897776689
          0.270000000000     284923.460363376595
          0.271000000000     281337.525134739000
          0.272000000000     277837.125841807632
          0.273000000000     274420.839218156063
          0.274000000000     271087.272773422475
          0.275000000000     267835.068698083691
          0.276000000000     264662.907027175883
          0.277000000000     261569.508092628035
          0.278000000000     258553.634296511125
          0.279000000000     255614.091239800473
          0.280000000000     252749.728243142454
          0.281000000000     249959.438297683897
          0.282000000000     247242.157485238567
          0.283000000000     244596.863908004249
          0.284000000000     242022.576168613043
          0.285000000000     239518.351441698440
          0.286000000000     237083.283178187790
          0.287000000000     234716.498483427713
          0.288000000000     232417.155209832941
          0.289000000000     230184.438804197969
          0.290000000000     228017.558949054830
          0.291000000000     225915.746036514000
          0.292000000000     223878.247511984053
          0.293000000000     221904.324123926752
          0.294000000000     219993.246114504727
          0.295000000000     218144.289384533331
          0.296000000000     216356.731664640043
          0.297000000000     214629.848722926923
          0.298000000000     212962.910637784953
          0.299000000000     211355.178162762400
          0.300000000000     209805.899208670220
