          0.001000000000  146928876.406486064196
          0.002000000000  146783703.041835576296
          0.003000000000  146542054.226037263870
          0.004000000000  146204389.186175525188
          0.005000000000  145771348.922349333763
          0.006000000000  145243754.298860371113
          0.007000000000  144622603.602831244469
          0.008000000000  143909069.579794406891
          0.009000000000  143104495.957799971104
          0.010000000000  142210393.473564088345
          0.011000000000  141228435.416091054678
          0.012000000000  140160452.705040454865
          0.013000000000  139008428.522858709097
          0.014000000000  137774492.521365731955
          0.015000000000  136460914.625050365925
          0.016000000000  135070098.454812645912
          0.017000000000  133604574.397228032351
          0.018000000000  132066992.345652922988
          0.019000000000  130460114.140639126301
          0.020000000000  128786805.738068670034
          0.021000000000  127050029.134345039725
          0.022000000000  125252834.078663453460
          0.023000000000  123398349.603003829718
          0.024000000000  121489775.400949269533
          0.025000000000  119530373.086745664477
          0.026000000000  117523457.366211578250
          0.027000000000  115472387.151142835617
          0.028000000000  113380556.648775503039
          0.029000000000  111251386.457623437047
          0.030000000000  109088314.700661823153
          0.031000000000  106894788.226322695613
          0.032000000000  104674253.907148480415
          0.033000000000  102430150.065207913518
          0.034000000000  100165898.052517041564
          0.035000000000   97884894.013719826937
          0.036000000000   95590500.857224106789
          0.037000000000   93286040.459774240851
          0.038000000000   90974786.128196701407
          0.039000000000   88659955.340657249093
          0.040000000000   86344702.788359418511
          0.041000000000   84032113.737069755793
          0.042000000000   81725197.726292878389
          0.043000000000   79426882.622291207314
          0.044000000000   77140009.039449289441
          0.045000000000   74867325.142783075571
          0.046000000000   72611481.842640161514
          0.047000000000   70375028.390878334641
          0.048000000000   68160408.386027827859
          0.049000000000   65969956.193169444799
          0.050000000000   63805893.782489344478
          0.051000000000   61670327.988707073033
          0.052000000000   59565248.191844120622
          0.053000000000   57492524.418096616864
          0.054000000000   55453905.857904493809
          0.055000000000   53451019.796691641212
          0.056000000000   51485370.952190168202
          0.057000000000   49558341.210736818612
          0.058000000000   47671189.753510706127
          0.059000000000   45825053.562282189727
          0.060000000000   44020948.292972199619
          0.061000000000   42259769.504090338945
          0.062000000000   40542294.225996062160
          0.063000000000   38869182.855891510844
          0.064000000000   37240981.362499557436
          0.065000000000   35658123.783532686532
          0.066000000000   34120934.998301431537
          0.067000000000   32629633.757153265178
          0.068000000000   31184335.948875907809
          0.069000000000   29785058.086738619953
          0.070000000000   28431720.993490912020
          0.071000000000   27124153.665375035256
          0.072000000000   25862097.295051142573
          0.073000000000   24645209.433266494423
          0.074000000000   23473068.269131060690
          0.075000000000   22345177.008985616267
          0.076000000000   21260968.334053128958
          0.077000000000   20219808.917365983129
          0.078000000000   19221003.980835363269
          0.079000000000   18263801.873783092946
          0.080000000000   17347398.654787756503
          0.081000000000   16470942.659289054573
          0.082000000000   15633539.036057140678
          0.083000000000   14834254.236350048333
          0.084000000000   14072120.440353455022
          0.085000000000   13346139.906316496432
          0.086000000000   12655289.228657247499
          0.087000000000   11998523.492207454517
          0.088000000000   11374780.310695033520
          0.089000000000   10782983.738514060155
          0.090000000000   10222048.045803271234
          0.091000000000    9690881.347840195522
          0.092000000000    9188389.080749992281
          0.093000000000    8713477.316525010392
          0.094000000000    8265055.911343618296
          0.095000000000    7842041.482162943110
          0.096000000000    7443360.207533486187
          0.097000000000    7067950.449538974091
          0.098000000000    6714765.194700145163
          0.099000000000    6382774.312588941306
          0.100000000000    6070966.631779763848
          0.101000000000    5778351.833609420806
          0.102000000000    5503962.165027692914
          0.103000000000    5246853.972590046003
          0.104000000000    5006109.060372381471
          0.105000000000    4780835.875271590427
          0.106000000000    4570170.523792609572
          0.107000000000    4373277.625012565404
          0.108000000000    4189351.004952814430
          0.109000000000    4017614.238079179544
          0.110000000000    3857321.042090243194
          0.111000000000    3707755.532541030552
          0.112000000000    3568232.344186022878
          0.113000000000    3438096.626210898161
          0.114000000000    3316723.918757547624
          0.115000000000    3203519.918332232162
          0.116000000000    3097920.139823713340
          0.117000000000    2999389.482947816141
          0.118000000000    2907421.710978931747
          0.119000000000    2821538.849629161414
          0.120000000000    2741290.513893895317
          0.121000000000    2666253.170601048507
          0.122000000000    2596029.344282207545
          0.123000000000    2530246.773829243612
          0.124000000000    2468557.527213544119
          0.125000000000    2410637.081327713095
          0.126000000000    2356183.373765602242
          0.127000000000    2304915.833087594714
          0.128000000000    2256574.393827348016
          0.129000000000    2210918.502186636906
          0.130000000000    2167726.118038713001
          0.131000000000    2126792.718521147501
          0.132000000000    2087930.308148704469
          0.133000000000    2050966.440018135821
          0.134000000000    2015743.252312661847
          0.135000000000    1982116.523946541827
          0.136000000000    1949954.752822218928
          0.137000000000    1919138.259805926122
          0.138000000000    1889558.321165254805
          0.139000000000    1861116.331855023745
          0.140000000000    1833723.001688928343
          0.141000000000    1807297.586094606668
          0.142000000000    1781767.152821272146
          0.143000000000    1757065.885653045960
          0.144000000000    1733134.425879074726
          0.145000000000    1709919.251984205097
          0.146000000000    1687372.097753197653
          0.147000000000    1665449.408726913854
          0.148000000000    1644111.836712416261
          0.149000000000    1623323.771830158075
          0.150000000000    1603052.911381186452
          0.151000000000    1583269.864635776728
          0.152000000000    1563947.792481990764
          0.153000000000    1545062.080728606554
          0.154000000000    1526590.045731149847
          0.155000000000    1508510.670902498066
          0.156000000000    1490804.372579882387
          0.157000000000    1473452.793647950748
          0.158000000000    1456438.623262063134
          0.159000000000    1439745.440976434154
          0.160000000000    1423357.583557644160
          0.161000000000    1407260.032754211687
          0.162000000000    1391438.322296683677
          0.163000000000    1375878.462419139687
          0.164000000000    1360566.880220982945
          0.165000000000    1345490.374226569198
          0.166000000000    1330636.081548485206
          0.167000000000    1315991.456117088674
          0.168000000000    1301544.256503322162
          0.169000000000    1287282.541932658991
          0.170000000000    1273194.675164348213
          0.171000000000    1259269.330991029739
          0.172000000000    1245495.509198005078
          0.173000000000    1231862.550908402773
          0.174000000000    1218360.157329064095
          0.175000000000    1204978.410001230193
          0.176000000000    1191707.791749566095
          0.177000000000    1178539.207611614605
          0.178000000000    1165464.005116834771
          0.179000000000    1152473.993369530421
          0.180000000000    1139561.460472138366
          0.181000000000    1126719.188904542476
          0.182000000000    1113940.468550431309
          0.183000000000    1101219.107133094920
          0.184000000000    1088549.437889851397
          0.185000000000    1075926.324376607314
          0.186000000000    1063345.162351259030
          0.187000000000    1050801.878736851970
          0.188000000000    1038292.927712459816
          0.189000000000    1025815.284021548228
          0.190000000000    1013366.433624109719
          0.191000000000    1000944.361850332702
          0.192000000000     988547.539239870617
          0.193000000000     976174.905272183125
          0.194000000000     963825.850210053963
          0.195000000000     951500.195290509844
          0.196000000000     939198.171505164006
          0.197000000000     926920.397215717705
          0.198000000000     914667.854850417818
          0.199000000000     902441.866923767491
          0.200000000000     890244.071615265799
          0.201000000000     878076.398133573472
          0.202000000000     865941.042080684565
          0.203000000000     853840.441016749013
          0.204000000000     841777.250410537701
          0.205000000000     829754.320143266581
          0.206000000000     817774.671715392149
          0.207000000000     805841.476286815945
          0.208000000000     793958.033661421272
          0.209000000000     782127.752307158429
          0.210000000000     770354.130483153509
          0.211000000000     758640.738526055124
          0.212000000000     746991.202329019201
          0.213000000000     735409.188028740580
          0.214000000000     723898.387898947811
          0.215000000000     712462.507432874874
          0.216000000000     701105.253582665115
          0.217000000000     689830.324110408081
          0.218000000000     678641.397993888473
          0.219000000000     667542.126819946221
          0.220000000000     656536.127089920687
          0.221000000000     645626.973354690708
          0.222000000000     634818.192091760342
          0.223000000000     624113.256233153748
          0.224000000000     613515.580251044477
          0.225000000000     603028.515707512852
          0.226000000000     592655.347176033072
          0.227000000000     582399.288444666541
          0.228000000000     572263.478914765758
          0.229000000000     562250.980113941012
          0.230000000000     552364.772248094203
          0.231000000000     542607.750724301906
          0.232000000000     532982.722584128496
          0.233000000000     523492.402795462636
          0.234000000000     514139.410359917034
          0.235000000000     504926.264202313905
          0.236000000000     495855.378818397119
          0.237000000000     486929.059666703688
          0.238000000000     478149.498300295614
          0.239000000000     469518.767243634560
          0.240000000000     461038.814629287925
          0.241000000000     452711.458618004806
          0.242000000000     444538.381634238933
          0.243000000000     436521.124457006459
          0.244000000000     428661.080213129346
          0.245000000000     420959.488326347549
          0.246000000000     413417.428481324576
          0.247000000000     406035.814666277729
          0.248000000000     398815.389361709007
          0.249000000000     391756.717945508659
          0.250000000000     384860.183386505523
          0.251000000000     378125.981299367384
          0.252000000000     371554.115433587926
          0.253000000000     365144.393668123987
          0.254000000000     358896.424581195519
          0.255000000000     352809.614661725762
          0.256000000000     346883.166225037596
          0.257000000000     341116.076090695220
          0.258000000000     335507.135075001046
          0.259000000000     330054.928344414337
          0.260000000000     324757.836669515702
          0.261000000000     319614.038611750875
          0.262000000000     314621.513667529100
          0.263000000000     309778.046386079921
          0.264000000000     305081.231469130667
          0.265000000000     300528.479851888551
          0.266000000000     296117.025756132323
          0.267000000000     291843.934697578428
          0.268000000000     287706.112421094440
          0.269000000000     283700.314728917961
          0.270000000000     279823.158158907085
          0.271000000000     276071.131462012592
          0.272000000000     272440.607820783334
          0.273000000000     268927.857743776287
          0.274000000000     265529.062564391934
          0.275000000000     262240.328466859064
          0.276000000000     259057.700957036403
          0.277000000000     255977.179691228812
          0.278000000000     252994.733572611323
          0.279000000000     250106.316021915351
          0.280000000000     247307.880326950195
          0.281000000000     244595.394974229333
          0.282000000000     241964.858865490271
          0.283000000000     239412.316322217928
          0.284000000000     236933.871782431001
          0.285000000000     234525.704095895868
          0.286000000000     232184.080326631694
          0.287000000000     229905.368974998564
          0.288000000000     227686.052535785246
          0.289000000000     225522.739313496451
          0.290000000000     223412.174421468313
          0.291000000000     221351.249897381233
          0.292000000000     219337.013874236174
          0.293000000000     217366.678752789099
          0.294000000000     215437.628328734776
          0.295000000000     213547.423835595080
          0.296000000000     211693.808872142836
          0.297000000000     209874.713191293500
          0.298000000000     208088.255335582799
          0.299000000000     206332.744112633722
          0.300000000000     204606.678912238393
