          0.001000000000  149095608.641486614943
          0.002000000000  148939513.941460490227
          0.003000000000  148679701.226789772511
          0.004000000000  148316687.051733195782
          0.005000000000  147851192.349364906549
          0.006000000000  147284140.199659854174
          0.007000000000  146616652.975491225719
          0.008000000000  145850048.878156453371
          0.009000000000  144985837.876483976841
          0.010000000000  144025717.065974295139
          0.011000000000  142971565.466750502586
          0.012000000000  141825438.281282186508
          0.013000000000  140589560.634998619556
          0.014000000000  139266320.824883639812
          0.015000000000  137858263.103025615215
          0.016000000000  136368080.023864567280
          0.017000000000  134798604.385469019413
          0.018000000000  133152800.796639263630
          0.019000000000  131433756.902958914638
          0.020000000000  129644674.306052491069
          0.021000000000  127788859.211307406425
          0.022000000000  125869712.840127170086
          0.023000000000  123890721.643461495638
          0.024000000000  121855447.353802934289
          0.025000000000  119767516.913187623024
          0.026000000000  117630612.314835652709
          0.027000000000  115448460.396067842841
          0.028000000000  113224822.619901657104
          0.029000000000  110963484.882367894053
          0.030000000000  108668247.382054641843
          0.031000000000  106342914.587686777115
          0.032000000000  103991285.338694438338
          0.033000000000  101617143.112735614181
          0.034000000000   99224246.492994442582
          0.035000000000   96816319.866787806153
          0.036000000000   94397044.385652825236
          0.037000000000   91970049.215517461300
          0.038000000000   89538903.103982135653
          0.039000000000   87107106.289969444275
          0.040000000000   84678082.779235839844
          0.041000000000   82255173.007294014096
          0.042000000000   79841626.909382626414
          0.043000000000   77440597.415070146322
          0.044000000000   75055134.383037433028
          0.045000000000   72688178.989475592971
          0.046000000000   70342558.581415131688
          0.047000000000   68020982.004175499082
          0.048000000000   65726035.409972079098
          0.049000000000   63460178.552606232464
          0.050000000000   61225741.571043722332
          0.051000000000   59024922.262607641518
          0.052000000000   56859783.844475582242
          0.053000000000   54732253.200172871351
          0.054000000000   52644119.605824433267
          0.055000000000   50597033.929049670696
          0.056000000000   48592508.291600301862
          0.057000000000   46631916.185118146241
          0.058000000000   44716493.027770273387
          0.059000000000   42847337.147986434400
          0.060000000000   41025411.180088281631
          0.061000000000   39251543.855283826590
          0.062000000000   37526432.170271597803
          0.063000000000   35850643.914604298770
          0.064000000000   34224620.536968700588
          0.065000000000   32648680.329667087644
          0.066000000000   31123021.909836925566
          0.067000000000   29647727.975307881832
          0.068000000000   28222769.312489908189
          0.069000000000   26848009.033286608756
          0.070000000000   25523207.017759032547
          0.071000000000   24248024.539100442082
          0.072000000000   23022029.047445833683
          0.073000000000   21844699.089098643512
          0.074000000000   20715429.337935939431
          0.075000000000   19633535.716027535498
          0.076000000000   18598260.580882743001
          0.077000000000   17608777.957207489759
          0.078000000000   16664198.791611433029
          0.079000000000   15763576.209351351485
          0.080000000000   14905910.752911247313
          0.081000000000   14090155.583014151081
          0.082000000000   13315221.623513443395
          0.083000000000   12579982.632525818422
          0.084000000000   11883280.183134471998
          0.085000000000   11223928.537999425083
          0.086000000000   10600719.403262332082
          0.087000000000   10012426.548212315887
          0.088000000000    9457810.278283961117
          0.089000000000    8935621.750084031373
          0.090000000000    8444607.118275756016
          0.091000000000    7983511.505292131566
          0.092000000000    7551082.785989167169
          0.093000000000    7146075.180483468808
          0.094000000000    6767252.649539751932
          0.095000000000    6413392.087977803312
          0.096000000000    6083286.312650111504
          0.097000000000    5775746.842594014481
          0.098000000000    5489606.469985514879
          0.099000000000    5223721.621506873518
          0.100000000000    4976974.510687613860
          0.101000000000    4748275.082681053318
          0.102000000000    4536562.753796770237
          0.103000000000    4340807.948918239214
          0.104000000000    4160013.440692869015
          0.105000000000    3993215.495087470859
          0.106000000000    3839484.828554189764
          0.107000000000    3697927.382647398859
          0.108000000000    3567684.922473495360
          0.109000000000    3447935.465839320794
          0.110000000000    3337893.550392793957
          0.111000000000    3236810.346421432216
          0.112000000000    3143973.623290583957
          0.113000000000    3058707.577765037771
          0.114000000000    2980372.532666142564
          0.115000000000    2908364.514472518582
          0.116000000000    2842114.718578619417
          0.117000000000    2781088.870982598048
          0.118000000000    2724786.495185582899
          0.119000000000    2672740.093051140662
          0.120000000000    2624514.248298078775
          0.121000000000    2579704.661184859928
          0.122000000000    2537937.122792117298
          0.123000000000    2498866.437123673502
          0.124000000000    2462175.299029142130
          0.125000000000    2427573.135705093388
          0.126000000000    2394794.919259662740
          0.127000000000    2363599.957530727610
          0.128000000000    2333770.670032485388
          0.129000000000    2305111.355572577566
          0.130000000000    2277446.957734567113
          0.131000000000    2250621.834061140660
          0.132000000000    2224498.534404532984
          0.133000000000    2198956.593534846790
          0.134000000000    2173891.342716461513
          0.135000000000    2149212.744580328465
          0.136000000000    2124844.255237085745
          0.137000000000    2100721.717195573263
          0.138000000000    2076792.286274533253
          0.139000000000    2053013.395324580371
          0.140000000000    2029351.757214102428
          0.141000000000    2005782.409178453032
          0.142000000000    1982287.800287783146
          0.143000000000    1958856.923456550809
          0.144000000000    1935484.493098200066
          0.145000000000    1912170.169222541619
          0.146000000000    1888917.828482249752
          0.147000000000    1865734.882398693822
          0.148000000000    1842631.642737194197
          0.149000000000    1819620.733757933369
          0.150000000000    1796716.550841295626
          0.151000000000    1773934.764776102267
          0.152000000000    1751291.870805574348
          0.153000000000    1728804.781349214260
          0.154000000000    1706490.461159086786
          0.155000000000    1684365.603525845800
          0.156000000000    1662446.346023184014
          0.157000000000    1640748.024168660166
          0.158000000000    1619284.961283994606
          0.159000000000    1598070.292758084601
          0.160000000000    1577115.822850924218
          0.161000000000    1556431.912125671282
          0.162000000000    1536027.393558580428
          0.163000000000    1515909.515352066373
          0.164000000000    1496083.908463693690
          0.165000000000    1476554.576863118680
          0.166000000000    1457323.908538952004
          0.167000000000    1438392.705297629116
          0.168000000000    1419760.229425821686
          0.169000000000    1401424.265326013323
          0.170000000000    1383381.194280953379
          0.171000000000    1365626.080555925844
          0.172000000000    1348152.767107495340
          0.173000000000    1330953.979233017191
          0.174000000000    1314021.434565778356
          0.175000000000    1297345.957895827945
          0.176000000000    1280917.599375467049
          0.177000000000    1264725.754750424298
          0.178000000000    1248759.286342504667
          0.179000000000    1233006.643596100155
          0.180000000000    1217455.982089070603
          0.181000000000    1202095.279997587204
          0.182000000000    1186912.451093835756
          0.183000000000    1171895.453444934916
          0.184000000000    1157032.393070140155
          0.185000000000    1142311.621901343577
          0.186000000000    1127721.829478361877
          0.187000000000    1113252.127895271638
          0.188000000000    1098892.129596826155
          0.189000000000    1084632.017704303609
          0.190000000000    1070462.608627748676
          0.191000000000    1056375.406796396710
          0.192000000000    1042362.651410474791
          0.193000000000    1028417.355185765889
          0.194000000000    1014533.335126827471
          0.195000000000    1000705.235425506835
          0.196000000000     986928.542638223502
          0.197000000000     973199.593348312075
          0.198000000000     959515.574568377808
          0.199000000000     945874.517182049924
          0.200000000000     932275.282764721545
          0.201000000000     918717.544158709352
          0.202000000000     905201.760209856555
          0.203000000000     891729.145099777845
          0.204000000000     878301.632730930927
          0.205000000000     864921.836640416062
          0.206000000000     851593.005932845408
          0.207000000000     838318.977733140113
          0.208000000000     825104.126666433411
          0.209000000000     811953.311874913750
          0.210000000000     798871.822080057114
          0.211000000000     785865.319194075884
          0.212000000000     772939.780975988833
          0.213000000000     760101.443216289394
          0.214000000000     747356.741919548134
          0.215000000000     734712.255936868023
          0.216000000000     722174.650479906239
          0.217000000000     709750.621925700223
          0.218000000000     697446.844296671101
          0.219000000000     685269.917773520923
          0.220000000000     673226.319570183521
          0.221000000000     661322.357470121584
          0.222000000000     649564.126291992026
          0.223000000000     637957.467520659324
          0.224000000000     626507.932306534727
          0.225000000000     615220.748003026238
          0.226000000000     604100.788378181285
          0.227000000000     593152.547603192274
          0.228000000000     582380.118087092065
          0.229000000000     571787.172194270766
          0.230000000000     561376.947849366697
          0.231000000000     551152.238003018429
          0.232000000000     541115.383902063710
          0.233000000000     531268.272079071263
          0.234000000000     521612.334949149808
          0.235000000000     512148.554876467213
          0.236000000000     502877.471549430396
          0.237000000000     493799.192481842416
          0.238000000000     484913.406437859929
          0.239000000000     476219.399561234517
          0.240000000000     467716.073974283296
          0.241000000000     459401.968599224580
          0.242000000000     451275.281944211805
          0.243000000000     443333.896588342555
          0.244000000000     435575.405094369024
          0.245000000000     427997.137074580707
          0.246000000000     420596.187134505657
          0.247000000000     413369.443420490948
          0.248000000000     406313.616500876960
          0.249000000000     399425.268316352798
          0.250000000000     392700.840942900046
          0.251000000000     386136.684920590546
          0.252000000000     379729.086913113249
          0.253000000000     373474.296476235962
          0.254000000000     367368.551728215185
          0.255000000000     361408.103731403127
          0.256000000000     355589.239411704941
          0.257000000000     349908.302860946627
          0.258000000000     344361.714886555041
          0.259000000000     338945.990692848165
          0.260000000000     333657.755598732154
          0.261000000000     328493.758717279998
          0.262000000000     323450.884543583845
          0.263000000000     318526.162417999876
          0.264000000000     313716.773852514219
          0.265000000000     309020.057728033746
          0.266000000000     304433.513390008535
          0.267000000000     299954.801688588341
          0.268000000000     295581.744027463719
          0.269000000000     291312.319502471713
          0.270000000000     287144.660226818232
          0.271000000000     283077.044954305107
          0.272000000000     279107.891125103808
          0.273000000000     275235.745470381109
          0.274000000000     271459.273322249413
          0.275000000000     267777.246784215211
          0.276000000000     264188.531924290466
          0.277000000000     260692.075158356834
          0.278000000000     257286.888995095273
          0.279000000000     253972.037315899332
          0.280000000000     250746.620363639813
          0.281000000000     247609.759613007802
          0.282000000000     244560.582692459691
          0.283000000000     241598.208523584210
          0.284000000000     238721.732838065655
          0.285000000000     235930.214225432108
          0.286000000000     233222.660856519797
          0.287000000000     230598.018018179195
          0.288000000000     228055.156584264885
          0.289000000000     225592.862536550791
          0.290000000000     223209.827636990987
          0.291000000000     220904.641339834925
          0.292000000000     218675.784018612350
          0.293000000000     216521.621569124662
          0.294000000000     214440.401435361680
          0.295000000000     212430.250090914516
          0.296000000000     210489.171994051547
          0.297000000000     208615.050020351599
          0.298000000000     206805.647362696793
          0.299000000000     205058.610874744045
          0.300000000000     203371.475820692285
