          0.001000000000  139883833.902204394341
          0.002000000000  139755790.790275454521
          0.003000000000  139542637.528424590826
          0.004000000000  139244751.270415812731
          0.005000000000  138862658.567685782909
          0.006000000000  138397033.911886990070
          0.007000000000  137848697.870069026947
          0.008000000000  137218614.819260090590
          0.009000000000  136507890.288630783558
          0.010000000000  135717767.918817341328
          0.011000000000  134849626.049368709326
          0.012000000000  133904973.946570903063
          0.013000000000  132885447.685182601213
          0.014000000000  131792805.698805779219
          0.015000000000  130628924.014762744308
          0.016000000000  129395791.190418466926
          0.017000000000  128095502.968889743090
          0.018000000000  126730256.673002094030
          0.019000000000  125302345.357197776437
          0.020000000000  123814151.737858831882
          0.021000000000  122268141.923179268837
          0.022000000000  120666858.964308306575
          0.023000000000  119012916.249970182776
          0.024000000000  117308990.767176017165
          0.025000000000  115557816.250945597887
          0.026000000000  113762176.246163949370
          0.027000000000  111924897.104829803109
          0.028000000000  110048840.941955044866
          0.029000000000  108136898.573321238160
          0.030000000000  106191982.458137676120
          0.031000000000  104217019.669364213943
          0.032000000000  102214944.914160296321
          0.033000000000  100188693.626452907920
          0.034000000000   98141195.153124764562
          0.035000000000   96075366.054718568921
          0.036000000000   93994103.540883645415
          0.037000000000   91900279.060037940741
          0.038000000000   89796732.061909794807
          0.039000000000   87686263.950733110309
          0.040000000000   85571632.245928227901
          0.041000000000   83455544.966103732586
          0.042000000000   81340655.251161277294
          0.043000000000   79229556.236183166504
          0.044000000000   77124776.189663499594
          0.045000000000   75028773.927448987961
          0.046000000000   72943934.512571915984
          0.047000000000   70872565.249928638339
          0.048000000000   68816891.983516082168
          0.049000000000   66779055.702680729330
          0.050000000000   64761109.462582238019
          0.051000000000   62765015.622812196612
          0.052000000000   60792643.406846895814
          0.053000000000   58845766.783779054880
          0.054000000000   56926062.672537334263
          0.055000000000   55035109.467599347234
          0.056000000000   53174385.884020835161
          0.057000000000   51345270.118457384408
          0.058000000000   49549039.321735583246
          0.059000000000   47786869.377463147044
          0.060000000000   46059834.980129756033
          0.061000000000   44368910.005177475512
          0.062000000000   42714968.162578418851
          0.063000000000   41098783.924592725933
          0.064000000000   39521033.717550151050
          0.065000000000   37982297.366748265922
          0.066000000000   36483059.782861351967
          0.067000000000   35023712.877619311213
          0.068000000000   33604557.695954576135
          0.069000000000   32225806.751310393214
          0.070000000000   30887586.550375320017
          0.071000000000   29589940.293142981827
          0.072000000000   28332830.733901832253
          0.073000000000   27116143.188530512154
          0.074000000000   25939688.673316571862
          0.075000000000   24803207.160421293229
          0.076000000000   23706370.935087170452
          0.077000000000   22648788.039718799293
          0.078000000000   21630005.790069770068
          0.079000000000   20649514.348924923688
          0.080000000000   19706750.342885892838
          0.081000000000   18801100.508139438927
          0.082000000000   17931905.351416509598
          0.083000000000   17098462.812722306699
          0.084000000000   16300031.916844397783
          0.085000000000   15535836.401107871905
          0.086000000000   14805068.307358881459
          0.087000000000   14106891.526695769280
          0.088000000000   13440445.286049259827
          0.089000000000   12804847.566314922646
          0.090000000000   12199198.442377667874
          0.091000000000   11622583.336019605398
          0.092000000000   11074076.173376852646
          0.093000000000   10552742.439297705889
          0.094000000000   10057642.121653979644
          0.095000000000    9587832.539361365139
          0.096000000000    9142371.048575490713
          0.097000000000    8720317.622238812968
          0.098000000000    8320737.298859594390
          0.099000000000    7942702.497104017064
          0.100000000000    7585295.193472064100
          0.101000000000    7247608.961004408076
          0.102000000000    6928750.867629081942
          0.103000000000    6627843.233399626799
          0.104000000000    6344025.246498248540
          0.105000000000    6076454.438476297073
          0.106000000000    5824308.019778283313
          0.107000000000    5586784.077141326852
          0.108000000000    5363102.634979773313
          0.109000000000    5152506.583350896835
          0.110000000000    4954262.475552973337
          0.111000000000    4767661.198829010129
          0.112000000000    4592018.522037411109
          0.113000000000    4426675.524504875764
          0.114000000000    4270998.910595785826
          0.115000000000    4124381.214815791231
          0.116000000000    3986240.902516025584
          0.117000000000    3856022.371477545239
          0.118000000000    3733195.859834126197
          0.119000000000    3617257.265936058480
          0.120000000000    3507727.885867690668
          0.121000000000    3404154.074409750290
          0.122000000000    3306106.835282906424
          0.123000000000    3213181.346524475142
          0.124000000000    3124996.426835684106
          0.125000000000    3041193.948694231454
          0.126000000000    2961438.203957897611
          0.127000000000    2885415.227590103168
          0.128000000000    2812832.085020692088
          0.129000000000    2743416.128515047487
          0.130000000000    2676914.227764814626
          0.131000000000    2613091.979735170491
          0.132000000000    2551732.902608726639
          0.133000000000    2492637.618456568569
          0.134000000000    2435623.029044807889
          0.135000000000    2380521.488951430190
          0.136000000000    2327179.979925897904
          0.137000000000    2275459.290173930582
          0.138000000000    2225233.201994543429
          0.139000000000    2176387.690936813131
          0.140000000000    2128820.139382269699
          0.141000000000    2082438.567196581513
          0.142000000000    2037160.881832587998
          0.143000000000    1992914.150007840246
          0.144000000000    1949633.892824310577
          0.145000000000    1907263.405947651016
          0.146000000000    1865753.106219139881
          0.147000000000    1825059.905836620368
          0.148000000000    1785146.615012186579
          0.149000000000    1745981.373794899788
          0.150000000000    1707537.113537565107
          0.151000000000    1669791.048287900630
          0.152000000000    1632724.196197033627
          0.153000000000    1596320.930862777168
          0.154000000000    1560568.562361745164
          0.155000000000    1525456.947573531652
          0.156000000000    1490978.129262023838
          0.157000000000    1457126.003253569128
          0.158000000000    1423896.012939292938
          0.159000000000    1391284.870229020249
          0.160000000000    1359290.301997275325
          0.161000000000    1327910.820987107931
          0.162000000000    1297145.520074913977
          0.163000000000    1266993.888748706318
          0.164000000000    1237455.650612745201
          0.165000000000    1208530.620702996617
          0.166000000000    1180218.581379600102
          0.167000000000    1152519.175554191694
          0.168000000000    1125431.816010757815
          0.169000000000    1098955.609588036314
          0.170000000000    1073089.295008903136
          0.171000000000    1047831.193166675279
          0.172000000000    1023179.168709536083
          0.173000000000     999130.601801252458
          0.174000000000     975682.368978704326
          0.175000000000     952830.832073402009
          0.176000000000     930571.834214890725
          0.177000000000     908900.701987568405
          0.178000000000     887812.252868826850
          0.179000000000     867300.807134459494
          0.180000000000     847360.203476819326
          0.181000000000     827983.817641215399
          0.182000000000     809164.583446414559
          0.183000000000     790895.015614981181
          0.184000000000     773167.233898250735
          0.185000000000     755972.988038616488
          0.186000000000     739303.683167822310
          0.187000000000     723150.405294166529
          0.188000000000     707503.946583167068
          0.189000000000     692354.830185339553
          0.190000000000     677693.334411038784
          0.191000000000     663509.516095331521
          0.192000000000     649793.233035869780
          0.193000000000     636534.165423274972
          0.194000000000     623721.836216618540
          0.195000000000     611345.630446297349
          0.196000000000     599394.813452728093
          0.197000000000     587858.548091953504
          0.198000000000     576725.910958611174
          0.199000000000     565985.907692587120
          0.200000000000     555627.487448486732
          0.201000000000     545639.556616653223
          0.202000000000     536010.991891243495
          0.203000000000     526730.652784779435
          0.204000000000     517787.393690034340
          0.205000000000     509170.075589138025
          0.206000000000     500867.577506663103
          0.207000000000     492868.807798402326
          0.208000000000     485162.715360851609
          0.209000000000     477738.300838130235
          0.210000000000     470584.627893705736
          0.211000000000     463690.834603783209
          0.212000000000     457046.145018031588
          0.213000000000     450639.880921532749
          0.214000000000     444461.473819740349
          0.215000000000     438500.477155969245
          0.216000000000     432746.578758797026
          0.217000000000     427189.613504788373
          0.218000000000     421819.576170489367
          0.219000000000     416626.634436651133
          0.220000000000     411601.141997474188
          0.221000000000     406733.651718247624
          0.222000000000     402014.928776354063
          0.223000000000     397435.963713192556
          0.224000000000     392987.985318348510
          0.225000000000     388662.473262180574
          0.226000000000     384451.170389191655
          0.227000000000     380346.094581831829
          0.228000000000     376339.550103088201
          0.229000000000     372424.138325993612
          0.230000000000     368592.767759366659
          0.231000000000     364838.663281283574
          0.232000000000     361155.374495323980
          0.233000000000     357536.783129042247
          0.234000000000     353977.109399755427
          0.235000000000     350470.917279137357
          0.236000000000     347013.118595499371
          0.237000000000     343598.975920690398
          0.238000000000     340224.104197328968
          0.239000000000     336884.471071352891
          0.240000000000     333576.395904644683
          0.241000000000     330296.547452557075
          0.242000000000     327041.940201464866
          0.243000000000     323809.929371901148
          0.244000000000     320598.204603223654
          0.245000000000     317404.782346087799
          0.246000000000     314227.996999080817
          0.247000000000     311066.490835673350
          0.248000000000     307919.202776999271
          0.249000000000     304785.356074893672
          0.250000000000     301664.444977877953
          0.251000000000     298556.220460482524
          0.252000000000     295460.675103222602
          0.253000000000     292378.027216683375
          0.254000000000     289308.704308557324
          0.255000000000     286253.325996901898
          0.256000000000     283212.686476515140
          0.257000000000     280187.736647950194
          0.258000000000     277179.566020444210
          0.259000000000     274189.384500838467
          0.260000000000     271218.504180417105
          0.261000000000     268268.321230571251
          0.262000000000     265340.298016266781
          0.263000000000     262435.945533438935
          0.264000000000     259556.806272907561
          0.265000000000     256704.437608916138
          0.266000000000     253880.395805325825
          0.267000000000     251086.220726646075
          0.268000000000     248323.421334705345
          0.269000000000     245593.462044760381
          0.270000000000     242897.750007426017
          0.271000000000     240237.623374940769
          0.272000000000     237614.340602111333
          0.273000000000     235029.070823826856
          0.274000000000     232482.885342425434
          0.275000000000     229976.750249464210
          0.276000000000     227511.520197684935
          0.277000000000     225087.933330271189
          0.278000000000     222706.607365877018
          0.279000000000     220368.036829534802
          0.280000000000     218072.591411347064
          0.281000000000     215820.515427075734
          0.282000000000     213611.928347243811
          0.283000000000     211446.826354325429
          0.284000000000     209325.084881056304
          0.285000000000     207246.462076826487
          0.286000000000     205210.603143642715
          0.287000000000     203217.045478247543
          0.288000000000     201265.224552693719
          0.289000000000     199354.480462035019
          0.290000000000     197484.065064793540
          0.291000000000     195653.149639533163
          0.292000000000     193860.832979196945
          0.293000000000     192106.149843853898
          0.294000000000     190388.079692137428
          0.295000000000     188705.555611952121
          0.296000000000     187057.473371892032
          0.297000000000     185442.700516342215
          0.298000000000     183860.085429262079
          0.299000000000     182308.466294264421
          0.300000000000     180786.679881687392
