          0.001000000000  147341089.530521661043
          0.002000000000  147202074.163443088531
          0.003000000000  146970651.495775401592
          0.004000000000  146647225.193740874529
          0.005000000000  146232358.892718970776
          0.006000000000  145726774.705989658833
          0.007000000000  145131351.316046118736
          0.008000000000  144447121.654932469130
          0.009000000000  143675270.181412339211
          0.010000000000  142817129.764135807753
          0.011000000000  141874178.181291520596
          0.012000000000  140848034.248484909534
          0.013000000000  139740453.587805867195
          0.014000000000  138553324.052255123854
          0.015000000000  137288660.820754349232
          0.016000000000  135948601.180082678795
          0.017000000000  134535399.011037766933
          0.018000000000  133051418.997052103281
          0.019000000000  131499130.574353620410
          0.020000000000  129881101.643534526229
          0.021000000000  128199992.063096120954
          0.022000000000  126458546.946155160666
          0.023000000000  124659589.782041803002
          0.024000000000  122806015.404973492026
          0.025000000000  120900782.832368806005
          0.026000000000  118946907.995637446642
          0.027000000000  116947456.386494174600
          0.028000000000  114905535.641953423619
          0.029000000000  112824288.091189041734
          0.030000000000  110706883.287376612425
          0.031000000000  108556510.547507092357
          0.032000000000  106376371.522906810045
          0.033000000000  104169672.822911694646
          0.034000000000  101939618.713731110096
          0.035000000000   99689403.914076715708
          0.036000000000   97422206.508577719331
          0.037000000000   95141180.999387830496
          0.038000000000   92849451.515693947673
          0.039000000000   90550105.200077950954
          0.040000000000   88246185.789872974157
          0.041000000000   85940687.410755380988
          0.042000000000   83636548.598900869489
          0.043000000000   81336646.567031815648
          0.044000000000   79043791.728652417660
          0.045000000000   76760722.493708312511
          0.046000000000   74490100.347772657871
          0.047000000000   72234505.225742608309
          0.048000000000   69996431.189843729138
          0.049000000000   67778282.420555382967
          0.050000000000   65582369.527859732509
          0.051000000000   63410906.188999488950
          0.052000000000   61266006.117698684335
          0.053000000000   59149680.368573255837
          0.054000000000   57063834.979236416519
          0.055000000000   55010268.951382808387
          0.056000000000   52990672.570932686329
          0.057000000000   51006626.066132344306
          0.058000000000   49059598.601345233619
          0.059000000000   47150947.603125840425
          0.060000000000   45281918.414069682360
          0.061000000000   43453644.268860056996
          0.062000000000   41667146.585896648467
          0.063000000000   39923335.566912554204
          0.064000000000   38223011.096031360328
          0.065000000000   36566863.928833328187
          0.066000000000   34955477.161154873669
          0.067000000000   33389327.966555345803
          0.068000000000   31868789.590660735965
          0.069000000000   30394133.589923266321
          0.070000000000   28965532.301724582911
          0.071000000000   27583061.532202180475
          0.072000000000   26246703.447699256241
          0.073000000000   24956349.655316099524
          0.074000000000   23711804.457686018199
          0.075000000000   22512788.266814906150
          0.076000000000   21358941.161591060460
          0.077000000000   20249826.573424179107
          0.078000000000   19184935.084367603064
          0.079000000000   18163688.322053264827
          0.080000000000   17185442.935798440129
          0.081000000000   16249494.638335106894
          0.082000000000   15355082.297764690593
          0.083000000000   14501392.064551241696
          0.084000000000   13687561.518628550693
          0.085000000000   12912683.822017274797
          0.086000000000   12175811.862713145092
          0.087000000000   11475962.376027306542
          0.088000000000   10812120.030018212274
          0.089000000000   10183241.462160049006
          0.090000000000    9588259.254935430363
          0.091000000000    9026085.838617647067
          0.092000000000    8495617.310120452195
          0.093000000000    7995737.157433103770
          0.094000000000    7525319.879824834876
          0.095000000000    7083234.494691529311
          0.096000000000    6668347.922624962404
          0.097000000000    6279528.243006962352
          0.098000000000    5915647.813165952452
          0.099000000000    5575586.244875219651
          0.100000000000    5258233.232720511034
          0.101000000000    4962491.229612264782
          0.102000000000    4687277.965466170572
          0.103000000000    4431528.805816201493
          0.104000000000    4194198.947859103791
          0.105000000000    3974265.452150854748
          0.106000000000    3770729.108884257730
          0.107000000000    3582616.138368221465
          0.108000000000    3408979.726000695489
          0.109000000000    3248901.392677768599
          0.110000000000    3101492.202206500340
          0.111000000000    2965893.807888668031
          0.112000000000    2841279.341013615951
          0.113000000000    2726854.144539150409
          0.114000000000    2621856.355748988222
          0.115000000000    2525557.342151395511
          0.116000000000    2437261.995325954631
          0.117000000000    2356308.887832263485
          0.118000000000    2282070.298665376380
          0.119000000000    2213952.113077316433
          0.120000000000    2151393.602881202474
          0.121000000000    2093867.093614888377
          0.122000000000    2040877.525163814658
          0.123000000000    1991961.912628665334
          0.124000000000    1946688.714372260962
          0.125000000000    1904657.114292880520
          0.126000000000    1865496.225448028883
          0.127000000000    1828864.222194757778
          0.128000000000    1794447.408020731527
          0.129000000000    1761959.226215419825
          0.130000000000    1731139.220474329079
          0.131000000000    1701751.952442368958
          0.132000000000    1673585.883086863207
          0.133000000000    1646452.224647393683
          0.134000000000    1620183.769741144031
          0.135000000000    1594633.704009301728
          0.136000000000    1569674.408475038130
          0.137000000000    1545196.257547986461
          0.138000000000    1521106.418355829082
          0.139000000000    1497327.656812797999
          0.140000000000    1473797.155549207469
          0.141000000000    1450465.348527481547
          0.142000000000    1427294.776860935148
          0.143000000000    1404258.970032902900
          0.144000000000    1381341.356388547923
          0.145000000000    1358534.206440892536
          0.146000000000    1335837.612198601710
          0.147000000000    1313258.505387628684
          0.148000000000    1290809.717103272909
          0.149000000000    1268509.081095985137
          0.150000000000    1246378.582564115524
          0.151000000000    1224443.554002065910
          0.152000000000    1202731.919333862839
          0.153000000000    1181273.487251737854
          0.154000000000    1160099.294378059683
          0.155000000000    1139240.998578053433
          0.156000000000    1118730.322471412830
          0.157000000000    1098598.546923938207
          0.158000000000    1078876.054046909092
          0.159000000000    1059591.918992519146
          0.160000000000    1040773.549609249691
          0.161000000000    1022446.372812072397
          0.162000000000    1004633.566329237772
          0.163000000000     987355.834310722305
          0.164000000000     970631.225123158190
          0.165000000000     954474.989512664033
          0.166000000000     938899.477190399193
          0.167000000000     923914.069785897853
          0.168000000000     909525.148020146647
          0.169000000000     895736.090873805457
          0.170000000000     882547.304465619964
          0.171000000000     869956.278311634087
          0.172000000000     857957.666606695042
          0.173000000000     846543.392155664857
          0.174000000000     835702.770581985475
          0.175000000000     825422.652455171687
          0.176000000000     815687.581005835673
          0.177000000000     806479.963136188686
          0.178000000000     797780.251484852866
          0.179000000000     789567.135366413160
          0.180000000000     781817.738477770123
          0.181000000000     774507.821343887481
          0.182000000000     767611.986564399558
          0.183000000000     761103.885018588509
          0.184000000000     754956.421288780984
          0.185000000000     749141.956670190091
          0.186000000000     743632.508247858728
          0.187000000000     738399.942637773464
          0.188000000000     733416.163108334644
          0.189000000000     728653.288919713930
          0.190000000000     724083.825841001584
          0.191000000000     719680.826927887159
          0.192000000000     715418.042766027735
          0.193000000000     711270.060506618931
          0.194000000000     707212.431140144705
          0.195000000000     703221.784571331111
          0.196000000000     699275.932172296103
          0.197000000000     695353.956601088867
          0.198000000000     691436.288778989925
          0.199000000000     687504.772021293989
          0.200000000000     683542.713412665064
          0.201000000000     679534.922608963680
          0.202000000000     675467.738332529436
          0.203000000000     671329.042906798422
          0.204000000000     667108.265248827054
          0.205000000000     662796.372804370243
          0.206000000000     658385.852969691157
          0.207000000000     653870.684597063693
          0.208000000000     649246.300226897234
          0.209000000000     644509.539728756761
          0.210000000000     639658.596066015889
          0.211000000000     634692.953924895381
          0.212000000000     629613.321968023782
          0.213000000000     624421.559485828038
          0.214000000000     619120.598225975526
          0.215000000000     613714.360182253527
          0.216000000000     608207.672119618859
          0.217000000000     602606.177602304844
          0.218000000000     596916.247276810347
          0.219000000000     591144.888141954900
          0.220000000000     585299.652514024056
          0.221000000000     579388.547366912244
          0.222000000000     573419.944695443031
          0.223000000000     567402.493514848291
          0.224000000000     561345.034071600647
          0.225000000000     555256.514800157049
          0.226000000000     549145.912517696386
          0.227000000000     543022.156304584118
          0.228000000000     536894.055472598877
          0.229000000000     530770.231976366136
          0.230000000000     524659.057576145278
          0.231000000000     518568.596012670721
          0.232000000000     512506.550407268456
          0.233000000000     506480.216053549317
          0.234000000000     500496.438720674487
          0.235000000000     494561.578542985313
          0.236000000000     488681.479526827636
          0.237000000000     482861.444663071248
          0.238000000000     477106.216593191959
          0.239000000000     471419.963738260092
          0.240000000000     465806.271763739525
          0.241000000000     460268.140219045163
          0.242000000000     454807.984159247135
          0.243000000000     449427.640527456009
          0.244000000000     444128.379050281306
          0.245000000000     438910.917375388439
          0.246000000000     433775.440159739170
          0.247000000000     428721.621799483604
          0.248000000000     423748.652477802709
          0.249000000000     418855.267195225286
          0.250000000000     414039.777438019286
          0.251000000000     409300.105134156358
          0.252000000000     404633.818543017493
          0.253000000000     400038.169724321633
          0.254000000000     395510.133233683358
          0.255000000000     391046.445696556009
          0.256000000000     386643.645919032570
          0.257000000000     382298.115202892164
          0.258000000000     378006.117543232162
          0.259000000000     373763.839399938355
          0.260000000000     369567.428748797451
          0.261000000000     365413.033134310506
          0.262000000000     361296.836463805288
          0.263000000000     357215.094301282719
          0.264000000000     353164.167439279961
          0.265000000000     349140.553547769610
          0.266000000000     345140.916720516339
          0.267000000000     341162.114761258650
          0.268000000000     337201.224074349098
          0.269000000000     333255.562046912906
          0.270000000000     329322.706832054653
          0.271000000000     325400.514464922599
          0.272000000000     321487.133265443437
          0.273000000000     317581.015503069793
          0.274000000000     313680.926319852355
          0.275000000000     309785.949928413203
          0.276000000000     305895.493120781262
          0.277000000000     302009.286142593017
          0.278000000000     298127.381004567491
          0.279000000000     294250.147319545329
          0.280000000000     290378.265768506913
          0.281000000000     286512.719312871515
          0.282000000000     282654.782282991975
          0.283000000000     278806.007483917754
          0.284000000000     274968.211469420698
          0.285000000000     271143.458143651660
          0.286000000000     267334.040856830135
          0.287000000000     263542.463166986883
          0.288000000000     259771.418443952949
          0.289000000000     256023.768494609016
          0.290000000000     252302.521389840374
          0.291000000000     248610.808673791005
          0.292000000000     244951.862134826864
          0.293000000000     241328.990315251605
          0.294000000000     237745.554933265987
          0.295000000000     234204.947385990672
          0.296000000000     230710.565496696712
          0.297000000000     227265.790662721440
          0.298000000000     223873.965553020069
          0.299000000000     220538.372495958989
          0.300000000000     217262.212688916916
