          0.001000000000  151338518.499361276627
          0.002000000000  151180189.608256995678
          0.003000000000  150916658.454778432846
          0.004000000000  150548449.390144199133
          0.005000000000  150076294.218253672123
          0.006000000000  149501129.919177740812
          0.007000000000  148824095.738270014524
          0.008000000000  148046529.652852535248
          0.009000000000  147169964.230926603079
          0.010000000000  146196121.898850262165
          0.011000000000  145126909.637267380953
          0.012000000000  143964413.126873552799
          0.013000000000  142710890.367763757706
          0.014000000000  141368764.798159688711
          0.015000000000  139940617.940251320601
          0.016000000000  138429181.602660566568
          0.017000000000  136837329.670696735382
          0.018000000000  135168069.517053633928
          0.019000000000  133424533.066938653588
          0.020000000000  131609967.552791804075
          0.021000000000  129727725.994765117764
          0.022000000000  127781257.443932101130
          0.023000000000  125774097.025882914662
          0.024000000000  123709855.822816550732
          0.025000000000  121592210.632542178035
          0.026000000000  119424893.642913207412
          0.027000000000  117211682.060174420476
          0.028000000000  114956387.729448020458
          0.029000000000  112662846.785188063979
          0.030000000000  110334909.368860214949
          0.031000000000  107976429.450351044536
          0.032000000000  105591254.788726583123
          0.033000000000  103183217.066899195313
          0.034000000000  100756122.233575180173
          0.035000000000   98313741.084520637989
          0.036000000000   95859800.113718003035
          0.037000000000   93397972.663416638970
          0.038000000000   90931870.400381386280
          0.039000000000   88465035.143856734037
          0.040000000000   86000931.068892255425
          0.041000000000   83542937.306700691581
          0.042000000000   81094340.961722850800
          0.043000000000   78658330.562959954143
          0.044000000000   76237989.965035960078
          0.045000000000   73836292.712280571461
          0.046000000000   71456096.876942560077
          0.047000000000   69100140.380460485816
          0.048000000000   66771036.804515056312
          0.049000000000   64471271.696425758302
          0.050000000000   62203199.371280834079
          0.051000000000   59969040.211081571877
          0.052000000000   57770878.459097266197
          0.053000000000   55610660.505598425865
          0.054000000000   53490193.659179084003
          0.055000000000   51411145.395977348089
          0.056000000000   49375043.077296912670
          0.057000000000   47383274.124395936728
          0.058000000000   45437086.637586288154
          0.059000000000   43537590.445235401392
          0.060000000000   41685758.566846951842
          0.061000000000   39882429.073066554964
          0.062000000000   38128307.324254252017
          0.063000000000   36423968.568177111447
          0.064000000000   34769860.876400068402
          0.065000000000   33166308.398111838847
          0.066000000000   31613514.909388877451
          0.067000000000   30111567.635304007679
          0.068000000000   28660441.321804162115
          0.069000000000   27260002.533922579139
          0.070000000000   25910014.156661149114
          0.071000000000   24610140.074749588966
          0.072000000000   23359950.007496934384
          0.073000000000   22158924.475051123649
          0.074000000000   21006459.872607182711
          0.075000000000   19901873.629423048347
          0.076000000000   18844409.429923839867
          0.077000000000   17833242.474692258984
          0.078000000000   16867484.759744059294
          0.079000000000   15946190.353175297379
          0.080000000000   15068360.649027908221
          0.081000000000   14232949.579054951668
          0.082000000000   13438868.763957569376
          0.083000000000   12684992.586620174348
          0.084000000000   11970163.170867498964
          0.085000000000   11293195.250312918797
          0.086000000000   10652880.912942254916
          0.087000000000   10047994.208186449483
          0.088000000000    9477295.604363160208
          0.089000000000    8939536.285512024537
          0.090000000000    8433462.277798591182
          0.091000000000    7957818.396816967055
          0.092000000000    7511352.008270797320
          0.093000000000    7092816.595650807023
          0.094000000000    6700975.129653064534
          0.095000000000    6334603.235183590092
          0.096000000000    5992492.152872964740
          0.097000000000    5673451.493071255274
          0.098000000000    5376311.781304474920
          0.099000000000    5099926.795147512108
          0.100000000000    4843175.693398016505
          0.101000000000    4604964.939321069047
          0.102000000000    4384230.020571021363
          0.103000000000    4179936.969181932975
          0.104000000000    3991083.685752459802
          0.105000000000    3816701.072628691792
          0.106000000000    3655853.981512551662
          0.107000000000    3507641.981490432285
          0.108000000000    3371199.953986966982
          0.109000000000    3245698.521602332126
          0.110000000000    3130344.318188728299
          0.111000000000    3024380.107861957513
          0.112000000000    2927084.760930050630
          0.113000000000    2837773.094952015206
          0.114000000000    2755795.589318785816
          0.115000000000    2680537.981875847559
          0.116000000000    2611420.756185826845
          0.117000000000    2547898.528060384095
          0.118000000000    2489459.339977319818
          0.119000000000    2435623.871942746919
          0.120000000000    2385944.577262009494
          0.121000000000    2340004.751549665350
          0.122000000000    2297417.543140889611
          0.123000000000    2257824.912866382394
          0.124000000000    2220896.550924322568
          0.125000000000    2186328.758327411953
          0.126000000000    2153843.300124648493
          0.127000000000    2123186.237298422493
          0.128000000000    2094126.743920790730
          0.129000000000    2066455.915820974624
          0.130000000000    2039985.576672201743
          0.131000000000    2014547.087052230025
          0.132000000000    1989990.161671079462
          0.133000000000    1966181.699593788711
          0.134000000000    1943004.631917981897
          0.135000000000    1920356.790997637203
          0.136000000000    1898149.804937705398
          0.137000000000    1876308.020721434150
          0.138000000000    1854767.458974595182
          0.139000000000    1833474.803020432824
          0.140000000000    1812386.424537247745
          0.141000000000    1791467.447798587382
          0.142000000000    1770690.854155057343
          0.143000000000    1750036.628108125646
          0.144000000000    1729490.946030618623
          0.145000000000    1709045.408306670375
          0.146000000000    1688696.315396761056
          0.147000000000    1668443.988080871757
          0.148000000000    1648292.131895964500
          0.149000000000    1628247.245562562020
          0.150000000000    1608318.072989658220
          0.151000000000    1588515.098257438280
          0.152000000000    1568850.082803392317
          0.153000000000    1549335.643879071809
          0.154000000000    1529984.873201891081
          0.155000000000    1510810.994598722318
          0.156000000000    1491827.059324905509
          0.157000000000    1473045.677643885836
          0.158000000000    1454478.785167708294
          0.159000000000    1436137.442387374351
          0.160000000000    1418031.665763248922
          0.161000000000    1400170.288699353579
          0.162000000000    1382560.850690374384
          0.163000000000    1365209.512906379299
          0.164000000000    1348120.998466303805
          0.165000000000    1331298.555647438159
          0.166000000000    1314743.942282786360
          0.167000000000    1298457.429611515021
          0.168000000000    1282437.823868408799
          0.169000000000    1266682.503926135832
          0.170000000000    1251187.473338324577
          0.171000000000    1235947.425171456765
          0.172000000000    1220955.818058613688
          0.173000000000    1206204.961958102183
          0.174000000000    1191686.112153519643
          0.175000000000    1177389.570089382818
          0.176000000000    1163304.789696726948
          0.177000000000    1149420.487925915513
          0.178000000000    1135724.758269146550
          0.179000000000    1122205.186121565988
          0.180000000000    1108848.964898091741
          0.181000000000    1095643.011891852133
          0.182000000000    1082574.082929536933
          0.183000000000    1069628.884948758641
          0.184000000000    1056794.185691968072
          0.185000000000    1044056.919780879281
          0.186000000000    1031404.290503884782
          0.187000000000    1018823.866716834251
          0.188000000000    1006303.674324215972
          0.189000000000     993832.281873381580
          0.190000000000     981398.879858330358
          0.191000000000     968993.353392134770
          0.192000000000     956606.347967655514
          0.193000000000     944229.328084974200
          0.194000000000     931854.628580676392
          0.195000000000     919475.498548695003
          0.196000000000     907086.137794701965
          0.197000000000     894681.725816073129
          0.198000000000     882258.443346943241
          0.199000000000     869813.486552921706
          0.200000000000     857345.074002569076
          0.201000000000     844852.446582573117
          0.202000000000     832335.860560756875
          0.203000000000     819796.574035609490
          0.204000000000     807236.827042765566
          0.205000000000     794659.815617900225
          0.206000000000     782069.660141743952
          0.207000000000     769471.368316469830
          0.208000000000     756870.793143305928
          0.209000000000     744274.586289311294
          0.210000000000     731690.147246356821
          0.211000000000     719125.568697915762
          0.212000000000     706589.578519035014
          0.213000000000     694091.478842102806
          0.214000000000     681641.082625517272
          0.215000000000     669248.648164538550
          0.216000000000     656924.811983117717
          0.217000000000     644680.520542774699
          0.218000000000     632526.961199493031
          0.219000000000     620475.492832331220
          0.220000000000     608537.576558020897
          0.221000000000     596724.706934495247
          0.222000000000     585048.344042916666
          0.223000000000     573519.846822794527
          0.224000000000     562150.408018031856
          0.225000000000     550950.991073561949
          0.226000000000     539932.269302611006
          0.227000000000     529104.567623805953
          0.228000000000     518477.807145432977
          0.229000000000     508061.452851214563
          0.230000000000     497864.464618363418
          0.231000000000     487895.251774251112
          0.232000000000     478161.631373254699
          0.233000000000     468670.790350039490
          0.234000000000     459429.251680236834
          0.235000000000     450442.844653855718
          0.236000000000     441716.679341454583
          0.237000000000     433255.125307834765
          0.238000000000     425061.794603192713
          0.239000000000     417139.529037262546
          0.240000000000     409490.391718224972
          0.241000000000     402115.662815072050
          0.242000000000     395015.839479874587
          0.243000000000     388190.639845104597
          0.244000000000     381639.010990838404
          0.245000000000     375359.140757516958
          0.246000000000     369348.473261892272
          0.247000000000     363603.727957098978
          0.248000000000     358120.922062286350
          0.249000000000     352895.396173204586
          0.250000000000     347921.842852483271
          0.251000000000     343194.337987030274
          0.252000000000     338706.374690265511
          0.253000000000     334450.899518532155
          0.254000000000     330420.350764186238
          0.255000000000     326606.698582510639
          0.256000000000     323001.486705603544
          0.257000000000     319595.875493963656
          0.258000000000     316380.686075330013
          0.259000000000     313346.445320644882
          0.260000000000     310483.431408571836
          0.261000000000     307781.719732882921
          0.262000000000     305231.228911098035
          0.263000000000     302821.766658026841
          0.264000000000     300543.075294179202
          0.265000000000     298384.876666431141
          0.266000000000     296336.916266603104
          0.267000000000     294389.006342885026
          0.268000000000     292531.067809037457
          0.269000000000     290753.170767066709
          0.270000000000     289045.573470492091
          0.271000000000     287398.759567298694
          0.272000000000     285803.473474165250
          0.273000000000     284250.753746463393
          0.274000000000     282731.964321735373
          0.275000000000     281238.823527909582
          0.276000000000     279763.430761146999
          0.277000000000     278298.290752078348
          0.278000000000     276836.335352986818
          0.279000000000     275370.942792361311
          0.280000000000     273895.954356952221
          0.281000000000     272405.688475066447
          0.282000000000     270894.952188204741
          0.283000000000     269359.050011254032
          0.284000000000     267793.790194222995
          0.285000000000     266195.488410942722
          0.286000000000     264560.968912154960
          0.287000000000     262887.563191929134
          0.288000000000     261173.106227418844
          0.289000000000     259415.930362478772
          0.290000000000     257614.856915589131
          0.291000000000     255769.185601906240
          0.292000000000     253878.681867980020
          0.293000000000     251943.562245759094
          0.294000000000     249964.477839938598
          0.295000000000     247942.496069446555
          0.296000000000     245879.080789908679
          0.297000000000     243776.070929278503
          0.298000000000     241635.657773465209
          0.299000000000     239460.361042694218
          0.300000000000     237253.003902525670
