          0.001000000000  137826826.746725797653
          0.002000000000  137710454.966750085354
          0.003000000000  137516710.573962628841
          0.004000000000  137245905.882932960987
          0.005000000000  136898477.043487370014
          0.006000000000  136474982.954358845949
          0.007000000000  135976103.872469753027
          0.008000000000  135402639.722310960293
          0.009000000000  134755508.110871851444
          0.010000000000  134035742.054480358958
          0.011000000000  133244487.424865052104
          0.012000000000  132383000.122594833374
          0.013000000000  131452642.986946597695
          0.014000000000  130454882.452051058412
          0.015000000000  129391284.959948867559
          0.016000000000  128263513.141950324178
          0.017000000000  127073321.780368968844
          0.018000000000  125822553.563375666738
          0.019000000000  124513134.646305650473
          0.020000000000  123147070.033328220248
          0.021000000000  121726438.793875157833
          0.022000000000  120253389.128686919808
          0.023000000000  118730133.300718814135
          0.024000000000  117158942.446509793401
          0.025000000000  115542141.283868357539
          0.026000000000  113882102.731976747513
          0.027000000000  112181242.460176214576
          0.028000000000  110442013.381786182523
          0.029000000000  108666900.109375417233
          0.030000000000  106858413.387885466218
          0.031000000000  105019084.521925240755
          0.032000000000  103151459.813446819782
          0.033000000000  101258095.025813713670
          0.034000000000   99341549.890035867691
          0.035000000000   97404382.668656036258
          0.036000000000   95449144.792417958379
          0.037000000000   93478375.584459781647
          0.038000000000   91494597.086314544082
          0.039000000000   89500308.999524652958
          0.040000000000   87497983.756127297878
          0.041000000000   85490061.730691581964
          0.042000000000   83478946.605978190899
          0.043000000000   81467000.903626516461
          0.044000000000   79456541.690597221255
          0.045000000000   77449836.471373856068
          0.046000000000   75449099.275190457702
          0.047000000000   73456486.946771755815
          0.048000000000   71474095.648296207190
          0.049000000000   69503957.579478099942
          0.050000000000   67548037.921843126416
          0.051000000000   65608232.012451030314
          0.052000000000   63686362.751465320587
          0.053000000000   61784178.247142568231
          0.054000000000   59903349.700960427523
          0.055000000000   58045469.534771345556
          0.056000000000   56212049.761029981077
          0.057000000000   54404520.596318610013
          0.058000000000   52624229.317586354911
          0.059000000000   50872439.359713271260
          0.060000000000   49150329.652245171368
          0.061000000000   47458994.192366987467
          0.062000000000   45799441.850469902158
          0.063000000000   44172596.403946369886
          0.064000000000   42579296.794169217348
          0.065000000000   41020297.600966788828
          0.066000000000   39496269.728289268911
          0.067000000000   38007801.294175259769
          0.068000000000   36555398.717589557171
          0.069000000000   35139487.994192630053
          0.070000000000   33760416.152635529637
          0.071000000000   32418452.882545400411
          0.072000000000   31113792.324986781925
          0.073000000000   29846555.015828676522
          0.074000000000   28616789.972160208970
          0.075000000000   27424476.911628138274
          0.076000000000   26269528.594362314790
          0.077000000000   25151793.276978027076
          0.078000000000   24071057.268020868301
          0.079000000000   23027047.574130393565
          0.080000000000   22019434.626155626029
          0.081000000000   21047835.074455153197
          0.082000000000   20111814.642651587725
          0.083000000000   19210891.029186427593
          0.084000000000   18344536.846142265946
          0.085000000000   17512182.584946755320
          0.086000000000   16713219.598766598850
          0.087000000000   15947003.091618807986
          0.088000000000   15212855.104484817013
          0.089000000000   14510067.488995581865
          0.090000000000   13837904.859573010355
          0.091000000000   13195607.515251373872
          0.092000000000   12582394.322769807652
          0.093000000000   11997465.552913162857
          0.094000000000   11440005.662488875911
          0.095000000000   10909186.014751547948
          0.096000000000   10404167.531531451270
          0.097000000000    9924103.270777929574
          0.098000000000    9468140.923695981503
          0.099000000000    9035425.226132102311
          0.100000000000    8625100.279347743839
          0.101000000000    8236311.775807827711
          0.102000000000    7868209.126102264971
          0.103000000000    7519947.483609965071
          0.104000000000    7190689.664004560560
          0.105000000000    6879607.957186582498
          0.106000000000    6585885.829708176665
          0.107000000000    6308719.516228524968
          0.108000000000    6047319.499002403580
          0.109000000000    5800911.874856759794
          0.110000000000    5568739.609550726600
          0.111000000000    5350063.679840255529
          0.112000000000    5144164.103979314677
          0.113000000000    4950340.861783829518
          0.114000000000    4767914.705760041252
          0.115000000000    4596227.865156198852
          0.116000000000    4434644.645133658312
          0.117000000000    4282551.923569440842
          0.118000000000    4139359.548297449015
          0.119000000000    4004500.637867787387
          0.120000000000    3877431.789154485799
          0.121000000000    3757633.195368580054
          0.122000000000    3644608.678238068707
          0.123000000000    3537885.638296969701
          0.124000000000    3437014.927383550908
          0.125000000000    3341570.647582003381
          0.126000000000    3251149.880953631364
          0.127000000000    3165372.354492190294
          0.128000000000    3083880.044804798905
          0.129000000000    3006336.727064505219
          0.130000000000    2932427.472804171499
          0.131000000000    2861858.101124452427
          0.132000000000    2794354.587871798314
          0.133000000000    2729662.437306560576
          0.134000000000    2667546.020727493800
          0.135000000000    2607787.886447522324
          0.136000000000    2550188.045428486541
          0.137000000000    2494563.236779565923
          0.138000000000    2440746.177207602188
          0.139000000000    2388584.798377130181
          0.140000000000    2337941.475996432360
          0.141000000000    2288692.254292638507
          0.142000000000    2240726.069376815110
          0.143000000000    2193943.974828401115
          0.144000000000    2148258.372650280595
          0.145000000000    2103592.252560510300
          0.146000000000    2059878.442397080828
          0.147000000000    2017058.872217893368
          0.148000000000    1975083.854481201386
          0.149000000000    1933911.382492911303
          0.150000000000    1893506.449107536580
          0.151000000000    1853840.387469838839
          0.152000000000    1814890.235386029352
          0.153000000000    1776638.124716733117
          0.154000000000    1739070.696990633616
          0.155000000000    1702178.546247743769
          0.156000000000    1665955.689936123323
          0.157000000000    1630399.068505616393
          0.158000000000    1595508.074168089312
          0.159000000000    1561284.109125864692
          0.160000000000    1527730.173409302020
          0.161000000000    1494850.482311299304
          0.162000000000    1462650.113261228427
          0.163000000000    1431134.681843828177
          0.164000000000    1400310.046540291747
          0.165000000000    1370182.041649249382
          0.166000000000    1340756.237735054689
          0.167000000000    1312037.728849537205
          0.168000000000    1284030.945681549842
          0.169000000000    1256739.493706071749
          0.170000000000    1230166.015331407310
          0.171000000000    1204312.074979028665
          0.172000000000    1179178.065975764999
          0.173000000000    1154763.138092151377
          0.174000000000    1131065.144523648545
          0.175000000000    1108080.607082838425
          0.176000000000    1085804.698350483784
          0.177000000000    1064231.239520848030
          0.178000000000    1043352.712672075606
          0.179000000000    1023160.286194838700
          0.180000000000    1003643.852121932898
          0.181000000000     984792.074117318261
          0.182000000000     966592.444904975477
          0.183000000000     949031.351945519214
          0.184000000000     932094.150201054290
          0.185000000000     915765.240866228822
          0.186000000000     900028.154984902940
          0.187000000000     884865.640917288605
          0.188000000000     870259.754671066883
          0.189000000000     856191.952161463094
          0.190000000000     842643.182519219350
          0.191000000000     829593.981621257961
          0.192000000000     817024.565076184925
          0.193000000000     804914.919955281192
          0.194000000000     793244.894618798164
          0.195000000000     781994.286046798574
          0.196000000000     771142.924143199460
          0.197000000000     760670.752540597343
          0.198000000000     750557.905491653131
          0.199000000000     740784.780489901663
          0.200000000000     731332.106318599894
          0.201000000000     722181.006280306494
          0.202000000000     713313.056412151898
          0.203000000000     704710.338541815872
          0.204000000000     696355.488087124075
          0.205000000000     688231.736547518754
          0.206000000000     680322.948678422137
          0.207000000000     672613.654379587737
          0.208000000000     665089.075365633122
          0.209000000000     657735.146721424186
          0.210000000000     650538.533476171666
          0.211000000000     643486.642358540907
          0.212000000000     636567.628920439514
          0.213000000000     629770.400239496492
          0.214000000000     623084.613429700024
          0.215000000000     616500.670206135372
          0.216000000000     610009.707763433573
          0.217000000000     603603.586238466203
          0.218000000000     597274.873035931378
          0.219000000000     591016.824301242130
          0.220000000000     584823.363828170812
          0.221000000000     578689.059689675341
          0.222000000000     572609.098878874676
          0.223000000000     566579.260243837372
          0.224000000000     560595.885994474171
          0.225000000000     554655.852052847156
          0.226000000000     548756.537509486545
          0.227000000000     542895.793438347988
          0.228000000000     537071.911311587901
          0.229000000000     531283.591243021307
          0.230000000000     525529.910275598639
          0.231000000000     519810.290914159385
          0.232000000000     514124.470089892100
          0.233000000000     508472.468727542844
          0.234000000000     502854.562070883927
          0.235000000000     497271.250906039146
          0.236000000000     491723.233806361037
          0.237000000000     486211.380506732152
          0.238000000000     480736.706499448686
          0.239000000000     475300.348928490828
          0.240000000000     469903.543843975174
          0.241000000000     464547.604864070716
          0.242000000000     459233.903277733363
          0.243000000000     453963.849608296354
          0.244000000000     448738.876645401935
          0.245000000000     443560.423940901353
          0.246000000000     438429.923753388284
          0.247000000000     433348.788415865332
          0.248000000000     428318.399091799627
          0.249000000000     423340.095876461884
          0.250000000000     418415.169193022070
          0.251000000000     413544.852426365134
          0.252000000000     408730.315732032817
          0.253000000000     403972.660952991922
          0.254000000000     399272.917573216895
          0.255000000000     394632.039634127112
          0.256000000000     390050.903537920793
          0.257000000000     385530.306660575618
          0.258000000000     381070.966696867836
          0.259000000000     376673.521659977618
          0.260000000000     372338.530459271860
          0.261000000000     368066.473981377610
          0.262000000000     363857.756601884787
          0.263000000000     359712.708057674696
          0.264000000000     355631.585613070638
          0.265000000000     351614.576456579438
          0.266000000000     347661.800268934225
          0.267000000000     343773.311907384312
          0.268000000000     339949.104155678360
          0.269000000000     336189.110493856773
          0.270000000000     332493.207846742589
          0.271000000000     328861.219274947885
          0.272000000000     325292.916577083233
          0.273000000000     321788.022776775004
          0.274000000000     318346.214472883672
          0.275000000000     314967.124036080320
          0.276000000000     311650.341639436723
          0.277000000000     308395.417115114513
          0.278000000000     305201.861633364228
          0.279000000000     302069.149203960143
          0.280000000000     298996.718003834714
          0.281000000000     295983.971537997131
          0.282000000000     293030.279643850867
          0.283000000000     290134.979351708491
          0.284000000000     287297.375616657373
          0.285000000000     284516.741938898922
          0.286000000000     281792.320891389274
          0.287000000000     279123.324574821338
          0.288000000000     276508.935021012148
          0.289000000000     273948.304566302802
          0.290000000000     271440.556216860889
          0.291000000000     268984.784027738438
          0.292000000000     266580.053517114895
          0.293000000000     264225.402136568388
          0.294000000000     261919.839817218657
          0.295000000000     259662.349610438658
          0.296000000000     257451.888440400828
          0.297000000000     255287.387984094705
          0.298000000000     253167.755692655046
          0.299000000000     251091.875965854502
          0.300000000000     249058.611489548115
