          0.001000000000  146756887.362044870853
          0.002000000000  146604416.349632203579
          0.003000000000  146350641.086427301168
          0.004000000000  145996075.057393342257
          0.005000000000  145541434.843943625689
          0.006000000000  144987637.838060170412
          0.007000000000  144335799.319848030806
          0.008000000000  143587228.910870373249
          0.009000000000  142743426.418128967285
          0.010000000000  141806077.086180388927
          0.011000000000  140777046.277229517698
          0.012000000000  139658373.601444274187
          0.013000000000  138452266.521929949522
          0.014000000000  137161093.460916906595
          0.015000000000  135787376.435673892498
          0.016000000000  134333783.254491686821
          0.017000000000  132803119.304756954312
          0.018000000000  131198318.966630443931
          0.019000000000  129522436.687213003635
          0.020000000000  127778637.751239225268
          0.021000000000  125970188.785334974527
          0.022000000000  124100448.033697649837
          0.023000000000  122172855.443676292896
          0.024000000000  120190922.600178599358
          0.025000000000  118158222.548085540533
          0.026000000000  116078379.541924938560
          0.027000000000  113955058.761941537261
          0.028000000000  111791956.035395815969
          0.029000000000  109592787.601462215185
          0.030000000000  107361279.957422539592
          0.031000000000  105101159.823048740625
          0.032000000000  102816144.259071946144
          0.033000000000  100509930.974492907524
          0.034000000000   98186188.856201618910
          0.035000000000   95848548.752933159471
          0.036000000000   93500594.544041156769
          0.037000000000   91145854.521855905652
          0.038000000000   88787793.114635363221
          0.039000000000   86429802.975187629461
          0.040000000000   84075197.458279699087
          0.041000000000   81727203.507883176208
          0.042000000000   79388954.973163515329
          0.043000000000   77063486.369965270162
          0.044000000000   74753727.102303966880
          0.045000000000   72462496.156125292182
          0.046000000000   70192497.275340318680
          0.047000000000   67946314.627855494618
          0.048000000000   65726408.967059031129
          0.049000000000   63535114.291983634233
          0.050000000000   61374635.007139205933
          0.051000000000   59247043.580843821168
          0.052000000000   57154278.698753476143
          0.053000000000   55098143.907234348357
          0.054000000000   53080306.739224255085
          0.055000000000   51102298.313333019614
          0.056000000000   49165513.395094431937
          0.057000000000   47271210.907576322556
          0.058000000000   45420514.876916043460
          0.059000000000   43614415.796850025654
          0.060000000000   41853772.394902065396
          0.061000000000   40139313.781615227461
          0.062000000000   38471641.963063091040
          0.063000000000   36851234.695843830705
          0.064000000000   35278448.662856757641
          0.065000000000   33753522.947400860488
          0.066000000000   32276582.782483838499
          0.067000000000   30847643.551728844643
          0.068000000000   29466615.017886009067
          0.069000000000   28133305.754703547806
          0.070000000000   26847427.757790431380
          0.071000000000   25608601.210100051016
          0.072000000000   24416359.377784952521
          0.073000000000   23270153.612406026572
          0.074000000000   22169358.435821749270
          0.075000000000   21113276.684539914131
          0.076000000000   20101144.690857630223
          0.077000000000   19132137.478766147047
          0.078000000000   18205373.953325968236
          0.079000000000   17319922.063030775636
          0.080000000000   16474803.915566159412
          0.081000000000   15669000.828321376815
          0.082000000000   14901458.296024687588
          0.083000000000   14171090.858935611323
          0.084000000000   13476786.856135504320
          0.085000000000   12817413.049600997940
          0.086000000000   12191819.105916731060
          0.087000000000   11598841.923678608611
          0.088000000000   11037309.795844882727
          0.089000000000   10506046.397506915033
          0.090000000000   10003874.590766038746
          0.091000000000    9529620.039608202875
          0.092000000000    9082114.628863405436
          0.093000000000    8660199.682508848608
          0.094000000000    8262728.977724635974
          0.095000000000    7888571.552227451466
          0.096000000000    7536614.303490499035
          0.097000000000    7205764.379498407245
          0.098000000000    6894951.361683402210
          0.099000000000    6603129.241637234576
          0.100000000000    6329278.194090004079
          0.101000000000    6072406.149489439093
          0.102000000000    5831550.170299365185
          0.103000000000    5605777.635862497613
          0.104000000000    5394187.241338546388
          0.105000000000    5195909.816833241843
          0.106000000000    5010108.973375699483
          0.107000000000    4835981.582881935872
          0.108000000000    4672758.099659577943
          0.109000000000    4519702.731364883482
          0.110000000000    4376113.467618307099
          0.111000000000    4241321.974720589817
          0.112000000000    4114693.365088691469
          0.113000000000    3995625.850152939558
          0.114000000000    3883550.285523820203
          0.115000000000    3777929.617253327742
          0.116000000000    3678258.237982321996
          0.117000000000    3584061.261686551850
          0.118000000000    3494893.725611006375
          0.119000000000    3410339.727819939144
          0.120000000000    3330011.508589618374
          0.121000000000    3253548.483637747355
          0.122000000000    3180616.236918906681
          0.123000000000    3110905.480424358975
          0.124000000000    3044130.988109474070
          0.125000000000    2980030.510736176744
          0.126000000000    2918363.678065133281
          0.127000000000    2858910.894465377554
          0.128000000000    2801472.233631188516
          0.129000000000    2745866.337710287888
          0.130000000000    2691929.325756496284
          0.131000000000    2639513.716027103830
          0.132000000000    2588487.366252243053
          0.133000000000    2538732.435613844078
          0.134000000000    2490144.371786840726
          0.135000000000    2442630.926017707679
          0.136000000000    2396111.198847108521
          0.137000000000    2350514.718725744635
          0.138000000000    2305780.555427642073
          0.139000000000    2261856.469833882060
          0.140000000000    2218698.101343569346
          0.141000000000    2176268.193869049661
          0.142000000000    2134535.861088834237
          0.143000000000    2093475.891366377706
          0.144000000000    2053068.092494991375
          0.145000000000    2013296.676199911861
          0.146000000000    1974149.682117708260
          0.147000000000    1935618.440780784003
          0.148000000000    1897697.074960670667
          0.149000000000    1860382.038567927666
          0.150000000000    1823671.692168163601
          0.151000000000    1787565.914052749751
          0.152000000000    1752065.745698374230
          0.153000000000    1717173.070361347869
          0.154000000000    1682890.323479383253
          0.155000000000    1649220.233494975837
          0.156000000000    1616165.591669579735
          0.157000000000    1583729.049425436649
          0.158000000000    1551912.941731487168
          0.159000000000    1520719.135040365625
          0.160000000000    1490148.898283714429
          0.161000000000    1460202.795442677336
          0.162000000000    1430880.598227755865
          0.163000000000    1402181.217427086551
          0.164000000000    1374102.651512984186
          0.165000000000    1346641.951133043505
          0.166000000000    1319795.198153043166
          0.167000000000    1293557.497963627102
          0.168000000000    1267922.983810547972
          0.169000000000    1242884.831958476221
          0.170000000000    1218435.286550219869
          0.171000000000    1194565.693076281575
          0.172000000000    1171266.539423331851
          0.173000000000    1148527.503523884574
          0.174000000000    1126337.506683021318
          0.175000000000    1104684.771710668691
          0.176000000000    1083556.885039862711
          0.177000000000    1062940.862061934313
          0.178000000000    1042823.214958581026
          0.179000000000    1023190.022358344286
          0.180000000000    1004027.000190555817
          0.181000000000     985319.573153819656
          0.182000000000     967052.946257867268
          0.183000000000     949212.175937830354
          0.184000000000     931782.240278035286
          0.185000000000     914748.107918789843
          0.186000000000     898094.805254246108
          0.187000000000     881807.481562192901
          0.188000000000     865871.471738076536
          0.189000000000     850272.356335276272
          0.190000000000     834996.018642243929
          0.191000000000     820028.698554366594
          0.192000000000     805357.043024591752
          0.193000000000     790968.152902183705
          0.194000000000     776849.625993238995
          0.195000000000     762989.596200379310
          0.196000000000     749376.768622021307
          0.197000000000     736000.450514183496
          0.198000000000     722850.578039817163
          0.199000000000     709917.738752397592
          0.200000000000     697193.189781876747
          0.201000000000     684668.871712155174
          0.202000000000     672337.418160113390
          0.203000000000     660192.161086755339
          0.204000000000     648227.131891402416
          0.205000000000     636437.058359813993
          0.206000000000     624817.357556883711
          0.207000000000     613364.124773809686
          0.208000000000     602074.118658629479
          0.209000000000     590944.742677201983
          0.210000000000     579974.023069732473
          0.211000000000     569160.583484785398
          0.212000000000     558503.616489208536
          0.213000000000     548002.852167714271
          0.214000000000     537658.524040329969
          0.215000000000     527471.332539242110
          0.216000000000     517442.406298709044
          0.217000000000     507573.261522525456
          0.218000000000     497865.759702968062
          0.219000000000     488322.063973098469
          0.220000000000     478944.594380651368
          0.221000000000     469735.982376486296
          0.222000000000     460699.024813587312
          0.223000000000     451836.637753828079
          0.224000000000     443151.810379220231
          0.225000000000     434647.559301944391
          0.226000000000     426326.883563283249
          0.227000000000     418192.720605494920
          0.228000000000     410247.903492853395
          0.229000000000     402495.119648378051
          0.230000000000     394936.871361414902
          0.231000000000     387575.438308177982
          0.232000000000     380412.842312697088
          0.233000000000     373450.814559445193
          0.234000000000     366690.765451398154
          0.235000000000     360133.757288390421
          0.236000000000     353780.479920679179
          0.237000000000     347631.229511602374
          0.238000000000     341685.890521342109
          0.239000000000     335943.921001242008
          0.240000000000     330404.341264970426
          0.241000000000     325065.725979355455
          0.242000000000     319926.199693965318
          0.243000000000     314983.435804795648
          0.244000000000     310234.658923806797
          0.245000000000     305676.650602767826
          0.246000000000     301305.758337067557
          0.247000000000     297117.907752991305
          0.248000000000     293108.617860640865
          0.249000000000     289273.019234294072
          0.250000000000     285605.874962754722
          0.251000000000     282101.604194235231
          0.252000000000     278754.308083720971
          0.253000000000     275557.797935583279
          0.254000000000     272505.625320753490
          0.255000000000     269591.113935874077
          0.256000000000     266807.392961788632
          0.257000000000     264147.431670507765
          0.258000000000     261604.075023375044
          0.259000000000     259170.079998731642
          0.260000000000     256838.152384812071
          0.261000000000     254600.983773005020
          0.262000000000     252451.288487912767
          0.263000000000     250381.840193824988
          0.264000000000     248385.507922265388
          0.265000000000     246455.291272086935
          0.266000000000     244584.354542141838
          0.267000000000     242766.059566731274
          0.268000000000     240993.997035782260
          0.269000000000     239262.016094863357
          0.270000000000     237564.252034666133
          0.271000000000     235895.151895281917
          0.272000000000     234249.497827410349
          0.273000000000     232622.428070351714
          0.274000000000     231009.455425165186
          0.275000000000     229406.483120574820
          0.276000000000     227809.817988865485
          0.277000000000     226216.180889069074
          0.278000000000     224622.714334958844
          0.279000000000     223026.987305676419
          0.280000000000     221426.997236977681
          0.281000000000     219821.169211043918
          0.282000000000     218208.352382334240
          0.283000000000     216587.813695996912
          0.284000000000     214959.228973703197
          0.285000000000     213322.671459353907
          0.286000000000     211678.597933804558
          0.287000000000     210027.832523402845
          0.288000000000     208371.548341717920
          0.289000000000     206711.247117209481
          0.290000000000     205048.736971665377
          0.291000000000     203386.108525006799
          0.292000000000     201725.709511394787
          0.293000000000     200070.118099478685
          0.294000000000     198422.115116050700
          0.295000000000     196784.655377280025
          0.296000000000     195160.838335100416
          0.297000000000     193553.878248209716
          0.298000000000     191967.074087496294
          0.299000000000     190403.779384621972
          0.300000000000     188867.372229888628
