          0.001000000000  148614321.451350390911
          0.002000000000  148465396.808744430542
          0.003000000000  148217500.214369297028
          0.004000000000  147871097.437770545483
          0.005000000000  147426838.669143795967
          0.006000000000  146885556.640655934811
          0.007000000000  146248264.223090440035
          0.008000000000  145516151.506792783737
          0.009000000000  144690582.377847820520
          0.010000000000  143773090.602229535580
          0.011000000000  142765375.432526707649
          0.012000000000  141669296.753562420607
          0.013000000000  140486869.784906536341
          0.014000000000  139220259.359868705273
          0.015000000000  137871773.802070617676
          0.016000000000  136443858.422106564045
          0.017000000000  134939088.658102184534
          0.018000000000  133360162.885211586952
          0.019000000000  131709894.920172840357
          0.020000000000  129991206.248036742210
          0.021000000000  128207117.999041542411
          0.022000000000  126360742.704366117716
          0.023000000000  124455275.860101804137
          0.024000000000  122493987.329287543893
          0.025000000000  120480212.612225502729
          0.026000000000  118417344.015523836017
          0.027000000000  116308821.750442713499
          0.028000000000  114158124.991100221872
          0.029000000000  111968762.922941729426
          0.030000000000  109744265.811639651656
          0.031000000000  107488176.122173562646
          0.032000000000  105204039.717359483242
          0.033000000000  102895397.164452612400
          0.034000000000  100565775.177728995681
          0.035000000000   98218678.224099293351
          0.036000000000   95857580.317867860198
          0.037000000000   93485917.029699996114
          0.038000000000   91107077.733730733395
          0.039000000000   88724398.115526974201
          0.040000000000   86341152.962308049202
          0.041000000000   83960549.255468502641
          0.042000000000   81585719.583998650312
          0.043000000000   79219715.895908847451
          0.044000000000   76865503.603214278817
          0.045000000000   74525956.054453730583
          0.046000000000   72203849.387081325054
          0.047000000000   69901857.770433142781
          0.048000000000   67622549.048290014267
          0.049000000000   65368380.788379520178
          0.050000000000   63141696.744477741420
          0.051000000000   60944723.735089614987
          0.052000000000   58779568.941012084484
          0.053000000000   56648217.622443698347
          0.054000000000   54552531.254675686359
          0.055000000000   52494246.079806007445
          0.056000000000   50474972.070374339819
          0.057000000000   48496192.299310356379
          0.058000000000   46559262.709131047130
          0.059000000000   44665412.271937727928
          0.060000000000   42815743.530424803495
          0.061000000000   41011233.508862003684
          0.062000000000   39252734.981809325516
          0.063000000000   37540978.087225124240
          0.064000000000   35876572.269590161741
          0.065000000000   34260008.537719532847
          0.066000000000   32691662.021083004773
          0.067000000000   31171794.807673122734
          0.068000000000   29700559.045778173953
          0.069000000000   28278000.291432179511
          0.070000000000   26904061.082806441933
          0.071000000000   25578584.722407672554
          0.072000000000   24301319.247627452016
          0.073000000000   23071921.569969039410
          0.074000000000   21889961.763142306358
          0.075000000000   20754927.480175398290
          0.076000000000   19666228.479734539986
          0.077000000000   18623201.241972308606
          0.078000000000   17625113.654434479773
          0.079000000000   16671169.748845128343
          0.080000000000   15760514.469955146313
          0.081000000000   14892238.458076260984
          0.082000000000   14065382.827426960692
          0.083000000000   13278943.922988783568
          0.084000000000   12531878.039195680991
          0.085000000000   11823106.084468428046
          0.086000000000   11151518.176335461438
          0.087000000000   10515978.152663826942
          0.088000000000    9915327.985342914239
          0.089000000000    9348392.083618711680
          0.090000000000    8813981.475162910298
          0.091000000000    8310897.853870859370
          0.092000000000    7837937.484314222820
          0.093000000000    7393894.953720003366
          0.094000000000    6977566.763303317130
          0.095000000000    6587754.751743499190
          0.096000000000    6223269.344553658739
          0.097000000000    5882932.624052605592
          0.098000000000    5565581.215595835820
          0.099000000000    5270068.986658638343
          0.100000000000    4995269.556282701902
          0.101000000000    4740078.613295523450
          0.102000000000    4503416.042584497482
          0.103000000000    4284227.859552797861
          0.104000000000    4081487.953697091434
          0.105000000000    3894199.643027182203
          0.106000000000    3721397.041789355222
          0.107000000000    3562146.244659011252
          0.108000000000    3415546.331229831558
          0.109000000000    3280730.195245597977
          0.110000000000    3156865.203595132101
          0.111000000000    3043153.690619027242
          0.112000000000    2938833.293758608401
          0.113000000000    2843177.137011639308
          0.114000000000    2755493.869045498315
          0.115000000000    2675127.563156934921
          0.116000000000    2601457.486557912547
          0.117000000000    2533897.746709881816
          0.118000000000    2471896.822624999564
          0.119000000000    2414936.989202750847
          0.120000000000    2362533.642775326036
          0.121000000000    2314234.536096575204
          0.122000000000    2269618.931028066203
          0.123000000000    2228296.677154265810
          0.124000000000    2189907.224497897085
          0.125000000000    2154118.578409126960
          0.126000000000    2120626.204569194932
          0.127000000000    2089151.891883773031
          0.128000000000    2059442.580845037242
          0.129000000000    2031269.164716864238
          0.130000000000    2004425.270647228695
          0.131000000000    1978726.027537683025
          0.132000000000    1954006.827204942470
          0.133000000000    1930122.085055558477
          0.134000000000    1906944.006165072788
          0.135000000000    1884361.362309142249
          0.136000000000    1862278.285139270360
          0.137000000000    1840613.080331939505
          0.138000000000    1819297.067169206450
          0.139000000000    1798273.447634214535
          0.140000000000    1777496.208727761172
          0.141000000000    1756929.061335095903
          0.142000000000    1736544.418596885400
          0.143000000000    1716322.416366909631
          0.144000000000    1696249.977973442990
          0.145000000000    1676319.925142858876
          0.146000000000    1656530.136594658718
          0.147000000000    1636882.755477966974
          0.148000000000    1617383.446492375573
          0.149000000000    1598040.703221337404
          0.150000000000    1578865.205906122690
          0.151000000000    1559869.229602506384
          0.152000000000    1541066.102392846951
          0.153000000000    1522469.713072585873
          0.154000000000    1504094.067493959563
          0.155000000000    1485952.892530634068
          0.156000000000    1468059.286425885512
          0.157000000000    1450425.414103468414
          0.158000000000    1433062.245855335612
          0.159000000000    1415979.337672915775
          0.160000000000    1399184.651359568816
          0.161000000000    1382684.412450049538
          0.162000000000    1366483.003868735628
          0.163000000000    1350582.893181101652
          0.164000000000    1334984.591232178966
          0.165000000000    1319686.639921187423
          0.166000000000    1304685.626832107548
          0.167000000000    1289976.224425443914
          0.168000000000    1275551.251495929202
          0.169000000000    1261401.754613602534
          0.170000000000    1247517.107290891698
          0.171000000000    1233885.124655266991
          0.172000000000    1220492.191454613348
          0.173000000000    1207323.401280163554
          0.174000000000    1194362.704958445393
          0.175000000000    1181593.066138599999
          0.176000000000    1168996.622183652595
          0.177000000000    1156554.848562804749
          0.178000000000    1144248.725036076736
          0.179000000000    1132058.902021469548
          0.180000000000    1119965.865637566429
          0.181000000000    1107950.100020296173
          0.182000000000    1095992.245620697737
          0.183000000000    1084073.252300183056
          0.184000000000    1072174.526150093647
          0.185000000000    1060278.069073154824
          0.186000000000    1048366.610274175997
          0.187000000000    1036423.728916485910
          0.188000000000    1024433.967307585641
          0.189000000000    1012382.934082639287
          0.190000000000    1000257.396956490586
          0.191000000000     988045.364714111667
          0.192000000000     975736.158204812906
          0.193000000000     963320.470197185408
          0.194000000000     950790.414039112162
          0.195000000000     938139.561150027206
          0.196000000000     925362.967450733180
          0.197000000000     912457.188909297693
          0.198000000000     899420.286449648440
          0.199000000000     886251.820532389218
          0.200000000000     872952.835775046377
          0.201000000000     859525.836031196755
          0.202000000000     845974.750394962961
          0.203000000000     832304.890638984623
          0.204000000000     818522.900630382355
          0.205000000000     804636.698300333577
          0.206000000000     790655.410769059556
          0.207000000000     776589.303248977871
          0.208000000000     762449.702365110512
          0.209000000000     748248.914543261402
          0.210000000000     734000.140123647405
          0.211000000000     719717.383860205649
          0.212000000000     705415.362464474980
          0.213000000000     691109.409847592702
          0.214000000000     676815.380704896874
          0.215000000000     662549.553075144766
          0.216000000000     648328.530490698293
          0.217000000000     634169.144316277932
          0.218000000000     620088.356852494762
          0.219000000000     606103.165756458882
          0.220000000000     592230.510305563570
          0.221000000000     578487.180002412759
          0.222000000000     564889.725988871069
          0.223000000000     551454.375705790706
          0.224000000000     538196.951202216907
          0.225000000000     525132.791464009439
          0.226000000000     512276.679097229964
          0.227000000000     499642.771666314511
          0.228000000000     487244.537951393635
          0.229000000000     475094.699353221396
          0.230000000000     463205.176638270495
          0.231000000000     451587.042180799588
          0.232000000000     440250.477823359251
          0.233000000000     429204.738442277943
          0.234000000000     418458.121270542615
          0.235000000000     408017.940997097350
          0.236000000000     397890.510629195487
          0.237000000000     388081.128073158325
          0.238000000000     378594.068358824064
          0.239000000000     369432.581404191849
          0.240000000000     360598.895189493487
          0.241000000000     352094.224184080143
          0.242000000000     343918.782845345908
          0.243000000000     336071.803986359795
          0.244000000000     328551.561788081308
          0.245000000000     321355.399213016150
          0.246000000000     314479.759559986996
          0.247000000000     307920.221884332073
          0.248000000000     301671.539994414081
          0.249000000000     295727.684723730839
          0.250000000000     290081.889168282505
          0.251000000000     284726.696571050794
          0.252000000000     279654.010529593099
          0.253000000000     274855.147198696388
          0.254000000000     270320.889157894359
          0.255000000000     266041.540613213961
          0.256000000000     262006.983603954810
          0.257000000000     258206.734888316336
          0.258000000000     254630.003186481539
          0.259000000000     251265.746466034063
          0.260000000000     248102.728962459776
          0.261000000000     245129.577636732953
          0.262000000000     242334.837782650720
          0.263000000000     239707.027508477360
          0.264000000000     237234.690830578795
          0.265000000000     234906.449130916473
          0.266000000000     232711.050745457527
          0.267000000000     230637.418466656498
          0.268000000000     228674.694760027283
          0.269000000000     226812.284512389626
          0.270000000000     225039.895147521223
          0.271000000000     223347.573963548581
          0.272000000000     221725.742565375869
          0.273000000000     220165.228284694836
          0.274000000000     218657.292499454110
          0.275000000000     217193.655784095492
          0.276000000000     215766.519841179485
          0.277000000000     214368.586184182932
          0.278000000000     212993.071560137148
          0.279000000000     211633.720119278150
          0.280000000000     210284.812356918759
          0.281000000000     208941.170870225382
          0.282000000000     207598.162989434233
          0.283000000000     206251.700359105598
          0.284000000000     204898.235560366884
          0.285000000000     203534.755879463162
          0.286000000000     202158.774341474520
          0.287000000000     200768.318140492629
          0.288000000000     199361.914609037340
          0.289000000000     197938.574879797787
          0.290000000000     196497.775402015395
          0.291000000000     195039.437482870300
          0.292000000000     193563.905031085189
          0.293000000000     192071.920685630088
          0.294000000000     190564.600516847218
          0.295000000000     189043.407490557554
          0.296000000000     187510.123887721769
          0.297000000000     185966.822873076046
          0.298000000000     184415.839405791921
          0.299000000000     182859.740683740471
          0.300000000000     181301.296310315840
