          0.001000000000  146713233.425318926573
          0.002000000000  146556926.422718524933
          0.003000000000  146296781.280262708664
          0.004000000000  145933346.487451374531
          0.005000000000  145467387.329048931599
          0.006000000000  144899883.298791319132
          0.007000000000  144232024.794380158186
          0.008000000000  143465209.108797460794
          0.009000000000  142601035.736132055521
          0.010000000000  141641301.013150155544
          0.011000000000  140587992.120820850134
          0.012000000000  139443280.472776293755
          0.013000000000  138209514.520375072956
          0.014000000000  136889212.006507486105
          0.015000000000  135485051.702597767115
          0.016000000000  133999864.665387183428
          0.017000000000  132436625.051993072033
          0.018000000000  130798440.533458843827
          0.019000000000  129088542.348486170173
          0.020000000000  127310275.040323629975
          0.021000000000  125467085.920804888010
          0.022000000000  123562514.306342631578
          0.023000000000  121600180.571226328611
          0.024000000000  119583775.063934877515
          0.025000000000  117517046.932207822800
          0.026000000000  115403792.902534693480
          0.027000000000  113247846.059285297990
          0.028000000000  111053064.668145194650
          0.029000000000  108823321.087658390403
          0.030000000000  106562490.811673104763
          0.031000000000  104274441.684216916561
          0.032000000000  101963023.326916262507
          0.033000000000   99632056.817433446646
          0.034000000000   97285324.655625984073
          0.035000000000   94926561.052168294787
          0.036000000000   92559442.572296351194
          0.037000000000   90187579.165103510022
          0.038000000000   87814505.606482982635
          0.039000000000   85443673.381374210119
          0.040000000000   83078443.028449922800
          0.041000000000   80722076.967781275511
          0.042000000000   78377732.829392656684
          0.043000000000   76048457.297917887568
          0.044000000000   73737180.485888600349
          0.045000000000   71446710.845470547676
          0.046000000000   69179730.625774875283
          0.047000000000   66938791.880206048489
          0.048000000000   64726313.025676354766
          0.049000000000   62544575.952953509986
          0.050000000000   60395723.684899762273
          0.051000000000   58281758.576935827732
          0.052000000000   56204541.051740981638
          0.053000000000   54165788.857963398099
          0.054000000000   52167076.840610861778
          0.055000000000   50209837.208794251084
          0.056000000000   48295360.284634709358
          0.057000000000   46424795.715431667864
          0.058000000000   44599154.129593037069
          0.059000000000   42819309.215413413942
          0.060000000000   41086000.200491905212
          0.061000000000   39399834.708466902375
          0.062000000000   37761291.968769691885
          0.063000000000   36170726.354289002717
          0.064000000000   34628371.221182495356
          0.065000000000   33134343.024574767798
          0.066000000000   31688645.683527253568
          0.067000000000   30291175.168476562947
          0.068000000000   28941724.284278307110
          0.069000000000   27639987.622091293335
          0.070000000000   26385566.653550483286
          0.071000000000   25177974.941044941545
          0.072000000000   24016643.438380263746
          0.073000000000   22900925.856703065336
          0.074000000000   21830104.071263507009
          0.075000000000   20803393.545385565609
          0.076000000000   19819948.748904794455
          0.077000000000   18878868.549303915352
          0.078000000000   17979201.554813541472
          0.079000000000   17119951.389858923852
          0.080000000000   16300081.884386440739
          0.081000000000   15518522.159813947976
          0.082000000000   14774171.595590757206
          0.083000000000   14065904.661622785032
          0.084000000000   13392575.603108156472
          0.085000000000   12753022.965628661215
          0.086000000000   12146073.949646916240
          0.087000000000   11570548.584854779765
          0.088000000000   11025263.716107236221
          0.089000000000   10509036.793941419572
          0.090000000000   10020689.463922131807
          0.091000000000    9559050.950265470892
          0.092000000000    9122961.230365592986
          0.093000000000    8711273.997980739921
          0.094000000000    8322859.413919765502
          0.095000000000    7956606.644105992280
          0.096000000000    7611426.185876725242
          0.097000000000    7286251.984302628785
          0.098000000000    6980043.341177757829
          0.099000000000    6691786.620137986727
          0.100000000000    6420496.752111509442
          0.101000000000    6165218.545986451209
          0.102000000000    5925027.810002120212
          0.103000000000    5699032.289926843718
          0.104000000000    5486372.430580959655
          0.105000000000    5286221.967697119340
          0.106000000000    5097788.357483816333
          0.107000000000    4920313.051573067904
          0.108000000000    4753071.625291086733
          0.109000000000    4595373.767394701950
          0.110000000000    4446563.139566638507
          0.111000000000    4306017.114064042456
          0.112000000000    4173146.397967961617
          0.113000000000    4047394.552490371279
          0.114000000000    3928237.415762583725
          0.115000000000    3815182.437456770800
          0.116000000000    3707767.933485164773
          0.117000000000    3605562.268880476244
          0.118000000000    3508162.976790908724
          0.119000000000    3415195.821325520519
          0.120000000000    3326313.811764033046
          0.121000000000    3241196.175402556080
          0.122000000000    3159547.296044935472
          0.123000000000    3081095.624872306827
          0.124000000000    3005592.570132716559
          0.125000000000    2932811.371790611651
          0.126000000000    2862545.966965910513
          0.127000000000    2794609.851674990728
          0.128000000000    2728834.944064277224
          0.129000000000    2665070.454002749640
          0.130000000000    2603181.763574019540
          0.131000000000    2543049.322683678940
          0.132000000000    2484567.563674503937
          0.133000000000    2427643.838522242382
          0.134000000000    2372197.381869168952
          0.135000000000    2318158.302842517849
          0.136000000000    2265466.608301162254
          0.137000000000    2214071.259857083205
          0.138000000000    2163929.266729581635
          0.139000000000    2115004.816209519748
          0.140000000000    2067268.443239418790
          0.141000000000    2020696.240353209898
          0.142000000000    1975269.108966811327
          0.143000000000    1930972.052768430905
          0.144000000000    1887793.513725227676
          0.145000000000    1845724.751001328230
          0.146000000000    1804759.262871014187
          0.147000000000    1764892.251510537462
          0.148000000000    1726120.130362353753
          0.149000000000    1688440.073586887680
          0.150000000000    1651849.606949077453
          0.151000000000    1616346.239329899196
          0.152000000000    1581927.133907233365
          0.153000000000    1548588.817915224703
          0.154000000000    1516326.929767052410
          0.155000000000    1485136.002212868771
          0.156000000000    1455009.280101942364
          0.157000000000    1425938.571226565167
          0.158000000000    1397914.128644159762
          0.159000000000    1370924.562803750159
          0.160000000000    1344956.781743275234
          0.161000000000    1319995.957574880915
          0.162000000000    1296025.517436492024
          0.163000000000    1273027.157059264602
          0.164000000000    1250980.875081850681
          0.165000000000    1229865.026233750628
          0.166000000000    1209656.391510857735
          0.167000000000    1190330.263476675143
          0.168000000000    1171860.544842180563
          0.169000000000    1154219.858505592681
          0.170000000000    1137379.667270212900
          0.171000000000    1121310.401503390400
          0.172000000000    1105981.593052440090
          0.173000000000    1091362.013793257298
          0.174000000000    1077419.817254218971
          0.175000000000    1064122.681831018534
          0.176000000000    1051437.954186922405
          0.177000000000    1039332.791516982834
          0.178000000000    1027774.301443351200
          0.179000000000    1016729.678401399520
          0.180000000000    1006166.335472276900
          0.181000000000     996052.030716052512
          0.182000000000     986354.987160157878
          0.183000000000     977044.005699624307
          0.184000000000     968088.570268114447
          0.185000000000     959458.944741059211
          0.186000000000     951126.261133816559
          0.187000000000     943062.598758026492
          0.188000000000     935241.054097291548
          0.189000000000     927635.801258891006
          0.190000000000     920222.142950161127
          0.191000000000     912976.552016457776
          0.192000000000     905876.703661389765
          0.193000000000     898901.498548826086
          0.194000000000     892031.077059754985
          0.195000000000     885246.825044750934
          0.196000000000     878531.371474439511
          0.197000000000     871868.578445587424
          0.198000000000     865243.524048968102
          0.199000000000     858642.478646968957
          0.200000000000     852052.875143601908
          0.201000000000     845463.273857463617
          0.202000000000     838863.322628964786
          0.203000000000     832243.712806953117
          0.204000000000     825596.131766989827
          0.205000000000     818913.212613813113
          0.206000000000     812188.481714629685
          0.207000000000     805416.304697616026
          0.208000000000     798591.831532155862
          0.209000000000     791710.941283919150
          0.210000000000     784770.187109540915
          0.211000000000     777766.742022738094
          0.212000000000     770698.345926676178
          0.213000000000     763563.254366878304
          0.214000000000     756360.189415345900
          0.215000000000     749088.293050461216
          0.216000000000     741747.083349277731
          0.217000000000     734336.413759324700
          0.218000000000     726856.435666859499
          0.219000000000     719307.564427994308
          0.220000000000     711690.448978870292
          0.221000000000     704005.945091502857
          0.222000000000     696255.092293855967
          0.223000000000     688439.094426067662
          0.224000000000     680559.303760556621
          0.225000000000     672617.208571992931
          0.226000000000     664614.424004326109
          0.227000000000     656552.686046543415
          0.228000000000     648433.848396903952
          0.229000000000     640259.881967174006
          0.230000000000     632032.876754169236
          0.231000000000     623755.045785832917
          0.232000000000     615428.730833141250
          0.233000000000     607056.409567502327
          0.234000000000     598640.703835879918
          0.235000000000     590184.388722679229
          0.236000000000     581690.402068334050
          0.237000000000     573161.854119412601
          0.238000000000     564602.036993728369
          0.239000000000     556014.433656223118
          0.240000000000     547402.726117019542
          0.241000000000     538770.802581749740
          0.242000000000     530122.763305717148
          0.243000000000     521462.924927431333
          0.244000000000     512795.823083084135
          0.245000000000     504126.213131373632
          0.246000000000     495459.068847283255
          0.247000000000     486799.578973705764
          0.248000000000     478153.141550680040
          0.249000000000     469525.355973234342
          0.250000000000     460922.012759922130
          0.251000000000     452349.081044908788
          0.252000000000     443812.693836304534
          0.253000000000     435319.131112425181
          0.254000000000     426874.800855032809
          0.255000000000     418486.218144492363
          0.256000000000     410159.982465671434
          0.257000000000     401902.753395185398
          0.258000000000     393721.224860047689
          0.259000000000     385622.098174725019
          0.260000000000     377612.054077969864
          0.261000000000     369697.724002373521
          0.262000000000     361885.660818435368
          0.263000000000     354182.309300960740
          0.264000000000     346593.976568738115
          0.265000000000     339126.802748888498
          0.266000000000     331786.732114888204
          0.267000000000     324579.484942294774
          0.268000000000     317510.530318677309
          0.269000000000     310585.060134325351
          0.270000000000     303807.964468157385
          0.271000000000     297183.808569077577
          0.272000000000     290716.811616938328
          0.273000000000     284410.827429622645
          0.274000000000     278269.327263651125
          0.275000000000     272295.384835460281
          0.276000000000     266491.663669320231
          0.277000000000     260860.406855969282
          0.278000000000     255403.429283749632
          0.279000000000     250122.112381525658
          0.280000000000     245017.401390207349
          0.281000000000     240089.805157543189
          0.282000000000     235339.398429170396
          0.283000000000     230765.826587966032
          0.284000000000     226368.312773709826
          0.285000000000     222145.667296120373
          0.286000000000     218096.299236659048
          0.287000000000     214218.230118216685
          0.288000000000     210509.109507072717
          0.289000000000     206966.232398412947
          0.290000000000     203586.558225344837
          0.291000000000     200366.731321770145
          0.292000000000     197303.102661754005
          0.293000000000     194391.752692164882
          0.294000000000     191628.515071353468
          0.295000000000     189009.001124494040
          0.296000000000     186528.624825872510
          0.297000000000     184182.628119817411
          0.298000000000     181966.106395077775
          0.299000000000     179874.033932155784
          0.300000000000     177901.289149317221
