          0.001000000000  147706423.910060316324
          0.002000000000  147558785.920791357756
          0.003000000000  147313032.305341273546
          0.004000000000  146969626.663059055805
          0.005000000000  146529216.135458707809
          0.006000000000  145992629.517345696688
          0.007000000000  145360874.840608268976
          0.008000000000  144635136.439909189939
          0.009000000000  143816771.511402875185
          0.010000000000  142907306.177547752857
          0.011000000000  141908431.072916030884
          0.012000000000  140821996.467692226171
          0.013000000000  139650006.947231233120
          0.014000000000  138394615.667686194181
          0.015000000000  137058118.209239363670
          0.016000000000  135642946.049889087677
          0.017000000000  134151659.684072673321
          0.018000000000  132586941.411637037992
          0.019000000000  130951587.823754727840
          0.020000000000  129248502.013369336724
          0.021000000000  127480685.538614943624
          0.022000000000  125651230.168398648500
          0.023000000000  123763309.439931437373
          0.024000000000  121820170.058460965753
          0.025000000000  119825123.169827088714
          0.026000000000  117781535.536659508944
          0.027000000000  115692820.649107560515
          0.028000000000  113562429.800968721509
          0.029000000000  111393843.161872655153
          0.030000000000  109190560.875889718533
          0.031000000000  106956094.216490745544
          0.032000000000  104693956.827229097486
          0.033000000000  102407656.076845362782
          0.034000000000  100100684.556704834104
          0.035000000000   97776511.747585117817
          0.036000000000   95438575.881828397512
          0.037000000000   93090276.025774791837
          0.038000000000   90734964.406208768487
          0.039000000000   88375939.003270998597
          0.040000000000   86016436.430944457650
          0.041000000000   83659625.124788969755
          0.042000000000   81308598.855130761862
          0.043000000000   78966370.582356497645
          0.044000000000   76635866.669382020831
          0.045000000000   74319921.464744701982
          0.046000000000   72021272.268093466759
          0.047000000000   69742554.688186258078
          0.048000000000   67486298.401804983616
          0.049000000000   65254923.320283919573
          0.050000000000   63050736.168662875891
          0.051000000000   60875927.480774842203
          0.052000000000   58732569.011901669204
          0.053000000000   56622611.568984135985
          0.054000000000   54547883.256756238639
          0.055000000000   52510088.136581242085
          0.056000000000   50510805.293243743479
          0.057000000000   48551488.303462252021
          0.058000000000   46633465.098459459841
          0.059000000000   44757938.211562730372
          0.060000000000   42925985.400514893234
          0.061000000000   41138560.632950589061
          0.062000000000   39396495.422341674566
          0.063000000000   37700500.500657632947
          0.064000000000   36051167.812997601926
          0.065000000000   34448972.818557903171
          0.066000000000   32894277.081491567194
          0.067000000000   31387331.134496506304
          0.068000000000   29928277.597351111472
          0.069000000000   28517154.532073095441
          0.070000000000   27153899.015948932618
          0.071000000000   25838350.913324929774
          0.072000000000   24570256.826802030206
          0.073000000000   23349274.208308089525
          0.074000000000   22174975.610447965562
          0.075000000000   21046853.058545056731
          0.076000000000   19964322.523882497102
          0.077000000000   18926728.478833630681
          0.078000000000   17933348.514829415828
          0.079000000000   16983398.004444662482
          0.080000000000   16076034.789291748777
          0.081000000000   15210363.875885128975
          0.082000000000   14385442.122177466750
          0.083000000000   13600282.898068843409
          0.084000000000   12853860.703840598464
          0.085000000000   12145115.731170356274
          0.086000000000   11472958.352133782580
          0.087000000000   10836273.522386020049
          0.088000000000   10233925.085542259738
          0.089000000000    9664759.966630479321
          0.090000000000    9127612.243369663134
          0.091000000000    8621307.084928523749
          0.092000000000    8144664.548734107986
          0.093000000000    7696503.226827133447
          0.094000000000    7275643.734193010256
          0.095000000000    6880912.032429719344
          0.096000000000    6511142.583044521511
          0.097000000000    6165181.325592191890
          0.098000000000    5841888.476778239943
          0.099000000000    5540141.147543553263
          0.100000000000    5258835.776021623984
          0.101000000000    4996890.375110187568
          0.102000000000    4753246.594223327003
          0.103000000000    4526871.595585450530
          0.104000000000    4316759.746190691367
          0.105000000000    4121934.127279263455
          0.106000000000    3941447.863873384893
          0.107000000000    3774385.277566757519
          0.108000000000    3619862.866373389494
          0.109000000000    3477030.116010317113
          0.110000000000    3345070.147515174001
          0.111000000000    3223200.206581305712
          0.112000000000    3110672.000430704094
          0.113000000000    3006771.888437340967
          0.114000000000    2910820.933060767595
          0.115000000000    2822174.817952319048
          0.116000000000    2740223.640353826340
          0.117000000000    2664391.585122808348
          0.118000000000    2594136.487888368312
          0.119000000000    2528949.294970624615
          0.120000000000    2468353.427783499938
          0.121000000000    2411904.059488541912
          0.122000000000    2359187.311676386744
          0.123000000000    2309819.378825304564
          0.124000000000    2263445.588223926257
          0.125000000000    2219739.402949868236
          0.126000000000    2178401.375369495712
          0.127000000000    2139158.058468539268
          0.128000000000    2101760.882140650414
          0.129000000000    2065985.001353312051
          0.130000000000    2031628.122880622745
          0.131000000000    1998509.317041237373
          0.132000000000    1966467.820610908559
          0.133000000000    1935361.836793583119
          0.134000000000    1905067.337835654849
          0.135000000000    1875476.875556854997
          0.136000000000    1846498.404750195798
          0.137000000000    1818054.124074850930
          0.138000000000    1790079.338731340365
          0.139000000000    1762521.348870534683
          0.140000000000    1735338.367347693071
          0.141000000000    1708498.470092887059
          0.142000000000    1681978.582030508900
          0.143000000000    1655763.501145231770
          0.144000000000    1629844.962961217389
          0.145000000000    1604220.747376772109
          0.146000000000    1578893.829479615204
          0.147000000000    1553871.575659547001
          0.148000000000    1529164.986036325339
          0.149000000000    1504787.983933038078
          0.150000000000    1480756.752848462434
          0.151000000000    1457089.121118345996
          0.152000000000    1433803.994204537943
          0.153000000000    1410920.834313919768
          0.154000000000    1388459.186826076824
          0.155000000000    1366438.252800309798
          0.156000000000    1344876.506639111321
          0.157000000000    1323791.357806757325
          0.158000000000    1303198.855338370427
          0.159000000000    1283113.433726822026
          0.160000000000    1263547.698641876690
          0.161000000000    1244512.250818221830
          0.162000000000    1226015.546345927753
          0.163000000000    1208063.791508663679
          0.164000000000    1190660.870240788208
          0.165000000000    1173808.302214368479
          0.166000000000    1157505.229520512046
          0.167000000000    1141748.429875853006
          0.168000000000    1126532.354264007648
          0.169000000000    1111849.186912757112
          0.170000000000    1097688.925510195550
          0.171000000000    1084039.479576339014
          0.172000000000    1070886.784930193797
          0.173000000000    1058214.932225355878
          0.174000000000    1046006.307569326833
          0.175000000000    1034241.743291922612
          0.176000000000    1022900.676986237988
          0.177000000000    1011961.317010327126
          0.178000000000    1001400.812709074118
          0.179000000000     991195.427692336612
          0.180000000000     981320.714587194263
          0.181000000000     971751.689768133103
          0.182000000000     962463.006658548838
          0.183000000000     953429.126289651613
          0.184000000000     944624.483897897066
          0.185000000000     936023.650438891375
          0.186000000000     927601.487993849791
          0.187000000000     919333.298143451801
          0.188000000000     911194.962482828647
          0.189000000000     903163.074550028308
          0.190000000000     895215.062537929276
          0.191000000000     887329.302256033407
          0.192000000000     879485.219903176185
          0.193000000000     871663.384304688429
          0.194000000000     863845.588357491419
          0.195000000000     856014.919513704139
          0.196000000000     848155.819217121112
          0.197000000000     840254.131287341239
          0.198000000000     832297.139322803938
          0.199000000000     824273.593266593525
          0.200000000000     816173.725347093306
          0.201000000000     807989.255669517559
          0.202000000000     799713.387793598464
          0.203000000000     791340.794687325368
          0.204000000000     782867.595496367197
          0.205000000000     774291.323613795103
          0.206000000000     765610.886574544129
          0.207000000000     756826.518334206427
          0.208000000000     747939.724521612516
          0.209000000000     738953.221279936843
          0.210000000000     729870.868331118603
          0.211000000000     720697.596913886140
          0.212000000000     711439.333256312995
          0.213000000000     702102.918249867158
          0.214000000000     692696.023993546842
          0.215000000000     683227.067873926135
          0.216000000000     673705.124839998665
          0.217000000000     664139.838520889403
          0.218000000000     654541.331819831743
          0.219000000000     644920.117599570542
          0.220000000000     635287.010052881436
          0.221000000000     625653.037327215774
          0.222000000000     616029.355945047690
          0.223000000000     606427.167531438638
          0.224000000000     596857.638327969937
          0.225000000000     587331.821937741130
          0.226000000000     577860.585710001062
          0.227000000000     568454.541135216597
          0.228000000000     559123.978582504555
          0.229000000000     549878.806671483559
          0.230000000000     540728.496530092205
          0.231000000000     531682.031148965005
          0.232000000000     522747.860001967230
          0.233000000000     513933.859061556053
          0.234000000000     505247.296297117078
          0.235000000000     496694.802704596077
          0.236000000000     488282.348876699747
          0.237000000000     480015.227085115621
          0.238000000000     471898.038809562800
          0.239000000000     463934.687613486545
          0.240000000000     456128.377232827770
          0.241000000000     448481.614712836628
          0.242000000000     440996.218398442550
          0.243000000000     433673.330556449713
          0.244000000000     426513.434382782259
          0.245000000000     419516.375125505438
          0.246000000000     412681.385034149745
          0.247000000000     406007.111828390509
          0.248000000000     399491.650364135334
          0.249000000000     393132.577162793605
          0.250000000000     386926.987459801603
          0.251000000000     380871.534421483055
          0.252000000000     374962.470174925053
          0.253000000000     369195.688293719490
          0.254000000000     363566.767383170256
          0.255000000000     358071.015411737084
          0.256000000000     352703.514441032719
          0.257000000000     347459.165414563671
          0.258000000000     342332.732675365871
          0.259000000000     337318.887894740037
          0.260000000000     332412.253108251549
          0.261000000000     327607.442570813932
          0.262000000000     322899.103160015773
          0.263000000000     318281.953075551370
          0.264000000000     313750.818602648622
          0.265000000000     309300.668728446413
          0.266000000000     304926.647422339534
          0.267000000000     300624.103414015088
          0.268000000000     296388.617326234176
          0.269000000000     292216.026043087244
          0.270000000000     288102.444218344579
          0.271000000000     284044.282852379023
          0.272000000000     280038.264889929094
          0.273000000000     276081.437814364908
          0.274000000000     272171.183237045072
          0.275000000000     268305.223502697365
          0.276000000000     264481.625353226846
          0.277000000000     260698.800713006640
          0.278000000000     256955.504678232886
          0.279000000000     253250.830811341788
          0.280000000000     249584.203858626715
          0.281000000000     245955.370024964184
          0.282000000000     242364.384953920759
          0.283000000000     238811.599574330379
          0.284000000000     235297.643985749222
          0.285000000000     231823.409564845759
          0.286000000000     228390.029482862563
          0.287000000000     224998.857830692810
          0.288000000000     221651.447552861326
          0.289000000000     218349.527394847479
          0.290000000000     215094.978069672623
          0.291000000000     211889.807849608333
          0.292000000000     208736.127787226258
          0.293000000000     205636.126766920905
          0.294000000000     202592.046583489166
          0.295000000000     199606.157238478976
          0.296000000000     196680.732637867884
          0.297000000000     193818.026866306958
          0.298000000000     191020.251203754451
          0.299000000000     188289.552039927599
          0.300000000000     185627.989830740727
