          0.001000000000  142194843.772993326187
          0.002000000000  142062464.026183247566
          0.003000000000  141842109.213652521372
          0.004000000000  141534195.588375240564
          0.005000000000  141139304.117771655321
          0.006000000000  140658178.705726146698
          0.007000000000  140091723.919093877077
          0.008000000000  139441002.227951079607
          0.009000000000  138707230.770832091570
          0.010000000000  137891777.658109962940
          0.011000000000  136996157.828493714333
          0.012000000000  136022028.475427269936
          0.013000000000  134971184.061831265688
          0.014000000000  133845550.943249180913
          0.015000000000  132647181.620947629213
          0.016000000000  131378248.647927254438
          0.017000000000  130041038.212069317698
          0.018000000000  128637943.421836152673
          0.019000000000  127171457.320956081152
          0.020000000000  125644165.659464672208
          0.021000000000  124058739.449257224798
          0.022000000000  122417927.332948029041
          0.023000000000  120724547.795364513993
          0.024000000000  118981481.247374594212
          0.025000000000  117191662.011984705925
          0.026000000000  115358070.242759630084
          0.027000000000  113483723.804562523961
          0.028000000000  111571670.146453797817
          0.029000000000  109624978.196282714605
          0.030000000000  107646730.306044593453
          0.031000000000  105640014.276549383998
          0.032000000000  103607915.489209875464
          0.033000000000  101553509.171997040510
          0.034000000000   99479852.825635477901
          0.035000000000   97389978.835129037499
          0.036000000000   95286887.290540665388
          0.037000000000   93173539.039735317230
          0.038000000000   91052848.994481146336
          0.039000000000   88927679.709907531738
          0.040000000000   86800835.255857020617
          0.041000000000   84675055.397132873535
          0.042000000000   82553010.098069727421
          0.043000000000   80437294.365222737193
          0.044000000000   78330423.440305456519
          0.045000000000   76234828.353811278939
          0.046000000000   74152851.848054170609
          0.047000000000   72086744.676622599363
          0.048000000000   70038662.285536333919
          0.049000000000   68010661.879677429795
          0.050000000000   66004699.876355655491
          0.051000000000   64022629.746216215193
          0.052000000000   62066200.240038558841
          0.053000000000   60137053.998387806118
          0.054000000000   58236726.539515696466
          0.055000000000   56366645.619426839054
          0.056000000000   54528130.956568725407
          0.057000000000   52722394.312259040773
          0.058000000000   50950539.916650012136
          0.059000000000   49213565.228818252683
          0.060000000000   47512362.018443353474
          0.061000000000   45847717.755474835634
          0.062000000000   44220317.293245509267
          0.063000000000   42630744.829617545009
          0.064000000000   41079486.129980593920
          0.065000000000   39566930.995254248381
          0.066000000000   38093375.957471713424
          0.067000000000   36659027.185049489141
          0.068000000000   35264003.579476863146
          0.069000000000   33908340.044878661633
          0.070000000000   32591990.911729972810
          0.071000000000   31314833.495923683047
          0.072000000000   30076671.774393353611
          0.073000000000   28877240.158608183265
          0.074000000000   27716207.347441229969
          0.075000000000   26593180.241188593209
          0.076000000000   25507707.898880384862
          0.077000000000   24459285.521446809173
          0.078000000000   23447358.443820174783
          0.079000000000   22471326.119617778808
          0.080000000000   21530546.082690704614
          0.081000000000   20624337.870513211936
          0.082000000000   19751986.895132806152
          0.083000000000   18912748.248188484460
          0.084000000000   18105850.427335679531
          0.085000000000   17330498.972279980779
          0.086000000000   16585879.999512189999
          0.087000000000   15871163.625755472109
          0.088000000000   15185507.271063832566
          0.089000000000   14528058.833456486464
          0.090000000000   13897959.727920249104
          0.091000000000   13294347.783561270684
          0.092000000000   12716359.993631530553
          0.093000000000   12163135.114088390023
          0.094000000000   11633816.107264921069
          0.095000000000   11127552.428127259016
          0.096000000000   10643502.151470758021
          0.097000000000   10180833.939253723249
          0.098000000000    9738728.848082944751
          0.099000000000    9316381.977645792067
          0.100000000000    8913003.961626019329
          0.101000000000    8527822.303341060877
          0.102000000000    8160082.558997659944
          0.103000000000    7809049.372074373998
          0.104000000000    7474007.362905283459
          0.105000000000    7154261.878056781366
          0.106000000000    6849139.604556554928
          0.107000000000    6557989.054452017881
          0.108000000000    6280180.925542270765
          0.109000000000    6015108.344445336610
          0.110000000000    5762186.998428627849
          0.111000000000    5520855.162648744881
          0.112000000000    5290573.629615191370
          0.113000000000    5070825.547814733349
          0.114000000000    4861116.176508511417
          0.115000000000    4660972.563745827414
          0.116000000000    4469943.154627503827
          0.117000000000    4287597.336800717749
          0.118000000000    4113524.930077909026
          0.119000000000    3947335.626947580371
          0.120000000000    3788658.390586816240
          0.121000000000    3637140.816796557046
          0.122000000000    3492448.466064793989
          0.123000000000    3354264.171720978804
          0.124000000000    3222287.329881378449
          0.125000000000    3096233.176602396648
          0.126000000000    2975832.057358765043
          0.127000000000    2860828.693650335539
          0.128000000000    2750981.451216876507
          0.129000000000    2646061.614007359836
          0.130000000000    2545852.667712070048
          0.131000000000    2450149.596324248705
          0.132000000000    2358758.194856164046
          0.133000000000    2271494.400993743911
          0.134000000000    2188183.648137783632
          0.135000000000    2108660.241948902141
          0.136000000000    2032766.762190915877
          0.137000000000    1960353.491354314378
          0.138000000000    1891277.871239599306
          0.139000000000    1825403.988391448278
          0.140000000000    1762602.088999435538
          0.141000000000    1702748.123621121282
          0.142000000000    1645723.321839417331
          0.143000000000    1591413.796739015030
          0.144000000000    1539710.178876808845
          0.145000000000    1490507.279229628853
          0.146000000000    1443703.780428561615
          0.147000000000    1399201.955434016418
          0.148000000000    1356907.412668169010
          0.149000000000    1316728.866502616322
          0.150000000000    1278577.931897606701
          0.151000000000    1242368.941905489657
          0.152000000000    1208018.786684100982
          0.153000000000    1175446.772615073714
          0.154000000000    1144574.500087118708
          0.155000000000    1115325.758483958896
          0.156000000000    1087626.436910280725
          0.157000000000    1061404.449195693946
          0.158000000000    1036589.671735315584
          0.159000000000    1013113.892755323905
          0.160000000000     990910.771631320938
          0.161000000000     969915.806935945293
          0.162000000000     950066.311948428862
          0.163000000000     931301.396421933663
          0.164000000000     913561.953473173664
          0.165000000000     896790.650532321539
          0.166000000000     880931.923368131160
          0.167000000000     865931.972282971139
          0.168000000000     851738.759653756279
          0.169000000000     838302.008076922852
          0.170000000000     825573.198457775987
          0.171000000000     813505.567465701373
          0.172000000000     802054.103856517817
          0.173000000000     791175.543240678846
          0.174000000000     780828.360950601054
          0.175000000000     770972.762731749332
          0.176000000000     761570.673049379024
          0.177000000000     752585.720866126241
          0.178000000000     743983.222804122139
          0.179000000000     735730.163659164333
          0.180000000000     727795.174283203669
          0.181000000000     720148.506894942606
          0.182000000000     712762.007916842587
          0.183000000000     705609.088469894370
          0.184000000000     698664.692685489659
          0.185000000000     691905.264016701840
          0.186000000000     685308.709749137401
          0.187000000000     678854.363924822304
          0.188000000000     672522.948901236174
          0.189000000000     666296.535772091476
          0.190000000000     660158.503876950475
          0.191000000000     654093.499623599462
          0.192000000000     648087.394840763416
          0.193000000000     642127.244869249058
          0.194000000000     636201.246587773436
          0.195000000000     630298.696555556846
          0.196000000000     624409.949437739560
          0.197000000000     618526.376862385194
          0.198000000000     612640.326839202666
          0.199000000000     606745.083850997151
          0.200000000000     600834.829709133599
          0.201000000000     594904.605244775303
          0.202000000000     588950.272888048436
          0.203000000000     582968.480168575305
          0.204000000000     576956.624152611941
          0.205000000000     570912.816814999795
          0.206000000000     564835.851328390534
          0.207000000000     558725.169237720314
          0.208000000000     552580.828475203714
          0.209000000000     546403.472159959143
          0.210000000000     540194.298117108759
          0.211000000000     533955.029043746530
          0.212000000000     527687.883243644144
          0.213000000000     521395.545848939742
          0.214000000000     515081.140445327328
          0.215000000000     508748.201017411135
          0.216000000000     502400.644132759131
          0.217000000000     496042.741286874982
          0.218000000000     489679.091336468759
          0.219000000000     483314.592955113680
          0.220000000000     476954.417053404206
          0.221000000000     470603.979114906571
          0.222000000000     464268.911409425200
          0.223000000000     457955.035056157387
          0.224000000000     451668.331921012141
          0.225000000000     445414.916344609519
          0.226000000000     439201.006709927460
          0.227000000000     433032.896871212462
          0.228000000000     426916.927478312980
          0.229000000000     420859.457242861856
          0.230000000000     414866.834204692219
          0.231000000000     408945.367068127147
          0.232000000000     403101.296688437636
          0.233000000000     397340.767798453511
          0.234000000000     391669.801074120682
          0.235000000000     386094.265645402076
          0.236000000000     380619.852165424265
          0.237000000000     375252.046555927140
          0.238000000000     369996.104550958611
          0.239000000000     364857.027163178951
          0.240000000000     359839.537198205770
          0.241000000000     354948.056942046154
          0.242000000000     350186.687144813885
          0.243000000000     345559.187420724018
          0.244000000000     341068.958179707057
          0.245000000000     336719.024200081010
          0.246000000000     332512.019944456697
          0.247000000000     328450.176712677756
          0.248000000000     324535.311716061260
          0.249000000000     320768.819146681752
          0.250000000000     317151.663304025889
          0.251000000000     313684.373829123855
          0.252000000000     310367.043083409779
          0.253000000000     307199.325696142390
          0.254000000000     304180.440290433995
          0.255000000000     301309.173383859918
          0.256000000000     298583.885445421096
          0.257000000000     296002.519076454104
          0.258000000000     293562.609269028762
          0.259000000000     291261.295681602031
          0.260000000000     289095.336858318071
          0.261000000000     287061.126305496437
          0.262000000000     285154.710326620494
          0.263000000000     283371.807505692588
          0.264000000000     281707.829718148627
          0.265000000000     280157.904538860195
          0.266000000000     278716.898908056552
          0.267000000000     277379.443908386689
          0.268000000000     276139.960499880428
          0.269000000000     274992.686054289399
          0.270000000000     273931.701526225195
          0.271000000000     272950.959095708269
          0.272000000000     272044.310115160129
          0.273000000000     271205.533193617186
          0.274000000000     270428.362251813989
          0.275000000000     269706.514384039561
          0.276000000000     269033.717365941266
          0.277000000000     268403.736652025254
          0.278000000000     267810.401712138962
          0.279000000000     267247.631562901195
          0.280000000000     266709.459357602755
          0.281000000000     266190.055906597583
          0.282000000000     265683.752009486430
          0.283000000000     265185.059490392916
          0.284000000000     264688.690838246373
          0.285000000000     264189.577365157078
          0.286000000000     263682.885807508312
          0.287000000000     263164.033306322992
          0.288000000000     262628.700715580897
          0.289000000000     262072.844199382176
          0.290000000000     261492.705091172305
          0.291000000000     260884.818000390660
          0.292000000000     260246.017163964658
          0.293000000000     259573.441051809001
          0.294000000000     258864.535246912303
          0.295000000000     258117.053631571296
          0.296000000000     257329.057921786822
          0.297000000000     256498.915601747198
          0.298000000000     255625.296319544606
          0.299000000000     254707.166813831369
          0.300000000000     253743.784448896942
