          0.001000000000  147963157.755172967911
          0.002000000000  147820159.587948173285
          0.003000000000  147582121.809246271849
          0.004000000000  147249482.271865665913
          0.005000000000  146822852.178928464651
          0.006000000000  146303014.301527798176
          0.007000000000  145690920.699144035578
          0.008000000000  144987689.951768845320
          0.009000000000  144194603.914543658495
          0.010000000000  143313104.007603675127
          0.011000000000  142344787.055566132069
          0.012000000000  141291400.692821115255
          0.013000000000  140154838.352429598570
          0.014000000000  138937133.857968360186
          0.015000000000  137640455.639117091894
          0.016000000000  136267100.593146622181
          0.017000000000  134819487.615710407495
          0.018000000000  133300150.825486660004
          0.019000000000  131711732.508232399821
          0.020000000000  130056975.806725189090
          0.021000000000  128338717.183841332793
          0.022000000000  126559878.686672672629
          0.023000000000  124723460.040118008852
          0.024000000000  122832530.598757848144
          0.025000000000  120890221.186119079590
          0.026000000000  118899715.850529253483
          0.027000000000  116864243.566802501678
          0.028000000000  114787069.912841558456
          0.029000000000  112671488.750002443790
          0.030000000000  110520813.935694009066
          0.031000000000  108338371.096175745130
          0.032000000000  106127489.486907452345
          0.033000000000  103891493.967082574964
          0.034000000000  101633697.114133119583
          0.035000000000   99357391.503053501248
          0.036000000000   97065842.174383297563
          0.037000000000   94762279.313524916768
          0.038000000000   92449891.162908613682
          0.039000000000   90131817.187206715345
          0.040000000000   87811141.510472312570
          0.041000000000   85490886.642645850778
          0.042000000000   83174007.511437609792
          0.043000000000   80863385.814068585634
          0.044000000000   78561824.701819717884
          0.045000000000   76272043.808771088719
          0.046000000000   73996674.634516626596
          0.047000000000   71738256.289053171873
          0.048000000000   69499231.606417044997
          0.049000000000   67281943.632071837783
          0.050000000000   65088632.487437143922
          0.051000000000   62921432.613394267857
          0.052000000000   60782370.393072873354
          0.053000000000   58673362.152698621154
          0.054000000000   56596212.537835508585
          0.055000000000   54552613.260932266712
          0.056000000000   52544142.214717321098
          0.057000000000   50572262.944688506424
          0.058000000000   48638324.472694151103
          0.059000000000   46743561.462436474860
          0.060000000000   44889094.716625317931
          0.061000000000   43075931.994482025504
          0.062000000000   41304969.137353159487
          0.063000000000   39576991.489326789975
          0.064000000000   37892675.598960973322
          0.065000000000   36252591.187545254827
          0.066000000000   34657203.368697032332
          0.067000000000   33106875.103583443910
          0.068000000000   31601869.875611048192
          0.069000000000   30142354.568087119609
          0.070000000000   28728402.528083253652
          0.071000000000   27359996.799556683749
          0.072000000000   26037033.508684251457
          0.073000000000   24759325.384346697479
          0.074000000000   23526605.396758701652
          0.075000000000   22338530.497376501560
          0.076000000000   21194685.443416319788
          0.077000000000   20094586.690594423562
          0.078000000000   19037686.338031627238
          0.079000000000   18023376.109666563570
          0.080000000000   17050991.356970824301
          0.081000000000   16119815.068267317489
          0.082000000000   15229081.870500616729
          0.083000000000   14377982.009904623032
          0.084000000000   13565665.298642370850
          0.085000000000   12791245.015157153830
          0.086000000000   12053801.746667888016
          0.087000000000   11352387.162955269217
          0.088000000000   10686027.711322804913
          0.089000000000   10053728.223364064470
          0.090000000000    9454475.424927162006
          0.091000000000    8887241.341433040798
          0.092000000000    8350986.591468938626
          0.093000000000    7844663.562342763878
          0.094000000000    7367219.462040698156
          0.095000000000    6917599.242777898908
          0.096000000000    6494748.392064800486
          0.097000000000    6097615.587929458357
          0.098000000000    5725155.215633315034
          0.099000000000    5376329.743893307634
          0.100000000000    5050111.959273500368
          0.101000000000    4745487.058034283109
          0.102000000000    4461454.595321764238
          0.103000000000    4197030.292145719752
          0.104000000000    3951247.701128072571
          0.105000000000    3723159.732504430693
          0.106000000000    3511840.042329531163
          0.107000000000    3316384.285269893706
          0.108000000000    3135911.234766728710
          0.109000000000    2969563.773715937044
          0.110000000000    2816509.759142119903
          0.111000000000    2675942.764639128000
          0.112000000000    2547082.704611341003
          0.113000000000    2429176.344578896184
          0.114000000000    2321497.702006368898
          0.115000000000    2223348.342279683799
          0.116000000000    2134057.574591080658
          0.117000000000    2052982.552597903414
          0.118000000000    1979508.284799317596
          0.119000000000    1913047.559627267998
          0.120000000000    1853040.790275176289
          0.121000000000    1798955.784292012453
          0.122000000000    1750287.442951865261
          0.123000000000    1706557.395371281775
          0.124000000000    1667313.572290615877
          0.125000000000    1632129.724362771725
          0.126000000000    1600604.889704246772
          0.127000000000    1572362.815361717250
          0.128000000000    1547051.337233273312
          0.129000000000    1524341.722858855501
          0.130000000000    1503927.981360485079
          0.131000000000    1485526.144671476912
          0.132000000000    1468873.524045525817
          0.133000000000    1453727.945683384780
          0.134000000000    1439866.969157525105
          0.135000000000    1427087.092154657003
          0.136000000000    1415202.944894064451
          0.137000000000    1404046.477416090900
          0.138000000000    1393466.142771918094
          0.139000000000    1383326.078982801409
          0.140000000000    1373505.292475296184
          0.141000000000    1363896.845539310249
          0.142000000000    1354407.050198386190
          0.143000000000    1344954.670726975193
          0.144000000000    1335470.136898060562
          0.145000000000    1325894.769896506798
          0.146000000000    1316180.022689169738
          0.147000000000    1306286.736502396176
          0.148000000000    1296184.414921135176
          0.149000000000    1285850.516991398996
          0.150000000000    1275269.770579613047
          0.151000000000    1264433.507118070731
          0.152000000000    1253339.018745615846
          0.153000000000    1241988.938736391254
          0.154000000000    1230390.645997186890
          0.155000000000    1218555.694305429701
          0.156000000000    1206499.266854898538
          0.157000000000    1194239.656575096305
          0.158000000000    1181797.772592156660
          0.159000000000    1169196.673104762565
          0.160000000000    1156461.124857206596
          0.161000000000    1143617.189303424908
          0.162000000000    1130691.835470708087
          0.163000000000    1117712.579449514160
          0.164000000000    1104707.150356416358
          0.165000000000    1091703.182540746871
          0.166000000000    1078727.933731694706
          0.167000000000    1065808.028751812642
          0.168000000000    1052969.228354748804
          0.169000000000    1040236.222679872066
          0.170000000000    1027632.448754038778
          0.171000000000    1015179.931411567843
          0.172000000000    1002899.146947032306
          0.173000000000     990808.908762519830
          0.174000000000     978926.274220942287
          0.175000000000     967266.471870600246
          0.176000000000     955842.848163072020
          0.177000000000     944666.832747097127
          0.178000000000     933747.921385425492
          0.179000000000     923093.675509762834
          0.180000000000     912709.737401051796
          0.181000000000     902599.859958587214
          0.182000000000     892765.950001891819
          0.183000000000     883208.124033937114
          0.184000000000     873924.775383461849
          0.185000000000     864912.651637505856
          0.186000000000     856166.941273425589
          0.187000000000     847681.368401953252
          0.188000000000     839448.294539890485
          0.189000000000     831458.826342456508
          0.190000000000     823702.928241073037
          0.191000000000     816169.538952602539
          0.192000000000     808846.690850413637
          0.193000000000     801721.631216194713
          0.194000000000     794780.944423930836
          0.195000000000     788010.674143644748
          0.196000000000     781396.444692431483
          0.197000000000     774923.580703446176
          0.198000000000     768577.224329764838
          0.199000000000     762342.449249186786
          0.200000000000     756204.370787653839
          0.201000000000     750148.251532811206
          0.202000000000     744159.601865020697
          0.203000000000     738224.274890406523
          0.204000000000     732328.555319084204
          0.205000000000     726459.241891070269
          0.206000000000     720603.723012269824
          0.207000000000     714750.045322939870
          0.208000000000     708886.974980765954
          0.209000000000     703004.051499965717
          0.210000000000     697091.634045940824
          0.211000000000     691140.940142075415
          0.212000000000     685144.076800497365
          0.213000000000     679094.064142109128
          0.214000000000     672984.851622237125
          0.215000000000     666811.327026958345
          0.216000000000     660569.318450920749
          0.217000000000     654255.589510364574
          0.218000000000     647867.828084539273
          0.219000000000     641404.628914937144
          0.220000000000     634865.470424233703
          0.221000000000     628250.686145799351
          0.222000000000     621561.431179526960
          0.223000000000     614799.644110977184
          0.224000000000     607968.004847970093
          0.225000000000     601069.888842050568
          0.226000000000     594109.318171574385
          0.227000000000     587090.909968605614
          0.228000000000     580019.822673445800
          0.229000000000     572901.700598594034
          0.230000000000     565742.617278242251
          0.231000000000     558549.018070372869
          0.232000000000     551327.662466189242
          0.233000000000     544085.566546250018
          0.234000000000     536829.946004450903
          0.235000000000     529568.160140138934
          0.236000000000     522307.657195541717
          0.237000000000     515055.921390257252
          0.238000000000     507820.421977565100
          0.239000000000     500608.564618504257
          0.240000000000     493427.645339730196
          0.241000000000     486284.807310201984
          0.242000000000     479187.000640000624
          0.243000000000     472140.945372501912
          0.244000000000     465153.097808802675
          0.245000000000     458229.620271124528
          0.246000000000     451376.354380127043
          0.247000000000     444598.797889842477
          0.248000000000     437902.085093629721
          0.249000000000     431290.970785303216
          0.250000000000     424769.817731584306
          0.251000000000     418342.587585565809
          0.252000000000     412012.835146034253
          0.253000000000     405783.705844388227
          0.254000000000     399657.936319860804
          0.255000000000     393637.857924567303
          0.256000000000     387725.402983012085
          0.257000000000     381922.113615893060
          0.258000000000     376229.152925510367
          0.259000000000     370647.318329863250
          0.260000000000     365177.056824459345
          0.261000000000     359818.481945217820
          0.262000000000     354571.392202242685
          0.263000000000     349435.290752959612
          0.264000000000     344409.406083800015
          0.265000000000     339492.713472413772
          0.266000000000     334683.957007006684
          0.267000000000     329981.671945865732
          0.268000000000     325384.207208230742
          0.269000000000     320889.747797288757
          0.270000000000     316496.336967079202
          0.271000000000     312201.897957304493
          0.272000000000     308004.255133291415
          0.273000000000     303901.154382586014
          0.274000000000     299890.282634445524
          0.275000000000     295969.286384039267
          0.276000000000     292135.789118948916
          0.277000000000     288387.407561634434
          0.278000000000     284721.766657664324
          0.279000000000     281136.513255524973
          0.280000000000     277629.328439647623
          0.281000000000     274197.938493636029
          0.282000000000     270840.124485657027
          0.283000000000     267553.730482131359
          0.284000000000     264336.670409406419
          0.285000000000     261186.933595729060
          0.286000000000     258102.589037533413
          0.287000000000     255081.788444775826
          0.288000000000     252122.768129614153
          0.289000000000     249223.849811232096
          0.290000000000     246383.440416889614
          0.291000000000     243600.030965392158
          0.292000000000     240872.194624054304
          0.293000000000     238198.584033916675
          0.294000000000     235577.928000465938
          0.295000000000     233009.027648395626
          0.296000000000     230490.752139139833
          0.297000000000     228022.034048956324
          0.298000000000     225601.864503386285
          0.299000000000     223229.288160955301
          0.300000000000     220903.398135124997
