          0.001000000000  145170936.783616155386
          0.002000000000  145036059.921832233667
          0.003000000000  144811526.529412180185
          0.004000000000  144497727.929617822170
          0.005000000000  144095210.492583811283
          0.006000000000  143604674.159169554710
          0.007000000000  143026970.552010625601
          0.008000000000  142363100.680429726839
          0.009000000000  141614212.247294992208
          0.010000000000  140781596.567289769650
          0.011000000000  139866685.107428282499
          0.012000000000  138871045.661938309669
          0.013000000000  137796378.174879044294
          0.014000000000  136644510.225071042776
          0.015000000000  135417392.189049452543
          0.016000000000  134117092.098802775145
          0.017000000000  132745790.212072268128
          0.018000000000  131305773.313909560442
          0.019000000000  129799428.769034937024
          0.020000000000  128229238.345288887620
          0.021000000000  126597771.829190194607
          0.022000000000  124907680.455155760050
          0.023000000000  123161690.170500695705
          0.024000000000  121362594.758698910475
          0.025000000000  119513248.843768030405
          0.026000000000  117616560.798820942640
          0.027000000000  115675485.582015633583
          0.028000000000  113693017.523151859641
          0.029000000000  111672183.084148555994
          0.030000000000  109616033.616474851966
          0.031000000000  107527638.138416543603
          0.032000000000  105410076.154729053378
          0.033000000000  103266430.540839821100
          0.034000000000  101099780.513294503093
          0.035000000000   98913194.707563832402
          0.036000000000   96709724.383717671037
          0.037000000000   94492396.779740497470
          0.038000000000   92264208.631503149867
          0.039000000000   90028119.877552106977
          0.040000000000   87787047.565972477198
          0.041000000000   85543859.979627028108
          0.042000000000   83301370.995050564408
          0.043000000000   81062334.689226701856
          0.044000000000   78829440.207361206412
          0.045000000000   76605306.903643906116
          0.046000000000   74392479.765805125237
          0.047000000000   72193425.133085966110
          0.048000000000   70010526.716027960181
          0.049000000000   67846081.925248116255
          0.050000000000   65702298.515140689909
          0.051000000000   63581291.547189131379
          0.052000000000   61485080.676345884800
          0.053000000000   59415587.762689016759
          0.054000000000   57374634.809362456203
          0.055000000000   55363942.226579710841
          0.056000000000   53385127.420316815376
          0.057000000000   51439703.703141540289
          0.058000000000   49529079.523523993790
          0.059000000000   47654558.008875392377
          0.060000000000   45817336.816523477435
          0.061000000000   44018508.285828717053
          0.062000000000   42259059.883692033589
          0.063000000000   40539874.934806898236
          0.064000000000   38861733.627150215209
          0.065000000000   37225314.282426618040
          0.066000000000   35631194.880436807871
          0.067000000000   34079854.825676925480
          0.068000000000   32571676.943861179054
          0.069000000000   31106949.695516739041
          0.070000000000   29685869.593320816755
          0.071000000000   28308543.809434201568
          0.072000000000   26974992.958737909794
          0.073000000000   25685154.043598297983
          0.074000000000   24438883.545570835471
          0.075000000000   23235960.649301905185
          0.076000000000   22076090.583803892136
          0.077000000000   20958908.066255319864
          0.078000000000   19883980.833519902080
          0.079000000000   18850813.246679291129
          0.080000000000   17858849.954030238092
          0.081000000000   16907479.598217073828
          0.082000000000   15996038.553436489776
          0.083000000000   15123814.678972406313
          0.084000000000   14290051.075689489022
          0.085000000000   13493949.832526655868
          0.086000000000   12734675.750490082428
          0.087000000000   12011360.032139386982
          0.088000000000   11323103.925095571205
          0.089000000000   10668982.308660309762
          0.090000000000   10048047.213231805712
          0.091000000000    9459331.262818880379
          0.092000000000    8901851.031596360728
          0.093000000000    8374610.306102523580
          0.094000000000    7876603.245352025144
          0.095000000000    7406817.431821496226
          0.096000000000    6964236.806956340559
          0.097000000000    6547844.485541905276
          0.098000000000    6156625.443978518248
          0.099000000000    5789569.078192390501
          0.100000000000    5445671.627602017485
          0.101000000000    5123938.462237925269
          0.102000000000    4823386.230779696256
          0.103000000000    4543044.867927288637
          0.104000000000    4281959.460156736895
          0.105000000000    4039191.969527318142
          0.106000000000    3813822.815798877738
          0.107000000000    3604952.317688555922
          0.108000000000    3411701.994638612494
          0.109000000000    3233215.730983640999
          0.110000000000    3068660.804891784675
          0.111000000000    2917228.784910984337
          0.112000000000    2778136.297376666218
          0.113000000000    2650625.668329159264
          0.114000000000    2533965.443949177861
          0.115000000000    2427450.793845235836
          0.116000000000    2330403.801818856504
          0.117000000000    2242173.648991479073
          0.118000000000    2162136.694400778040
          0.119000000000    2089696.458364237798
          0.120000000000    2024283.514064756921
          0.121000000000    1965355.292937030550
          0.122000000000    1912395.809525357326
          0.123000000000    1864915.311544403667
          0.124000000000    1822449.860904811881
          0.125000000000    1784560.851467181230
          0.126000000000    1750834.469261388993
          0.127000000000    1720881.100855341647
          0.128000000000    1694334.695479255635
          0.129000000000    1670852.086409959011
          0.130000000000    1650112.276996031171
          0.131000000000    1631815.696560757468
          0.132000000000    1615683.431257114513
          0.133000000000    1601456.434769483516
          0.134000000000    1588894.723561845021
          0.135000000000    1577776.561163941864
          0.136000000000    1567897.635766872438
          0.137000000000    1559070.235169478226
          0.138000000000    1551122.422878688434
          0.139000000000    1543897.218922115164
          0.140000000000    1537251.788681464037
          0.141000000000    1531056.642802368617
          0.142000000000    1525194.850981522817
          0.143000000000    1519561.272177107632
          0.144000000000    1514061.803534767823
          0.145000000000    1508612.650070395786
          0.146000000000    1503139.616903744638
          0.147000000000    1497577.425594738452
          0.148000000000    1491869.055898521328
          0.149000000000    1485965.114026621217
          0.150000000000    1479823.228280936601
          0.151000000000    1473407.472716066986
          0.152000000000    1466687.819283504272
          0.153000000000    1459639.618720048107
          0.154000000000    1452243.110262440052
          0.155000000000    1444482.960101308068
          0.156000000000    1436347.828330357792
          0.157000000000    1427829.964001819957
          0.158000000000    1418924.827766322065
          0.159000000000    1409630.741454971023
          0.160000000000    1399948.563853440108
          0.161000000000    1389881.391822184203
          0.162000000000    1379434.285833304515
          0.163000000000    1368614.018923184369
          0.164000000000    1357428.848000055179
          0.165000000000    1345888.306397275999
          0.166000000000    1334003.016525548650
          0.167000000000    1321784.521450343309
          0.168000000000    1309245.134203843540
          0.169000000000    1296397.803633308504
          0.170000000000    1283255.995589217171
          0.171000000000    1269833.588266413659
          0.172000000000    1256144.780529051786
          0.173000000000    1242204.012074823491
          0.174000000000    1228025.894324911991
          0.175000000000    1213625.150963205844
          0.176000000000    1199016.567090134136
          0.177000000000    1184214.946002976270
          0.178000000000    1169235.072664833628
          0.179000000000    1154091.682977786986
          0.180000000000    1138799.438031806145
          0.181000000000    1123372.902558814269
          0.182000000000    1107826.526880582562
          0.183000000000    1092174.631699130405
          0.184000000000    1076431.395138601772
          0.185000000000    1060610.841507463250
          0.186000000000    1044726.831309344270
          0.187000000000    1028793.052088693716
          0.188000000000    1012823.009754126891
          0.189000000000     996830.020076850080
          0.190000000000     980827.200113796280
          0.191000000000     964827.459355050116
          0.192000000000     948843.490441845381
          0.193000000000     932887.759345569182
          0.194000000000     916972.494938784163
          0.195000000000     901109.677926787292
          0.196000000000     885311.029142120620
          0.197000000000     869587.997234942974
          0.198000000000     853951.745819123229
          0.199000000000     838413.140157256159
          0.200000000000     822982.733487757854
          0.201000000000     807670.753113607527
          0.202000000000     792487.086385408300
          0.203000000000     777441.266721274238
          0.204000000000     762542.459812773508
          0.205000000000     747799.450169918127
          0.206000000000     733220.628159168991
          0.207000000000     718813.977686767350
          0.208000000000     704587.064675650327
          0.209000000000     690547.026477958658
          0.210000000000     676700.562356904033
          0.211000000000     663053.925161798135
          0.212000000000     649612.914308415377
          0.213000000000     636382.870164162596
          0.214000000000     623368.669923476875
          0.215000000000     610574.725044182851
          0.216000000000     598004.980300138821
          0.217000000000     585662.914489617571
          0.218000000000     573551.542822919786
          0.219000000000     561673.420996620553
          0.220000000000     550030.650945998612
          0.221000000000     538624.888251715456
          0.222000000000     527457.351161753293
          0.223000000000     516528.831175338884
          0.224000000000     505839.705122038547
          0.225000000000     495389.948656566092
          0.226000000000     485179.151078303810
          0.227000000000     475206.531374046870
          0.228000000000     465470.955373205827
          0.229000000000     455970.953896711697
          0.230000000000     446704.741774096969
          0.231000000000     437670.237597881758
          0.232000000000     428865.084080294881
          0.233000000000     420286.668874671450
          0.234000000000     411932.145722495858
          0.235000000000     403798.455786930746
          0.236000000000     395882.349034933781
          0.237000000000     388180.405532399425
          0.238000000000     380689.056520390091
          0.239000000000     373404.605145138106
          0.240000000000     366323.246720217052
          0.241000000000     359441.088405862101
          0.242000000000     352754.168197903724
          0.243000000000     346258.473126992758
          0.244000000000     339949.956577642763
          0.245000000000     333824.554646065691
          0.246000000000     327878.201465640333
          0.247000000000     322106.843439077260
          0.248000000000     316506.452326837520
          0.249000000000     311073.037151951750
          0.250000000000     305802.654892078252
          0.251000000000     300691.419940240798
          0.252000000000     295735.512326167140
          0.253000000000     290931.184700364596
          0.254000000000     286274.768093028455
          0.255000000000     281762.676469379338
          0.256000000000     277391.410112091224
          0.257000000000     273157.557870005316
          0.258000000000     269057.798320285336
          0.259000000000     265088.899898420495
          0.260000000000     261247.720057137718
          0.261000000000     257531.203521162271
          0.262000000000     253936.379709888977
          0.263000000000     250460.359404410847
          0.264000000000     247100.330738919962
          0.265000000000     243853.554599282215
          0.266000000000     240717.359513579082
          0.267000000000     237689.136120614538
          0.268000000000     234766.331302822626
          0.269000000000     231946.442069686484
          0.270000000000     229227.009276752971
          0.271000000000     226605.611263564759
          0.272000000000     224079.857491473405
          0.273000000000     221647.382259252627
          0.274000000000     219305.838570877619
          0.275000000000     217052.892225709715
          0.276000000000     214886.216196780471
          0.277000000000     212803.485357832862
          0.278000000000     210802.371614473348
          0.279000000000     208880.539489073941
          0.280000000000     207035.642203200434
          0.281000000000     205265.318295200792
          0.282000000000     203567.188804391888
          0.283000000000     201938.855046932469
          0.284000000000     200377.897002173646
          0.285000000000     198881.872321941919
          0.286000000000     197448.315969035670
          0.287000000000     196074.740485081566
          0.288000000000     194758.636882039631
          0.289000000000     193497.476145939610
          0.290000000000     192288.711336012348
          0.291000000000     191129.780257279956
          0.292000000000     190018.108679867437
          0.293000000000     188951.114073880541
          0.294000000000     187926.209824654594
          0.295000000000     186940.809889561322
          0.296000000000     185992.333854338445
          0.297000000000     185078.212344153435
          0.298000000000     184195.892742282798
          0.299000000000     183342.845167425578
          0.300000000000     182516.568659242388
