          0.001000000000  150050799.412964284420
          0.002000000000  149893974.683704048395
          0.003000000000  149632949.735737770796
          0.004000000000  149268247.825551867485
          0.005000000000  148800599.227572590113
          0.006000000000  148230938.960610091686
          0.007000000000  147560403.880536317825
          0.008000000000  146790329.150918096304
          0.009000000000  145922244.105879664421
          0.010000000000  144957867.521841704845
          0.011000000000  143899102.317162871361
          0.012000000000  142748029.700956851244
          0.013000000000  141506902.794497370720
          0.014000000000  140178139.750680804253
          0.015000000000  138764316.398920923471
          0.016000000000  137268158.444646447897
          0.017000000000  135692533.254209905863
          0.018000000000  134040441.257530793548
          0.019000000000  132315007.002140656114
          0.020000000000  130519469.893481224775
          0.021000000000  128657174.657355844975
          0.022000000000  126731561.561271265149
          0.023000000000  124746156.432113200426
          0.024000000000  122704560.508117198944
          0.025000000000  120610440.163434550166
          0.026000000000  118467516.543763086200
          0.027000000000  116279555.151521027088
          0.028000000000  114050355.418849706650
          0.029000000000  111783740.306399673223
          0.030000000000  109483545.965340241790
          0.031000000000  107153611.499344661832
          0.032000000000  104797768.862492024899
          0.033000000000  102419832.928028836846
          0.034000000000  100023591.761799737811
          0.035000000000   97612797.132899761200
          0.036000000000   95191155.292689934373
          0.037000000000   92762318.051796287298
          0.038000000000   90329874.183086723089
          0.039000000000   87897341.176852285862
          0.040000000000   85468157.372617751360
          0.041000000000   83045674.490053877234
          0.042000000000   80633150.579493045807
          0.043000000000   78233743.410472899675
          0.044000000000   75850504.314637258649
          0.045000000000   73486372.497164338827
          0.046000000000   71144169.828709095716
          0.047000000000   68826596.127654582262
          0.048000000000   66536224.940251402557
          0.049000000000   64275499.824021659791
          0.050000000000   62046731.137613847852
          0.051000000000   59852093.338132418692
          0.052000000000   57693622.784825995564
          0.053000000000   55573216.045939214528
          0.054000000000   53492628.703499101102
          0.055000000000   51453474.648839518428
          0.056000000000   49457225.859765790403
          0.057000000000   47505212.648454740644
          0.058000000000   45598624.367444120347
          0.059000000000   43738510.559446603060
          0.060000000000   41925782.535174958408
          0.061000000000   40161215.361948281527
          0.062000000000   38445450.244532741606
          0.063000000000   36778997.278462402523
          0.064000000000   35162238.555019415915
          0.065000000000   33595431.596076972783
          0.066000000000   32078713.096189629287
          0.067000000000   30612102.948597833514
          0.068000000000   29195508.531231351197
          0.069000000000   27828729.228344459087
          0.070000000000   26511461.163081675768
          0.071000000000   25243302.116066455841
          0.072000000000   24023756.605024751276
          0.073000000000   22852241.100487552583
          0.074000000000   21728089.352770604193
          0.075000000000   20650557.805696938187
          0.076000000000   19618831.072898413986
          0.077000000000   18632027.453013937920
          0.078000000000   17689204.460676949471
          0.079000000000   16789364.350855436176
          0.080000000000   15931459.614864364266
          0.081000000000   15114398.427209319547
          0.082000000000   14337050.023331589997
          0.083000000000   13598249.989304842427
          0.084000000000   12896805.445573829114
          0.085000000000   12231500.107918992639
          0.086000000000   11601099.209970854223
          0.087000000000   11004354.272775480524
          0.088000000000   10440007.708123354241
          0.089000000000    9906797.243586700410
          0.090000000000    9403460.158462973312
          0.091000000000    8928737.321081280708
          0.092000000000    8481377.019193785265
          0.093000000000    8060138.576433709823
          0.094000000000    7663795.749071468599
          0.095000000000    7291139.898533510044
          0.096000000000    6940982.936359427869
          0.097000000000    6612160.039455600083
          0.098000000000    6303532.134652015753
          0.099000000000    6013988.152680140920
          0.100000000000    5742447.052757007070
          0.101000000000    5487859.619980589487
          0.102000000000    5249210.038711323403
          0.103000000000    5025517.246029023081
          0.104000000000    4815836.070212225430
          0.105000000000    4619258.159984527156
          0.106000000000    4434912.711008246988
          0.107000000000    4261966.996778135188
          0.108000000000    4099626.711675026454
          0.109000000000    3947136.134481365327
          0.110000000000    3803778.121136290021
          0.111000000000    3668873.935917944182
          0.112000000000    3541782.930584844202
          0.113000000000    3421902.081287713721
          0.114000000000    3308665.393278794829
          0.115000000000    3201543.183599229436
          0.116000000000    3100041.252017793711
          0.117000000000    3003699.950528832152
          0.118000000000    2912093.161695243791
          0.119000000000    2824827.196047046687
          0.120000000000    2741539.618619497400
          0.121000000000    2661898.014540557284
          0.122000000000    2585598.703358196653
          0.123000000000    2512365.411537394859
          0.124000000000    2441947.912257778924
          0.125000000000    2374120.641308991704
          0.126000000000    2308681.297516261227
          0.127000000000    2245449.435735845007
          0.128000000000    2184265.060043418314
          0.129000000000    2124987.224301581737
          0.130000000000    2067492.646837935783
          0.131000000000    2011674.345498048235
          0.132000000000    1957440.298859412782
          0.133000000000    1904712.138908143155
          0.134000000000    1853423.879991619382
          0.135000000000    1803520.688371782424
          0.136000000000    1754957.696217199322
          0.137000000000    1707698.863390825922
          0.138000000000    1661715.889916963177
          0.139000000000    1616987.181547601009
          0.140000000000    1573496.870397653664
          0.141000000000    1531233.892182220705
          0.142000000000    1490191.121169307036
          0.143000000000    1450364.563559571747
          0.144000000000    1411752.609622448450
          0.145000000000    1374355.344556646654
          0.146000000000    1338173.917703455314
          0.147000000000    1303209.969424486626
          0.148000000000    1269465.114662270760
          0.149000000000    1236940.481932574883
          0.150000000000    1205636.306252347538
          0.151000000000    1175551.574286222691
          0.152000000000    1146683.719798221719
          0.153000000000    1119028.367322966456
          0.154000000000    1092579.121822207468
          0.155000000000    1067327.401967381127
          0.156000000000    1043262.314586377353
          0.157000000000    1020370.567732375697
          0.158000000000     998636.419773227535
          0.159000000000     978041.661860801280
          0.160000000000     958565.631119927741
          0.161000000000     940185.251894791145
          0.162000000000     922875.102405947633
          0.163000000000     906607.504202224431
          0.164000000000     891352.631837414927
          0.165000000000     877078.640260691638
          0.166000000000     863751.807480705786
          0.167000000000     851336.690145218745
          0.168000000000     839796.289769419003
          0.169000000000     829092.227445803932
          0.170000000000     819184.924975138507
          0.171000000000     810033.790470509906
          0.172000000000     801597.406603751006
          0.173000000000     793833.719784214394
          0.174000000000     786700.228683103924
          0.175000000000     780154.170641343691
          0.176000000000     774152.704624077771
          0.177000000000     768653.089509826619
          0.178000000000     763612.856625843211
          0.179000000000     758989.975562904263
          0.180000000000     754743.012421710300
          0.181000000000     750831.279758708435
          0.182000000000     747214.977610958507
          0.183000000000     743855.325087130652
          0.184000000000     740714.682114399853
          0.185000000000     737756.661028589820
          0.186000000000     734946.227787124109
          0.187000000000     732249.792670867639
          0.188000000000     729635.290421786602
          0.189000000000     727072.249838191899
          0.190000000000     724531.852918308578
          0.191000000000     721986.983705906314
          0.192000000000     719412.267048879527
          0.193000000000     716784.097532866290
          0.194000000000     714080.658897660440
          0.195000000000     711281.934284212533
          0.196000000000     708369.707694713725
          0.197000000000     705327.557077834383
          0.198000000000     702140.839475894929
          0.199000000000     698796.668690723134
          0.200000000000     695283.885940663167
          0.201000000000     691593.023992696661
          0.202000000000     687716.265261413064
          0.203000000000     683647.394370713620
          0.204000000000     679381.745675143320
          0.205000000000     674916.146235709661
          0.206000000000     670248.854740388691
          0.207000000000     665379.496852453449
          0.208000000000     660308.997460527928
          0.209000000000     655039.510293220170
          0.210000000000     649574.345348431729
          0.211000000000     643917.894573329599
          0.212000000000     638075.556215619668
          0.213000000000     632053.658250482520
          0.214000000000     625859.381270325044
          0.215000000000     619500.681206828682
          0.216000000000     612986.212236397900
          0.217000000000     606325.250201611780
          0.218000000000     599527.616862307070
          0.219000000000     592603.605271046399
          0.220000000000     585563.906548659899
          0.221000000000     578419.538316589198
          0.222000000000     571181.775023937458
          0.223000000000     563862.080388416536
          0.224000000000     556472.042151942267
          0.225000000000     549023.309333419311
          0.226000000000     541527.532143294462
          0.227000000000     533996.304706898751
          0.228000000000     526441.110726211569
          0.229000000000     518873.272192813049
          0.230000000000     511303.901248050213
          0.231000000000     503743.855270283471
          0.232000000000     496203.695253062644
          0.233000000000     488693.647522576328
          0.234000000000     481223.568827481067
          0.235000000000     473802.914819425147
          0.236000000000     466440.711928088800
          0.237000000000     459145.532620505197
          0.238000000000     451925.474020772730
          0.239000000000     444788.139852972119
          0.240000000000     437740.625657313445
          0.241000000000     430789.507217089063
          0.242000000000     423940.832122188469
          0.243000000000     417200.114383401524
          0.244000000000     410572.332000952214
          0.245000000000     404061.927380305540
          0.246000000000     397672.810478556261
          0.247000000000     391408.364555606735
          0.248000000000     385271.454395855602
          0.249000000000     379264.436858342320
          0.250000000000     373389.173606274999
          0.251000000000     367647.045860545069
          0.252000000000     362038.971016380587
          0.253000000000     356565.420957612281
          0.254000000000     351226.441899202240
          0.255000000000     346021.675585790828
          0.256000000000     340950.381671951676
          0.257000000000     336011.461108747346
          0.258000000000     331203.480361002265
          0.259000000000     326524.696280431759
          0.260000000000     321973.081461479247
          0.261000000000     317546.349909312907
          0.262000000000     313241.982852972113
          0.263000000000     309057.254541076720
          0.264000000000     304989.257862851897
          0.265000000000     301034.929643347394
          0.266000000000     297191.075468680065
          0.267000000000     293454.393904914730
          0.268000000000     289821.499982551031
          0.269000000000     286288.947827729105
          0.270000000000     282853.252330932824
          0.271000000000     279510.909754174820
          0.272000000000     276258.417188312276
          0.273000000000     273092.290783175849
          0.274000000000     270009.082684545661
          0.275000000000     267005.396623538749
          0.276000000000     264077.902115679346
          0.277000000000     261223.347238628718
          0.278000000000     258438.569969264034
          0.279000000000     255720.508072324854
          0.280000000000     253066.207544224395
          0.281000000000     250472.829626642808
          0.282000000000     247937.656415205769
          0.283000000000     245458.095098757592
          0.284000000000     243031.680874421261
          0.285000000000     240656.078592709790
          0.286000000000     238329.083195380052
          0.287000000000     236048.619016386161
          0.288000000000     233812.738023225771
          0.289000000000     231619.617082030949
          0.290000000000     229467.554335005669
          0.291000000000     227354.964783123782
          0.292000000000     225280.375170431769
          0.293000000000     223242.418268781330
          0.294000000000     221239.826663359941
          0.295000000000     219271.426140013878
          0.296000000000     217336.128775028541
          0.297000000000     215432.925826819293
          0.298000000000     213560.880526883382
          0.299000000000     211719.120864389581
          0.300000000000     209906.832455038384
