          0.001000000000  146621565.847610622644
          0.002000000000  146486762.892973631620
          0.003000000000  146262350.184448122978
          0.004000000000  145948715.317072093487
          0.005000000000  145546399.468988507986
          0.006000000000  145056095.952633380890
          0.007000000000  144478648.360658258200
          0.008000000000  143815048.313047319651
          0.009000000000  143066432.813282012939
          0.010000000000  142234081.222730964422
          0.011000000000  141319411.863767415285
          0.012000000000  140323978.263388752937
          0.013000000000  139249465.050311774015
          0.014000000000  138097683.519690752029
          0.015000000000  136870566.880712717772
          0.016000000000  135570165.203361451626
          0.017000000000  134198640.081608682871
          0.018000000000  132758259.031212463975
          0.019000000000  131251389.641115590930
          0.020000000000  129680493.498200714588
          0.021000000000  128048119.905806511641
          0.022000000000  126356899.417041257024
          0.023000000000  124609537.204384490848
          0.024000000000  122808806.287521809340
          0.025000000000  120957540.641667082906
          0.026000000000  119058628.208878770471
          0.027000000000  117115003.835029482841
          0.028000000000  115129642.155137628317
          0.029000000000  113105550.449772626162
          0.030000000000  111045761.495105639100
          0.031000000000  108953326.429001346231
          0.032000000000  106831307.655247256160
          0.033000000000  104682771.807662785053
          0.034000000000  102510782.795375406742
          0.035000000000  100318394.950041040778
          0.036000000000   98108646.295156374574
          0.037000000000   95884551.956983089447
          0.038000000000   93649097.735819697380
          0.039000000000   91405233.855592653155
          0.040000000000   89155868.908838659525
          0.041000000000   86903864.013261109591
          0.042000000000   84652027.195052087307
          0.043000000000   82403108.013162299991
          0.044000000000   80159792.437636852264
          0.045000000000   77924697.994042813778
          0.046000000000   75700369.184885904193
          0.047000000000   73489273.197752162814
          0.048000000000   71293795.908745482564
          0.049000000000   69116238.188588500023
          0.050000000000   66958812.517562337220
          0.051000000000   64823639.914245560765
          0.052000000000   62712747.181806914508
          0.053000000000   60628064.474405214190
          0.054000000000   58571423.185054279864
          0.055000000000   56544554.155133359134
          0.056000000000   54549086.204567052424
          0.057000000000   52586544.980561241508
          0.058000000000   50658352.121683880687
          0.059000000000   48765824.732995748520
          0.060000000000   46910175.166915781796
          0.061000000000   45092511.103500507772
          0.062000000000   43313835.922874242067
          0.063000000000   41575049.361642681062
          0.064000000000   39876948.444271720946
          0.065000000000   38220228.679619170725
          0.066000000000   36605485.512060880661
          0.067000000000   35033216.015972584486
          0.068000000000   33503820.821706339717
          0.069000000000   32017606.260633811355
          0.070000000000   30574786.716333001852
          0.071000000000   29175487.168558996171
          0.072000000000   27819745.916260909289
          0.073000000000   26507517.465608920902
          0.074000000000   25238675.568740185350
          0.075000000000   24013016.398762393743
          0.076000000000   22830261.846427287906
          0.077000000000   21690062.923840653151
          0.078000000000   20592003.260571818799
          0.079000000000   19535602.677599582821
          0.080000000000   18520320.824651043862
          0.081000000000   17545560.866667162627
          0.082000000000   16610673.205367816612
          0.083000000000   15714959.222167760134
          0.084000000000   14857675.029031710699
          0.085000000000   14038035.214234812185
          0.086000000000   13255216.570417409763
          0.087000000000   12508361.792787153274
          0.088000000000   11796583.135818365961
          0.089000000000   11118966.017336593941
          0.090000000000   10474572.559436324984
          0.091000000000    9862445.056273996830
          0.092000000000    9281609.359392255545
          0.093000000000    8731078.171867877245
          0.094000000000    8209854.243226222694
          0.095000000000    7716933.457732587121
          0.096000000000    7251307.809345635585
          0.097000000000    6811968.257299427874
          0.098000000000    6397907.456967916340
          0.099000000000    6008122.361349379644
          0.100000000000    5641616.689192149788
          0.101000000000    5297403.256458200514
          0.102000000000    4974506.168489793316
          0.103000000000    4671962.870898348279
          0.104000000000    4388826.057836885564
          0.105000000000    4124165.436940788291
          0.106000000000    3877069.350826520007
          0.107000000000    3646646.255621148739
          0.108000000000    3432026.057555130683
          0.109000000000    3232361.309185115155
          0.110000000000    3046828.267321316991
          0.111000000000    2874627.815212337300
          0.112000000000    2714986.251990290824
          0.113000000000    2567155.952797168400
          0.114000000000    2430415.903400419280
          0.115000000000    2304072.113460218534
          0.116000000000    2187457.912932702806
          0.117000000000    2079934.136381640565
          0.118000000000    1980889.200226456858
          0.119000000000    1889739.078176114010
          0.120000000000    1805927.180287120631
          0.121000000000    1728924.141239883145
          0.122000000000    1658227.523551197024
          0.123000000000    1593361.441532718949
          0.124000000000    1533876.111866559833
          0.125000000000    1479347.336700381013
          0.126000000000    1429375.925166972913
          0.127000000000    1383587.059208022198
          0.128000000000    1341629.609530286398
          0.129000000000    1303175.407445548335
          0.130000000000    1267918.478245593607
          0.131000000000    1235574.241640758701
          0.132000000000    1205878.684647685383
          0.133000000000    1178587.512149747694
          0.134000000000    1153475.280174180865
          0.135000000000    1130334.516734923935
          0.136000000000    1108974.834880870767
          0.137000000000    1089222.042368079768
          0.138000000000    1070917.252142114332
          0.139000000000    1053915.997575940099
          0.140000000000    1038087.356160383672
          0.141000000000    1023313.085090145352
          0.142000000000    1009486.771930458141
          0.143000000000     996513.003288702224
          0.144000000000     984306.554153757985
          0.145000000000     972791.600304540130
          0.146000000000     961900.955929644755
          0.147000000000     951575.338343486888
          0.148000000000     941762.661432132707
          0.149000000000     932417.359215133707
          0.150000000000     923499.740669288673
          0.151000000000     914975.376727323746
          0.152000000000     906814.520139910281
          0.153000000000     898991.558673852938
          0.154000000000     891484.501913753455
          0.155000000000     884274.501739208819
          0.156000000000     877345.406365487375
          0.157000000000     870683.347662852611
          0.158000000000     864276.361308839987
          0.159000000000     858114.039178933250
          0.160000000000     852187.213244521059
          0.161000000000     846487.670122809242
          0.162000000000     841007.895311640459
          0.163000000000     835740.846042642719
          0.164000000000     830679.751599069452
          0.165000000000     825817.939869505353
          0.166000000000     821148.688845348428
          0.167000000000     816665.101718232036
          0.168000000000     812360.004192898283
          0.169000000000     808225.862601234461
          0.170000000000     804254.721383594908
          0.171000000000     800438.158493862022
          0.172000000000     796767.257284227991
          0.173000000000     793232.593434043112
          0.174000000000     789824.235503544449
          0.175000000000     786531.757717364002
          0.176000000000     783344.263613774558
          0.177000000000     780250.419232933200
          0.178000000000     777238.494560630759
          0.179000000000     774296.411992122419
          0.180000000000     771411.800633333740
          0.181000000000     768572.055313331308
          0.182000000000     765764.399241616367
          0.183000000000     762975.949306312832
          0.184000000000     760193.783073819242
          0.185000000000     757405.006616506260
          0.186000000000     754596.822362179984
          0.187000000000     751756.596226414549
          0.188000000000     748871.923356539453
          0.189000000000     745930.691883066902
          0.190000000000     742921.144140615826
          0.191000000000     739831.934885373688
          0.192000000000     736652.186099466984
          0.193000000000     733371.538034102879
          0.194000000000     729980.196202508290
          0.195000000000     726468.974090454867
          0.196000000000     722829.331406188314
          0.197000000000     719053.407742693787
          0.198000000000     715134.051573372679
          0.199000000000     711064.844547064975
          0.200000000000     706840.121090026107
          0.201000000000     702454.983360815910
          0.202000000000     697905.311638960615
          0.203000000000     693187.770259817713
          0.204000000000     688299.809236346046
          0.205000000000     683239.661733309389
          0.206000000000     678006.337581124157
          0.207000000000     672599.613034974784
          0.208000000000     667020.017000277177
          0.209000000000     661268.813957924605
          0.210000000000     655347.983832427417
          0.211000000000     649260.199052942102
          0.212000000000     643008.799061619095
          0.213000000000     636597.762525739265
          0.214000000000     630031.677509981208
          0.215000000000     623315.709862991935
          0.216000000000     616455.570068490575
          0.217000000000     609457.478805474355
          0.218000000000     602328.131455039023
          0.219000000000     595074.661782882875
          0.220000000000     587704.605017173220
          0.221000000000     580225.860530917300
          0.222000000000     572646.654326879536
          0.223000000000     564975.501511226175
          0.224000000000     557221.168929860811
          0.225000000000     549392.638128869468
          0.226000000000     541499.068787724013
          0.227000000000     533549.762761211372
          0.228000000000     525554.128853289294
          0.229000000000     517521.648433647817
          0.230000000000     509461.841995529132
          0.231000000000     501384.236741486995
          0.232000000000     493298.335272426077
          0.233000000000     485213.585444360797
          0.234000000000     477139.351447019260
          0.235000000000     469084.886148724821
          0.236000000000     461059.304742919572
          0.237000000000     453071.559723325132
          0.238000000000     445130.417207002116
          0.239000000000     437244.434617568390
          0.240000000000     429421.939734510845
          0.241000000000     421671.011108862003
          0.242000000000     413999.459840526164
          0.243000000000     406414.812708192738
          0.244000000000     398924.296639033011
          0.245000000000     391534.824502205476
          0.246000000000     384252.982207587571
          0.247000000000     377085.017089015630
          0.248000000000     370036.827549662732
          0.249000000000     363113.953945907240
          0.250000000000     356321.570685183571
          0.251000000000     349664.479512711754
          0.252000000000     343147.103961704124
          0.253000000000     336773.484941558796
          0.254000000000     330547.277438659046
          0.255000000000     324471.748304594308
          0.256000000000     318549.775106950081
          0.257000000000     312783.846018160752
          0.258000000000     307176.060718286841
          0.259000000000     301728.132287933549
          0.260000000000     296441.390067782253
          0.261000000000     291316.783461451530
          0.262000000000     286354.886658446572
          0.263000000000     281555.904253967863
          0.264000000000     276919.677742128551
          0.265000000000     272445.692858820315
          0.266000000000     268133.087749934872
          0.267000000000     263980.661940004909
          0.268000000000     259986.886075434129
          0.269000000000     256149.912415513681
          0.270000000000     252467.586043206509
          0.271000000000     248937.456766359042
          0.272000000000     245556.791678514128
          0.273000000000     242322.588346894918
          0.274000000000     239231.588593412627
          0.275000000000     236280.292832739127
          0.276000000000     233464.974929615215
          0.277000000000     230781.697535633139
          0.278000000000     228226.327863793616
          0.279000000000     225794.553857194463
          0.280000000000     223481.900706287212
          0.281000000000     221283.747667286516
          0.282000000000     219195.345132531045
          0.283000000000     217211.831901925121
          0.284000000000     215328.252603037661
          0.285000000000     213539.575206057169
          0.286000000000     211840.708578577556
          0.287000000000     210226.520024174155
          0.288000000000     208691.852747936937
          0.289000000000     207231.543191559089
          0.290000000000     205840.438180263853
          0.291000000000     204513.411823805334
          0.292000000000     203245.382114006963
          0.293000000000     202031.327161800873
          0.294000000000     200866.301017535647
          0.295000000000     199745.449019418738
          0.296000000000     198664.022616323200
          0.297000000000     197617.393612899323
          0.298000000000     196601.067786866712
          0.299000000000     195610.697830644203
          0.300000000000     194642.095571974758
