          0.001000000000  145732609.019652158022
          0.002000000000  145595297.688633233309
          0.003000000000  145366721.584380745888
          0.004000000000  145047294.045386612415
          0.005000000000  144637592.083473742008
          0.006000000000  144138354.729353159666
          0.007000000000  143550480.916350334883
          0.008000000000  142875026.910372406244
          0.009000000000  142113203.295904189348
          0.010000000000  141266371.529507815838
          0.011000000000  140336040.073902577162
          0.012000000000  139323860.127270579338
          0.013000000000  138231620.963915020227
          0.014000000000  137061244.903830587864
          0.015000000000  135814781.930053532124
          0.016000000000  134494403.973929256201
          0.017000000000  133102398.889582350850
          0.018000000000  131641164.139936268330
          0.019000000000  130113200.217576429248
          0.020000000000  128521103.824615463614
          0.021000000000  126867560.836458891630
          0.022000000000  125155339.074991300702
          0.023000000000  123387280.917230352759
          0.024000000000  121566295.765900880098
          0.025000000000  119695352.408651381731
          0.026000000000  117777471.292827546597
          0.027000000000  115815716.742745772004
          0.028000000000  113813189.146367117763
          0.029000000000  111773017.138082697988
          0.030000000000  109698349.804031148553
          0.031000000000  107592348.935986667871
          0.032000000000  105458181.359316572547
          0.033000000000  103299011.359934151173
          0.034000000000  101117993.234435588121
          0.035000000000   98918263.986819222569
          0.036000000000   96702936.194286301732
          0.037000000000   94475091.063646897674
          0.038000000000   92237771.698794439435
          0.039000000000   89993976.598575204611
          0.040000000000   87746653.403202027082
          0.041000000000   85498692.906077176332
          0.042000000000   83252923.346601322293
          0.043000000000   81012104.998173549771
          0.044000000000   78778925.064199835062
          0.045000000000   76555992.893501147628
          0.046000000000   74345835.525046646595
          0.047000000000   72150893.570486620069
          0.048000000000   69973517.441462263465
          0.049000000000   67815963.927200615406
          0.050000000000   65680393.126413077116
          0.051000000000   63568865.736059583724
          0.052000000000   61483340.698076739907
          0.053000000000   59425673.203764073551
          0.054000000000   57397613.054106175900
          0.055000000000   55400803.372966885567
          0.056000000000   53436779.668774366379
          0.057000000000   51506969.239044830203
          0.058000000000   49612690.910888552666
          0.059000000000   47755155.109474226832
          0.060000000000   45935464.245354980230
          0.061000000000   44154613.410509780049
          0.062000000000   42413491.372015118599
          0.063000000000   40712881.851370677352
          0.064000000000   39053465.076692156494
          0.065000000000   37435819.594257846475
          0.066000000000   35860424.325239539146
          0.067000000000   34327660.852876558900
          0.068000000000   32837815.924863904715
          0.069000000000   31391084.155310153961
          0.070000000000   29987570.910298015922
          0.071000000000   28627295.360830046237
          0.072000000000   27310193.686775565147
          0.073000000000   26036122.415341410786
          0.074000000000   24804861.877586279064
          0.075000000000   23616119.766549523920
          0.076000000000   22469534.780706848949
          0.077000000000   21364680.336667615920
          0.078000000000   20301068.335298538208
          0.079000000000   19278152.965791523457
          0.080000000000   18295334.532588168979
          0.081000000000   17351963.290521103889
          0.082000000000   16447343.274033272639
          0.083000000000   15580736.106884764507
          0.084000000000   14751364.779348073527
          0.085000000000   13958417.380523927510
          0.086000000000   13201050.774073898792
          0.087000000000   12478394.206362999976
          0.088000000000   11789552.836722852662
          0.089000000000   11133611.180291121826
          0.090000000000   10509636.454638440162
          0.091000000000    9916681.822163445875
          0.092000000000    9353789.521016210318
          0.093000000000    8819993.878088667989
          0.094000000000    8314324.198391275480
          0.095000000000    7835807.525910980068
          0.096000000000    7383471.271809884347
          0.097000000000    6956345.706580232829
          0.098000000000    6553466.313507497311
          0.099000000000    6173876.001514276490
          0.100000000000    5816627.176153445616
          0.101000000000    5480783.668192384765
          0.102000000000    5165422.519874763675
          0.103000000000    4869635.629561650567
          0.104000000000    4592531.256037728861
          0.105000000000    4333235.384318793193
          0.106000000000    4090892.955311822239
          0.107000000000    3864668.962158637587
          0.108000000000    3653749.416535831988
          0.109000000000    3457342.188588213176
          0.110000000000    3274677.724538746756
          0.111000000000    3105009.646345155314
          0.112000000000    2947615.238061901182
          0.113000000000    2801795.823816914111
          0.114000000000    2666877.042524039745
          0.115000000000    2542209.024627771229
          0.116000000000    2427166.476314999163
          0.117000000000    2321148.676731681451
          0.118000000000    2223579.393811111338
          0.119000000000    2133906.724356419407
          0.120000000000    2051602.864024319220
          0.121000000000    1976163.812831726391
          0.122000000000    1907109.021753450390
          0.123000000000    1843980.985899075167
          0.124000000000    1786344.789653034182
          0.125000000000    1733787.609034861205
          0.126000000000    1685918.176389183151
          0.127000000000    1642366.212349128909
          0.128000000000    1602781.829834173899
          0.129000000000    1566834.914646525634
          0.130000000000    1534214.487020667410
          0.131000000000    1504628.048260545125
          0.132000000000    1477800.916370562045
          0.133000000000    1453475.554351066705
          0.134000000000    1431410.894589292584
          0.135000000000    1411381.662533483934
          0.136000000000    1393177.702593693743
          0.137000000000    1376603.308968696510
          0.138000000000    1361476.563856080640
          0.139000000000    1347628.685263686348
          0.140000000000    1334903.386406002333
          0.141000000000    1323156.248440449592
          0.142000000000    1312254.108076657169
          0.143000000000    1302074.461377708940
          0.144000000000    1292504.884867336834
          0.145000000000    1283442.474861050257
          0.146000000000    1274793.305753667373
          0.147000000000    1266471.907820924651
          0.148000000000    1258400.764928831952
          0.149000000000    1250509.832392328652
          0.150000000000    1242736.075083961710
          0.151000000000    1235023.025764528429
          0.152000000000    1227320.363490503514
          0.153000000000    1219583.511847794522
          0.154000000000    1211773.256667654030
          0.155000000000    1203855.382798243547
          0.156000000000    1195800.329434175510
          0.157000000000    1187582.863445727387
          0.158000000000    1179181.770099497400
          0.159000000000    1170579.560521530686
          0.160000000000    1161762.195223350311
          0.161000000000    1152718.822988787200
          0.162000000000    1143441.534405513899
          0.163000000000    1133925.129318810068
          0.164000000000    1124166.897485450376
          0.165000000000    1114166.411712397123
          0.166000000000    1103925.332777552772
          0.167000000000    1093447.225447149249
          0.168000000000    1082737.384926379425
          0.169000000000    1071802.673105369089
          0.170000000000    1060651.363991450984
          0.171000000000    1049292.997750000097
          0.172000000000    1037738.242809316143
          0.173000000000    1025998.765519909328
          0.174000000000    1014087.106894064462
          0.175000000000    1002016.565987727488
          0.176000000000     989801.089522836148
          0.177000000000     977455.167383846943
          0.178000000000     964993.733657172532
          0.179000000000     952432.072915875120
          0.180000000000     939785.731484455056
          0.181000000000     927070.433449126896
          0.182000000000     914302.001207792899
          0.183000000000     901496.280380695127
          0.184000000000     888669.068927150453
          0.185000000000     875836.050336049404
          0.186000000000     863012.730777626857
          0.187000000000     850214.380121376831
          0.188000000000     837455.976740065962
          0.189000000000     824752.156032341649
          0.190000000000     812117.162606757949
          0.191000000000     799564.806078015710
          0.192000000000     787108.420432070503
          0.193000000000     774760.826920557884
          0.194000000000     762534.300446835929
          0.195000000000     750440.539406102966
          0.196000000000     738490.638940496836
          0.197000000000     726695.067567154183
          0.198000000000     715063.647133024759
          0.199000000000     703605.536044889130
          0.200000000000     692329.215716861188
          0.201000000000     681242.480170681840
          0.202000000000     670352.428716655122
          0.203000000000     659665.461635183659
          0.204000000000     649187.278770751203
          0.205000000000     638922.880942115327
          0.206000000000     628876.574064364890
          0.207000000000     619051.975870707887
          0.208000000000     609452.025114385411
          0.209000000000     600078.993124125060
          0.210000000000     590934.497580141062
          0.211000000000     582019.518371950835
          0.212000000000     573334.415394234355
          0.213000000000     564878.948132854770
          0.214000000000     556652.296889685676
          0.215000000000     548653.085492582526
          0.216000000000     540879.405335101532
          0.217000000000     533328.840590111562
          0.218000000000     525998.494441570831
          0.219000000000     518885.016179997067
          0.220000000000     511984.629009168071
          0.221000000000     505293.158414480276
          0.222000000000     498806.060947040503
          0.223000000000     492518.453282028786
          0.224000000000     486425.141414899961
          0.225000000000     480520.649864767038
          0.226000000000     474799.250760537281
          0.227000000000     469254.992692139174
          0.228000000000     463881.729216293723
          0.229000000000     458673.146913809294
          0.230000000000     453622.792903055495
          0.231000000000     448724.101722206047
          0.232000000000     443970.421500841214
          0.233000000000     439355.039349516679
          0.234000000000     434871.205903918075
          0.235000000000     430512.158968109987
          0.236000000000     426271.146209091065
          0.237000000000     422141.446862385259
          0.238000000000     418116.392415627255
          0.239000000000     414189.386243998364
          0.240000000000     410353.922177924251
          0.241000000000     406603.601989629038
          0.242000000000     402932.151790859178
          0.243000000000     399333.437339410768
          0.244000000000     395801.478256974544
          0.245000000000     392330.461165179673
          0.246000000000     388914.751750677417
          0.247000000000     385548.905773600680
          0.248000000000     382227.679036723217
          0.249000000000     378946.036335314973
          0.250000000000     375699.159409794025
          0.251000000000     372482.453925126174
          0.252000000000     369291.555502300151
          0.253000000000     366122.334828321647
          0.254000000000     362970.901871896291
          0.255000000000     359833.609232515970
          0.256000000000     356707.054650862410
          0.257000000000     353588.082708529197
          0.258000000000     350473.785744918569
          0.259000000000     347361.504018896376
          0.260000000000     344248.825142455578
          0.261000000000     341133.582813172485
          0.262000000000     338013.854871797084
          0.263000000000     334887.960710823187
          0.264000000000     331754.458059443336
          0.265000000000     328612.139169877220
          0.266000000000     325460.026429714810
          0.267000000000     322297.367424642318
          0.268000000000     319123.629475803231
          0.269000000000     315938.493675936770
          0.270000000000     312741.848448555102
          0.271000000000     309533.782654595445
          0.272000000000     306314.578271303268
          0.273000000000     303084.702668559796
          0.274000000000     299844.800508408458
          0.275000000000     296595.685294244729
          0.276000000000     293338.330596857995
          0.277000000000     290073.860985405743
          0.278000000000     286803.542692315532
          0.279000000000     283528.774042066711
          0.280000000000     280251.075674840598
          0.281000000000     276972.080597001710
          0.282000000000     273693.524091385421
          0.283000000000     270417.233521348215
          0.284000000000     267145.118063373666
          0.285000000000     263879.158403920650
          0.286000000000     260621.396436820738
          0.287000000000     257373.924998160655
          0.288000000000     254138.877675989614
          0.289000000000     250918.418732426304
          0.290000000000     247714.733175816218
          0.291000000000     244530.017020433617
          0.292000000000     241366.467770848831
          0.293000000000     238226.275167488202
          0.294000000000     235111.612229059392
          0.295000000000     232024.626626443758
          0.296000000000     228967.432421290228
          0.297000000000     225942.102200975554
          0.298000000000     222950.659639743826
          0.299000000000     219995.072513758467
          0.300000000000     217077.246195472137
