          0.001000000000  144985022.457001090050
          0.002000000000  144840143.299264401197
          0.003000000000  144599005.697333902121
          0.004000000000  144262099.977034449577
          0.005000000000  143830110.268976747990
          0.006000000000  143303912.196302443743
          0.007000000000  142684569.920645356178
          0.008000000000  141973332.560336679220
          0.009000000000  141171629.997768580914
          0.010000000000  140281068.095680505037
          0.011000000000  139303423.344861060381
          0.012000000000  138240636.968293994665
          0.013000000000  137094808.509234726429
          0.014000000000  135868188.932941824198
          0.015000000000  134563173.273873120546
          0.016000000000  133182292.862042471766
          0.017000000000  131728207.163921490312
          0.018000000000  130203695.274759635329
          0.019000000000  128611647.100447848439
          0.020000000000  126955054.268107712269
          0.021000000000  125237000.805399551988
          0.022000000000  123460653.629138186574
          0.023000000000  121629252.884170174599
          0.024000000000  119746102.173598691821
          0.025000000000  117814558.721353277564
          0.026000000000  115838023.507803142071
          0.027000000000  113819931.418564721942
          0.028000000000  111763741.445941463113
          0.029000000000  109672926.981478765607
          0.030000000000  107550966.237005114555
          0.031000000000  105401332.830199122429
          0.032000000000  103227486.569260105491
          0.033000000000  101032864.469615086913
          0.034000000000   98820872.033800497651
          0.035000000000   96594874.823764666915
          0.036000000000   94358190.352790176868
          0.037000000000   92114080.322110041976
          0.038000000000   89865743.225080356002
          0.039000000000   87616307.339480966330
          0.040000000000   85368824.126184940338
          0.041000000000   83126262.050046727061
          0.042000000000   80891500.836480692029
          0.043000000000   78667326.174776166677
          0.044000000000   76456424.876810550690
          0.045000000000   74261380.497443348169
          0.046000000000   72084669.420535996556
          0.047000000000   69928657.412256509066
          0.048000000000   67795596.641101464629
          0.049000000000   65687623.161923736334
          0.050000000000   63606754.859180882573
          0.051000000000   61554889.842659153044
          0.052000000000   59533805.287060081959
          0.053000000000   57545156.705086596310
          0.054000000000   55590477.642027042806
          0.055000000000   53671179.778339333832
          0.056000000000   51788553.425348229706
          0.057000000000   49943768.397930026054
          0.058000000000   48137875.246948346496
          0.059000000000   46371806.833234734833
          0.060000000000   44646380.224065519869
          0.061000000000   42962298.892403811216
          0.062000000000   41320155.198595345020
          0.063000000000   39720433.133790455759
          0.064000000000   38163511.304060123861
          0.065000000000   36649666.133996866643
          0.066000000000   35179075.268541544676
          0.067000000000   33751821.151834815741
          0.068000000000   32367894.762063346803
          0.069000000000   31027199.481543321162
          0.070000000000   29729555.081649307162
          0.071000000000   28474701.802657261491
          0.072000000000   27262304.509100668132
          0.073000000000   26091956.901852067560
          0.074000000000   24963185.768817756325
          0.075000000000   23875455.256857611239
          0.076000000000   22828171.148330215365
          0.077000000000   21820685.126479107887
          0.078000000000   20852299.014732833952
          0.079000000000   19922268.975873257965
          0.080000000000   19029809.657924711704
          0.081000000000   18174098.274530880153
          0.082000000000   17354278.608503751457
          0.083000000000   16569464.928144752979
          0.084000000000   15818745.806853817776
          0.085000000000   15101187.837438654155
          0.086000000000   14415839.233423959464
          0.087000000000   13761733.310522805899
          0.088000000000   13137891.842274658382
          0.089000000000   12543328.284666633233
          0.090000000000   11977050.865338798612
          0.091000000000   11438065.533725073561
          0.092000000000   10925378.769199064001
          0.093000000000   10438000.244975090027
          0.094000000000    9974945.346161099151
          0.095000000000    9535237.540966693312
          0.096000000000    9117910.604643041268
          0.097000000000    8722010.696263257414
          0.098000000000    8346598.288951145485
          0.099000000000    7990749.954626752064
          0.100000000000    7653560.004764825106
          0.101000000000    7334141.989054962993
          0.102000000000    7031630.054213177413
          0.103000000000    6745180.165524531156
          0.104000000000    6473971.193997115828
          0.105000000000    6217205.872280299664
          0.106000000000    5974111.622747345828
          0.107000000000    5743941.261364767328
          0.108000000000    5525973.581170946360
          0.109000000000    5319513.819364726543
          0.110000000000    5123894.012164655142
          0.111000000000    4938473.241739901714
          0.112000000000    4762637.779638688080
          0.113000000000    4595801.131248838268
          0.114000000000    4437403.985919122584
          0.115000000000    4286914.077451594174
          0.116000000000    4143825.959742840379
          0.117000000000    4007660.702408899553
          0.118000000000    3877965.511273398995
          0.119000000000    3754313.278632842936
          0.120000000000    3636302.068235968705
          0.121000000000    3523554.539927570615
          0.122000000000    3415717.318909647409
          0.123000000000    3312460.314564628061
          0.124000000000    3213475.993767821230
          0.125000000000    3118478.613586675376
          0.126000000000    3027203.418225055560
          0.127000000000    2939405.805019822437
          0.128000000000    2854860.464234687854
          0.129000000000    2773360.497322673909
          0.130000000000    2694716.518242839258
          0.131000000000    2618755.742319271900
          0.132000000000    2545321.067020548508
          0.133000000000    2474270.148915889207
          0.134000000000    2405474.480929709505
          0.135000000000    2338818.473869779147
          0.136000000000    2274198.546045702416
          0.137000000000    2211522.224623904098
          0.138000000000    2150707.262183519080
          0.139000000000    2091680.771745047066
          0.140000000000    2034378.383340542205
          0.141000000000    1978743.424981360091
          0.142000000000    1924726.130658503389
          0.143000000000    1872282.877780995565
          0.144000000000    1821375.456222019624
          0.145000000000    1771970.370900820941
          0.146000000000    1724038.179582234472
          0.147000000000    1677552.867326611420
          0.148000000000    1632491.258771697991
          0.149000000000    1588832.469176866580
          0.150000000000    1546557.394909499446
          0.151000000000    1505648.243805759819
          0.152000000000    1466088.105593981454
          0.153000000000    1427860.562330774032
          0.154000000000    1390949.338568371488
          0.155000000000    1355337.990748782409
          0.156000000000    1321009.635106842965
          0.157000000000    1287946.713161846157
          0.158000000000    1256130.793687102385
          0.159000000000    1225542.409869842231
          0.160000000000    1196160.930211009225
          0.161000000000    1167964.461566970684
          0.162000000000    1140929.782603514614
          0.163000000000    1115032.305817144923
          0.164000000000    1090246.066180839669
          0.165000000000    1066543.734390347265
          0.166000000000    1043896.652624014765
          0.167000000000    1022274.890683389152
          0.168000000000    1001647.320353668300
          0.169000000000     981981.705812019645
          0.170000000000     963244.807917658356
          0.171000000000     945402.500239680987
          0.172000000000     928419.894716281677
          0.173000000000     912261.474891584716
          0.174000000000     896891.234742710367
          0.175000000000     882272.821188995847
          0.176000000000     868369.678466478712
          0.177000000000     855145.192652394413
          0.178000000000     842562.834735609824
          0.179000000000     830586.300748001318
          0.180000000000     819179.647597703501
          0.181000000000     808307.423376365798
          0.182000000000     797934.791047692881
          0.183000000000     788027.644562434871
          0.184000000000     778552.716583934263
          0.185000000000     769477.677147347713
          0.186000000000     760771.222713191062
          0.187000000000     752403.155210900703
          0.188000000000     744344.450799244922
          0.189000000000     736567.318196870154
          0.190000000000     729045.246556762257
          0.191000000000     721753.042972163064
          0.192000000000     714666.859807771863
          0.193000000000     707764.212147911079
          0.194000000000     701023.985742579214
          0.195000000000     694426.435911973938
          0.196000000000     687953.177940259106
          0.197000000000     681587.169549449463
          0.198000000000     675312.686094381730
          0.199000000000     669115.289159755339
          0.200000000000     662981.789270146051
          0.201000000000     656900.203444106737
          0.202000000000     650859.708334022202
          0.203000000000     644850.589694874245
          0.204000000000     638864.188917772728
          0.205000000000     632892.847348731593
          0.206000000000     626929.849090127624
          0.207000000000     620969.362952425028
          0.208000000000     615006.384187611286
          0.209000000000     609036.676594312652
          0.210000000000     603056.715538279037
          0.211000000000     597063.632381855627
          0.212000000000     591055.160762949265
          0.213000000000     585029.585108422558
          0.214000000000     578985.691710087354
          0.215000000000     572922.722633724799
          0.216000000000     566840.332674006349
          0.217000000000     560738.549511369551
          0.218000000000     554617.737171474844
          0.219000000000     548478.562834490091
          0.220000000000     542321.966990719782
          0.221000000000     536149.136891438277
          0.222000000000     529961.483199757873
          0.223000000000     523760.619706237689
          0.224000000000     517548.345938152401
          0.225000000000     511326.632460019144
          0.226000000000     505097.608636432153
          0.227000000000     498863.552606459241
          0.228000000000     492626.883202026598
          0.229000000000     486390.153530648036
          0.230000000000     480156.045935656060
          0.231000000000     473927.368044483766
          0.232000000000     467707.049617452954
          0.233000000000     461498.139915563632
          0.234000000000     455303.805315934937
          0.235000000000     449127.326917115715
          0.236000000000     442972.097893521714
          0.237000000000     436841.620378050080
          0.238000000000     430739.501674304483
          0.239000000000     424669.449624263274
          0.240000000000     418635.266983311507
          0.241000000000     412640.844681846793
          0.242000000000     406690.153880770842
          0.243000000000     400787.236756652128
          0.244000000000     394936.195980750141
          0.245000000000     389141.182884145586
          0.246000000000     383406.384328393789
          0.247000000000     377736.008327223244
          0.248000000000     372134.268489406793
          0.249000000000     366605.367375808419
          0.250000000000     361153.478884531942
          0.251000000000     355782.729796726548
          0.252000000000     350497.180631983851
          0.253000000000     345300.805975969997
          0.254000000000     340197.474454156705
          0.255000000000     335190.928533968865
          0.256000000000     330284.764343426563
          0.257000000000     325482.411697449686
          0.258000000000     320787.114523368131
          0.259000000000     316201.911875076534
          0.260000000000     311729.619720568182
          0.261000000000     307372.813680674124
          0.262000000000     303133.812887660868
          0.263000000000     299014.665121253347
          0.264000000000     295017.133366682625
          0.265000000000     291142.683924948738
          0.266000000000     287392.476189600420
          0.267000000000     283767.354187469115
          0.268000000000     280267.839962968545
          0.269000000000     276894.128867210587
          0.270000000000     273646.086794398259
          0.271000000000     270523.249389069504
          0.272000000000     267524.823228969122
          0.273000000000     264649.688969847513
          0.274000000000     261896.406420539599
          0.275000000000     259263.221499473439
          0.276000000000     256748.075007433858
          0.277000000000     254348.613136176253
          0.278000000000     252062.199618448416
          0.279000000000     249885.929412264872
          0.280000000000     247816.643801023718
          0.281000000000     245850.946781276347
          0.282000000000     243985.222601762944
          0.283000000000     242215.654310739395
          0.284000000000     240538.243163629930
          0.285000000000     238948.828739689023
          0.286000000000     237443.109614571760
          0.287000000000     236016.664435472077
          0.288000000000     234664.973246774403
          0.289000000000     233383.438916800456
          0.290000000000     232167.408520262165
          0.291000000000     231012.194536231196
          0.292000000000     229913.095727793378
          0.293000000000     228865.417576884938
          0.294000000000     227864.492156019376
          0.295000000000     226905.697327581263
          0.296000000000     225984.475170917343
          0.297000000000     225096.349547527963
          0.298000000000     224236.942725034023
          0.299000000000     223401.990991249535
          0.300000000000     222587.359200363164
