          0.001000000000  151154797.479270726442
          0.002000000000  151004541.687541574240
          0.003000000000  150754422.167257606983
          0.004000000000  150404898.212983340025
          0.005000000000  149956611.031816869974
          0.006000000000  149410381.945946604013
          0.007000000000  148767210.092827558517
          0.008000000000  148028269.631303489208
          0.009000000000  147194906.463746130466
          0.010000000000  146268634.486052781343
          0.011000000000  145251131.378992319107
          0.012000000000  144144233.956024706364
          0.013000000000  142949933.084280401468
          0.014000000000  141670368.196858435869
          0.015000000000  140307821.416025578976
          0.016000000000  138864711.308208048344
          0.017000000000  137343586.292912304401
          0.018000000000  135747117.728855937719
          0.019000000000  134078092.701623484492
          0.020000000000  132339406.538103163242
          0.021000000000  130534055.073809668422
          0.022000000000  128665126.699903473258
          0.023000000000  126735794.217351689935
          0.024000000000  124749306.526153177023
          0.025000000000  122708980.177958324552
          0.026000000000  120618190.820678204298
          0.027000000000  118480364.563808038831
          0.028000000000  116298969.293270826340
          0.029000000000  114077505.964467242360
          0.030000000000  111819499.902044415474
          0.031000000000  109528492.134606078267
          0.032000000000  107208030.792127594352
          0.033000000000  104861662.593377158046
          0.034000000000  102492924.449963495135
          0.035000000000  100105335.212935358286
          0.036000000000   97702387.587032616138
          0.037000000000   95287540.236764341593
          0.038000000000   92864210.107494443655
          0.039000000000   90435764.983628243208
          0.040000000000   88005516.304851472378
          0.041000000000   85576712.260118260980
          0.042000000000   83152531.177814900875
          0.043000000000   80736075.229171186686
          0.044000000000   78330364.460580050945
          0.045000000000   75938331.169064074755
          0.046000000000   73562814.633623689413
          0.047000000000   71206556.213707238436
          0.048000000000   68872194.824499711394
          0.049000000000   66562262.797180995345
          0.050000000000   64279182.130744867027
          0.051000000000   62025261.140405498445
          0.052000000000   59802691.506067231297
          0.053000000000   57613545.722782917321
          0.054000000000   55459774.953603126109
          0.055000000000   53343207.283714279532
          0.056000000000   51265546.373298592865
          0.057000000000   49228370.505102254450
          0.058000000000   47233132.021319478750
          0.059000000000   45281157.143051706254
          0.060000000000   43373646.164304450154
          0.061000000000   41511674.011264532804
          0.062000000000   39696191.156415335834
          0.063000000000   37928024.875956512988
          0.064000000000   36207880.837950907648
          0.065000000000   34536345.007667414844
          0.066000000000   32913885.855695657432
          0.067000000000   31340856.853613577783
          0.068000000000   29817499.241249568760
          0.069000000000   28343945.048948295414
          0.070000000000   26920220.357684109360
          0.071000000000   25546248.779387433082
          0.072000000000   24221855.139463536441
          0.073000000000   22946769.343170132488
          0.074000000000   21720630.407298658043
          0.075000000000   20542990.638463534415
          0.076000000000   19413319.939243320376
          0.077000000000   18331010.223438635468
          0.078000000000   17295379.921812463552
          0.079000000000   16305678.559851257131
          0.080000000000   15361091.389333007857
          0.081000000000   14460744.055808493868
          0.082000000000   13603707.284485999495
          0.083000000000   12789001.567458111793
          0.084000000000   12015601.835719022900
          0.085000000000   11282442.099985077977
          0.086000000000   10588420.044948481023
          0.087000000000    9932401.562258444726
          0.088000000000    9313225.208232490346
          0.089000000000    8729706.573047567159
          0.090000000000    8180642.548943173140
          0.091000000000    7664815.485778626055
          0.092000000000    7180997.223125593737
          0.093000000000    6727952.988933533430
          0.094000000000    6304445.155679944903
          0.095000000000    5909236.845802546479
          0.096000000000    5541095.379103904590
          0.097000000000    5198795.555713483132
          0.098000000000    4881122.769087008201
          0.099000000000    4586875.944410178810
          0.100000000000    4314870.298653732054
          0.101000000000    4063939.919390794821
          0.102000000000    3832940.160335990135
          0.103000000000    3620749.852393520065
          0.104000000000    3426273.329804204870
          0.105000000000    3248442.271758986637
          0.106000000000    3086217.360592803452
          0.107000000000    2938589.758387905080
          0.108000000000    2804582.404495808762
          0.109000000000    2683251.137130472343
          0.110000000000    2573685.642790690996
          0.111000000000    2475010.237834592815
          0.112000000000    2386384.487052923534
          0.113000000000    2307003.664569159504
          0.114000000000    2236099.062832728028
          0.115000000000    2172938.155865883920
          0.116000000000    2116824.623275307938
          0.117000000000    2067098.241845596582
          0.118000000000    2023134.651794147445
          0.119000000000    1984345.004985578591
          0.120000000000    1950175.502579529304
          0.121000000000    1920106.829719124362
          0.122000000000    1893653.494959699688
          0.123000000000    1870363.082189632813
          0.124000000000    1849815.422808620846
          0.125000000000    1831621.695905126864
          0.126000000000    1815423.464115421055
          0.127000000000    1800891.652753667207
          0.128000000000    1787725.479677305557
          0.129000000000    1775651.343197255861
          0.130000000000    1764421.675159236649
          0.131000000000    1753813.766113982070
          0.132000000000    1743628.569261612603
          0.133000000000    1733689.489601738285
          0.134000000000    1723841.164447716903
          0.135000000000    1713948.241173805902
          0.136000000000    1703894.157759090886
          0.137000000000    1693579.931375338696
          0.138000000000    1682922.959938423941
          0.139000000000    1671855.841207884252
          0.140000000000    1660325.213677817956
          0.141000000000    1648290.623157403897
          0.142000000000    1635723.418592353351
          0.143000000000    1622605.680331813870
          0.144000000000    1608929.183700405061
          0.145000000000    1594694.400393745396
          0.146000000000    1579909.539880068041
          0.147000000000    1564589.632661317708
          0.148000000000    1548755.656926552998
          0.149000000000    1532433.709819230251
          0.150000000000    1515654.224239750765
          0.151000000000    1498451.231816210318
          0.152000000000    1480861.672400976997
          0.153000000000    1462924.750188726932
          0.154000000000    1444681.336304715136
          0.155000000000    1426173.417479493655
          0.156000000000    1407443.590210057562
          0.157000000000    1388534.599606615957
          0.158000000000    1369488.921939897584
          0.159000000000    1350348.389735981124
          0.160000000000    1331153.858114056988
          0.161000000000    1311944.910927572288
          0.162000000000    1292759.605150305666
          0.163000000000    1273634.251846244792
          0.164000000000    1254603.231975153089
          0.165000000000    1235698.845213935710
          0.166000000000    1216951.189917366486
          0.167000000000    1198388.072299148189
          0.168000000000    1180034.942885760451
          0.169000000000    1161914.858280099463
          0.170000000000    1144048.466268775053
          0.171000000000    1126454.012315851869
          0.172000000000    1109147.365505254129
          0.173000000000    1092142.062024224550
          0.174000000000    1075449.364319269080
          0.175000000000    1059078.334104067180
          0.176000000000    1043035.917454324546
          0.177000000000    1027327.040287152980
          0.178000000000    1011954.712591227493
          0.179000000000     996920.139847838436
          0.180000000000     982222.840161548811
          0.181000000000     967860.765701127588
          0.182000000000     953830.427136717481
          0.183000000000     940127.019846413168
          0.184000000000     926744.550754273660
          0.185000000000     913675.964751526248
          0.186000000000     900913.269742519245
          0.187000000000     888447.659446552629
          0.188000000000     876269.633175174706
          0.189000000000     864369.111891660490
          0.190000000000     852735.549944434431
          0.191000000000     841358.041948981932
          0.192000000000     830225.424372713664
          0.193000000000     819326.371454108041
          0.194000000000     808649.485160860815
          0.195000000000     798183.378961497569
          0.196000000000     787916.755250781542
          0.197000000000     777838.476330969599
          0.198000000000     767937.628908541752
          0.199000000000     758203.582119332510
          0.200000000000     748626.039143773960
          0.201000000000     739195.082518578041
          0.202000000000     729901.213291226421
          0.203000000000     720735.384199407184
          0.204000000000     711689.027089106967
          0.205000000000     702754.074812311563
          0.206000000000     693922.977868566057
          0.207000000000     685188.716073988937
          0.208000000000     676544.805556862382
          0.209000000000     667985.301390999462
          0.210000000000     659504.796186583349
          0.211000000000     651098.414963631658
          0.212000000000     642761.806635664660
          0.213000000000     634491.132430760073
          0.214000000000     626283.051574330544
          0.215000000000     618134.704552778392
          0.216000000000     610043.694269820466
          0.217000000000     602008.065398231731
          0.218000000000     594026.282218931476
          0.219000000000     586097.205227132654
          0.220000000000     578220.066771941492
          0.221000000000     570394.445981375058
          0.222000000000     562620.243209610227
          0.223000000000     554897.654227524647
          0.224000000000     547227.144361341954
          0.225000000000     539609.422767846030
          0.226000000000     532045.417017972679
          0.227000000000     524536.248144165962
          0.228000000000     517083.206290574220
          0.229000000000     509687.727089101332
          0.230000000000     502351.368868790742
          0.231000000000     495075.790790867992
          0.232000000000     487862.731987299514
          0.233000000000     480713.991766856343
          0.234000000000     473631.410939525173
          0.235000000000     466616.854297763144
          0.236000000000     459672.194281498378
          0.237000000000     452799.295843009488
          0.238000000000     446000.002517952526
          0.239000000000     439276.123699689924
          0.240000000000     432629.423105864495
          0.241000000000     426061.608418790274
          0.242000000000     419574.322074634896
          0.243000000000     413169.133170584450
          0.244000000000     406847.530454205291
          0.245000000000     400610.916354881250
          0.246000000000     394460.602013657743
          0.247000000000     388397.803264879563
          0.248000000000     382423.637520677526
          0.249000000000     376539.121507633768
          0.250000000000     370745.169803694938
          0.251000000000     365042.594122669427
          0.252000000000     359432.103293324646
          0.253000000000     353914.303880133084
          0.254000000000     348489.701393147872
          0.255000000000     343158.702035174007
          0.256000000000     337921.614935345540
          0.257000000000     332778.654819386022
          0.258000000000     327729.945068213274
          0.259000000000     322775.521117984259
          0.260000000000     317915.334156333411
          0.261000000000     313149.255071225693
          0.262000000000     308477.078610613593
          0.263000000000     303898.527712861076
          0.264000000000     299413.257969737169
          0.265000000000     295020.862185559701
          0.266000000000     290720.874997921928
          0.267000000000     286512.777527149592
          0.268000000000     282396.002023468784
          0.269000000000     278369.936482515885
          0.270000000000     274433.929201529478
          0.271000000000     270587.293250213144
          0.272000000000     266829.310831837123
          0.273000000000     263159.237511722313
          0.274000000000     259576.306291786255
          0.275000000000     256079.731511311897
          0.276000000000     252668.712555606326
          0.277000000000     249342.437355642440
          0.278000000000     246100.085663250589
          0.279000000000     242940.832087853953
          0.280000000000     239863.848882186285
          0.281000000000     236868.308465875161
          0.282000000000     233953.385677246173
          0.283000000000     231118.259745153133
          0.284000000000     228362.115974168730
          0.285000000000     225684.147137956781
          0.286000000000     223083.554577211529
          0.287000000000     220559.549000119325
          0.288000000000     218111.350984868564
          0.289000000000     215738.191185394302
          0.290000000000     213439.310243139393
          0.291000000000     211213.958409304731
          0.292000000000     209061.394883709552
          0.293000000000     206980.886878059828
          0.294000000000     204971.708413100889
          0.295000000000     203033.138860777428
          0.296000000000     201164.461244170496
          0.297000000000     199364.960309586866
          0.298000000000     197633.920386737329
          0.299000000000     195970.623054459604
          0.300000000000     194374.344630882086
