          0.001000000000  144990037.841656088829
          0.002000000000  144860178.246673524380
          0.003000000000  144643984.762823522091
          0.004000000000  144341815.513172924519
          0.005000000000  143954170.594960838556
          0.006000000000  143481690.809595018625
          0.007000000000  142925156.036989420652
          0.008000000000  142285483.259593456984
          0.009000000000  141563724.242630183697
          0.010000000000  140761062.878154546022
          0.011000000000  139878812.201666742563
          0.012000000000  138918411.091037988663
          0.013000000000  137881420.658556193113
          0.014000000000  136769520.347858846188
          0.015000000000  135584503.748438715935
          0.016000000000  134328274.141319721937
          0.017000000000  133002839.790300175548
          0.018000000000  131610308.993936300278
          0.019000000000  130152884.914163798094
          0.020000000000  128632860.198092967272
          0.021000000000  127052611.410095214844
          0.022000000000  125414593.291844904423
          0.023000000000  123721332.868398696184
          0.024000000000  121975423.418810889125
          0.025000000000  120179518.330072864890
          0.026000000000  118336324.853428766131
          0.027000000000  116448597.782277956605
          0.028000000000  114519133.070976749063
          0.029000000000  112550761.413894370198
          0.030000000000  110546341.804022014141
          0.031000000000  108508755.090322196484
          0.032000000000  106440897.552847042680
          0.033000000000  104345674.514365881681
          0.034000000000  102225994.006973147392
          0.035000000000  100084760.511725142598
          0.036000000000   97924868.788954496384
          0.037000000000   95749197.816365063190
          0.038000000000   93560604.851490423083
          0.039000000000   91361919.634465888143
          0.040000000000   89155938.746393516660
          0.041000000000   86945420.137887448072
          0.042000000000   84733077.841605424881
          0.043000000000   82521576.881795242429
          0.044000000000   80313528.393021345139
          0.045000000000   78111484.959394082427
          0.046000000000   75917936.184709325433
          0.047000000000   73735304.502965733409
          0.048000000000   71565941.237814277411
          0.049000000000   69412122.918488785625
          0.050000000000   67276047.858815148473
          0.051000000000   65159833.004891298711
          0.052000000000   63065511.056043960154
          0.053000000000   60995027.862664438784
          0.054000000000   58950240.103539198637
          0.055000000000   56932913.244301855564
          0.056000000000   54944719.777651458979
          0.057000000000   52987237.745029717684
          0.058000000000   51061949.538500450552
          0.059000000000   49170240.980647474527
          0.060000000000   47313400.679420337081
          0.061000000000   45492619.653978474438
          0.062000000000   43708991.226750940084
          0.063000000000   41963511.176120191813
          0.064000000000   40257078.143374450505
          0.065000000000   38590494.286843687296
          0.066000000000   36964466.175441332161
          0.067000000000   35379605.913197420537
          0.068000000000   33836432.485763944685
          0.069000000000   32335373.319320552051
          0.070000000000   30876766.041807472706
          0.071000000000   29460860.435952909291
          0.072000000000   28087820.573158219457
          0.073000000000   26757727.116948299110
          0.074000000000   25470579.784387417138
          0.075000000000   24226299.953613691032
          0.076000000000   23024733.405433762819
          0.077000000000   21865653.186773959547
          0.078000000000   20748762.583679169416
          0.079000000000   19673698.191497806460
          0.080000000000   18640033.069888222963
          0.081000000000   17647279.970323707908
          0.082000000000   16694894.623862428591
          0.083000000000   15782279.077082959935
          0.084000000000   14908785.064260432497
          0.085000000000   14073717.404077075422
          0.086000000000   13276337.409417705610
          0.087000000000   12515866.299091193825
          0.088000000000   11791488.600651277229
          0.089000000000   11102355.533846518025
          0.090000000000   10447588.364623686299
          0.091000000000    9826281.720024269074
          0.092000000000    9237506.854759976268
          0.093000000000    8680314.860716972500
          0.094000000000    8153739.811127658933
          0.095000000000    7656801.831649489701
          0.096000000000    7188510.091110742651
          0.097000000000    6747865.705213135108
          0.098000000000    6333864.547020690516
          0.099000000000    5945499.958612172864
          0.100000000000    5581765.358824527822
          0.101000000000    5241656.742569516413
          0.102000000000    4924175.067757174373
          0.103000000000    4628328.526410221122
          0.104000000000    4353134.697098775767
          0.105000000000    4097622.576360936742
          0.106000000000    3860834.487304147333
          0.107000000000    3641827.864098444115
          0.108000000000    3439676.911576018203
          0.109000000000    3253474.139640538022
          0.110000000000    3082331.772661402356
          0.111000000000    2925383.034482155461
          0.112000000000    2781783.310106921010
          0.113000000000    2650711.185542531777
          0.114000000000    2531369.367666448001
          0.115000000000    2422985.486359978560
          0.116000000000    2324812.781492718961
          0.117000000000    2236130.677665884141
          0.118000000000    2156245.249919840135
          0.119000000000    2084489.583883311599
          0.120000000000    2020224.034088879358
          0.121000000000    1962836.384400865994
          0.122000000000    1911741.914697913686
          0.123000000000    1866383.378123262431
          0.124000000000    1826230.893361483002
          0.125000000000    1790781.756521218922
          0.126000000000    1759560.177300147014
          0.127000000000    1732116.944181089988
          0.128000000000    1708029.023457953474
          0.129000000000    1686899.096917329822
          0.130000000000    1668355.043007364497
          0.131000000000    1652049.366310393903
          0.132000000000    1637658.580101055792
          0.133000000000    1624882.546718064463
          0.134000000000    1613443.780406569829
          0.135000000000    1603086.717200207058
          0.136000000000    1593576.956308647292
          0.137000000000    1584700.477358989883
          0.138000000000    1576262.837708545616
          0.139000000000    1568088.353904274525
          0.140000000000    1560019.271210710518
          0.141000000000    1551914.924965800252
          0.142000000000    1543650.897353076143
          0.143000000000    1535118.173000727780
          0.144000000000    1526222.296634373022
          0.145000000000    1516882.535821830854
          0.146000000000    1507031.051656180527
          0.147000000000    1496612.080028842203
          0.148000000000    1485581.125948486151
          0.149000000000    1473904.173165242653
          0.150000000000    1461556.911163863493
          0.151000000000    1448523.981395254144
          0.152000000000    1434798.244423833676
          0.153000000000    1420380.069479400292
          0.154000000000    1405276.647717461223
          0.155000000000    1389501.330311686033
          0.156000000000    1373072.992327329004
          0.157000000000    1356015.423155392986
          0.158000000000    1338356.744124701014
          0.159000000000    1320128.853753132746
          0.160000000000    1301366.900950848823
          0.161000000000    1282108.786347253248
          0.162000000000    1262394.691780427704
          0.163000000000    1242266.637862642296
          0.164000000000    1221768.069418897619
          0.165000000000    1200943.468487036182
          0.166000000000    1179837.994468020508
          0.167000000000    1158497.150923473062
          0.168000000000    1136966.478434515418
          0.169000000000    1115291.272861159407
          0.170000000000    1093516.328275010688
          0.171000000000    1071685.703779474599
          0.172000000000    1049842.513381100958
          0.173000000000    1028028.738032546942
          0.174000000000    1006285.058932060259
          0.175000000000     984650.711135747842
          0.176000000000     963163.356516944827
          0.177000000000     941858.975091686938
          0.178000000000     920771.773719797609
          0.179000000000     899934.111187542905
          0.180000000000     879376.438679352519
          0.181000000000     859127.254652856849
          0.182000000000     839213.073142545531
          0.183000000000     819658.404532784480
          0.184000000000     800485.747860010364
          0.185000000000     781715.593726476654
          0.186000000000     763366.436933422810
          0.187000000000     745454.797969712177
          0.188000000000     727995.252522427822
          0.189000000000     711000.468208249193
          0.190000000000     694481.247758321348
          0.191000000000     678446.577924500685
          0.192000000000     662903.683410942554
          0.193000000000     647858.085171655170
          0.194000000000     633313.662451753160
          0.195000000000     619272.717987257754
          0.196000000000     605736.045815262245
          0.197000000000     592703.001182961860
          0.198000000000     580171.572080015903
          0.199000000000     568138.451954026707
          0.200000000000     556599.113203290151
          0.201000000000     545547.881074231700
          0.202000000000     534978.007623077370
          0.203000000000     524881.745432085940
          0.204000000000     515250.420800145366
          0.205000000000     506074.506155452749
          0.206000000000     497343.691464553121
          0.207000000000     489046.954436873377
          0.208000000000     481172.629347343347
          0.209000000000     473708.474321476766
          0.210000000000     466641.736947569763
          0.211000000000     459959.218099412974
          0.212000000000     453647.333870120056
          0.213000000000     447692.175533464469
          0.214000000000     442079.567463463347
          0.215000000000     436795.122955912724
          0.216000000000     431824.297907346452
          0.217000000000     427152.442317294015
          0.218000000000     422764.849589124729
          0.219000000000     418646.803612955031
          0.220000000000     414783.623621475126
          0.221000000000     411160.706815809594
          0.222000000000     407763.568764170341
          0.223000000000     404577.881580821704
          0.224000000000     401589.509897047770
          0.225000000000     398784.544639370695
          0.226000000000     396149.334633352584
          0.227000000000     393670.516053943837
          0.228000000000     391335.039745626040
          0.229000000000     389130.196437603678
          0.230000000000     387043.639881043578
          0.231000000000     385063.407936962903
          0.232000000000     383177.941644839826
          0.233000000000     381376.102303412743
          0.234000000000     379647.186596501910
          0.235000000000     377980.939798058127
          0.236000000000     376367.567092034442
          0.237000000000     374797.743044160597
          0.238000000000     373262.619264205743
          0.239000000000     371753.830298960907
          0.240000000000     370263.497797912743
          0.241000000000     368784.232995383092
          0.242000000000     367309.137554871035
          0.243000000000     365831.802823368460
          0.244000000000     364346.307545523334
          0.245000000000     362847.214089768531
          0.246000000000     361329.563240775955
          0.247000000000     359788.867614924035
          0.248000000000     358221.103757792909
          0.249000000000     356622.702985079901
          0.250000000000     354990.541030601424
          0.251000000000     353321.926567365474
          0.252000000000     351614.588669891644
          0.253000000000     349866.663288047654
          0.254000000000     348076.678804675117
          0.255000000000     346243.540751117049
          0.256000000000     344366.515756371373
          0.257000000000     342445.214807128592
          0.258000000000     340479.575897121686
          0.259000000000     338469.846145266667
          0.260000000000     336416.563462761987
          0.261000000000     334320.537849819346
          0.262000000000     332182.832402829081
          0.263000000000     330004.744112630375
          0.264000000000     327787.784534120699
          0.265000000000     325533.660406632407
          0.266000000000     323244.254303428519
          0.267000000000     320921.605387214862
          0.268000000000     318567.890346835833
          0.269000000000     316185.404588204459
          0.270000000000     313776.543750166136
          0.271000000000     311343.785613250104
          0.272000000000     308889.672466291988
          0.273000000000     306416.793992625375
          0.274000000000     303927.770734000776
          0.275000000000     301425.238186589966
          0.276000000000     298911.831579442718
          0.277000000000     296390.171381531633
          0.278000000000     293862.849579136993
          0.279000000000     291332.416760766006
          0.280000000000     288801.370042141003
          0.281000000000     286272.141859008290
          0.282000000000     283747.089650669193
          0.283000000000     281228.486452254583
          0.284000000000     278718.512408868119
          0.285000000000     276219.247219783254
          0.286000000000     273732.663516109053
          0.287000000000     271260.621170470142
          0.288000000000     268804.862532630621
          0.289000000000     266367.008580378839
          0.290000000000     263948.555970608024
          0.291000000000     261550.874971253972
          0.292000000000     259175.208250713185
          0.293000000000     256822.670497528394
          0.294000000000     254494.248839510430
          0.295000000000     252190.804028119426
          0.296000000000     249913.072350840113
          0.297000000000     247661.668231475196
          0.298000000000     245437.087475754583
          0.299000000000     243239.711117462197
          0.300000000000     241069.809818349226
