          0.001000000000  145377984.939789563417
          0.002000000000  145231854.533911675215
          0.003000000000  144988617.150056898594
          0.004000000000  144648741.738561630249
          0.005000000000  144212882.856722921133
          0.006000000000  143681878.704917937517
          0.007000000000  143056748.614831626415
          0.008000000000  142338689.999617278576
          0.009000000000  141529074.777916848660
          0.010000000000  140629445.285681933165
          0.011000000000  139641509.691724032164
          0.012000000000  138567136.934792548418
          0.013000000000  137408351.201810806990
          0.014000000000  136167325.968606948853
          0.015000000000  134846377.626089394093
          0.016000000000  133447958.716342955828
          0.017000000000  131974650.804511770606
          0.018000000000  130429157.013609796762
          0.019000000000  128814294.250563412905
          0.020000000000  127132985.152807742357
          0.021000000000  125388249.785655334592
          0.022000000000  123583197.121409192681
          0.023000000000  121721016.331788808107
          0.024000000000  119804967.925752520561
          0.025000000000  117838374.765071451664
          0.026000000000  115824612.990255028009
          0.027000000000  113767102.889427408576
          0.028000000000  111669299.742677465081
          0.029000000000  109534684.674164265394
          0.030000000000  107366755.543878048658
          0.031000000000  105169017.910447090864
          0.032000000000  102944976.095741003752
          0.033000000000  100698124.381248012185
          0.034000000000   98431938.365322962403
          0.035000000000   96149866.509370163083
          0.036000000000   93855321.899951487780
          0.037000000000   91551674.252542361617
          0.038000000000   89242242.181375682354
          0.039000000000   86930285.758398965001
          0.040000000000   84618999.382870078087
          0.041000000000   82311504.981577202678
          0.042000000000   80010845.558034434915
          0.043000000000   77719979.107319831848
          0.044000000000   75441772.911507949233
          0.045000000000   73178998.228869602084
          0.046000000000   70934325.388227775693
          0.047000000000   68710319.298032671213
          0.048000000000   66509435.377905666828
          0.049000000000   64334015.918561525643
          0.050000000000   62186286.874195925891
          0.051000000000   60068355.089631468058
          0.052000000000   57982205.962710916996
          0.053000000000   55929701.540689513087
          0.054000000000   53912579.047659344971
          0.055000000000   51932449.838367387652
          0.056000000000   49990798.772184908390
          0.057000000000   48088983.999427825212
          0.058000000000   46228237.150740697980
          0.059000000000   44409663.918851852417
          0.060000000000   42634245.020663857460
          0.061000000000   40902837.526398219168
          0.062000000000   39216176.541343040764
          0.063000000000   37574877.224684581161
          0.064000000000   35979437.128917150199
          0.065000000000   34430238.842447318137
          0.066000000000   32927552.917222984135
          0.067000000000   31471541.062533058226
          0.068000000000   30062259.585539959371
          0.069000000000   28699663.058630708605
          0.070000000000   27383608.193286258727
          0.071000000000   26113857.899896960706
          0.072000000000   24890085.512769669294
          0.073000000000   23711879.159492917359
          0.074000000000   22578746.253843177110
          0.075000000000   21490118.091523114592
          0.076000000000   20445354.528225295246
          0.077000000000   19443748.719798758626
          0.078000000000   18484531.904668919742
          0.079000000000   17566878.209109406918
          0.080000000000   16689909.456490511075
          0.081000000000   15852699.962222507223
          0.082000000000   15054281.296772876754
          0.083000000000   14293646.999855745584
          0.084000000000   13569757.229668898508
          0.085000000000   12881543.331874154508
          0.086000000000   12227912.313889715821
          0.087000000000   11607751.210964860395
          0.088000000000   11019931.331448359415
          0.089000000000   10463312.369627289474
          0.090000000000    9936746.375497700647
          0.091000000000    9439081.571833217517
          0.092000000000    8969166.009926564991
          0.093000000000    8525851.056399030611
          0.094000000000    8107994.704485928640
          0.095000000000    7714464.704219219275
          0.096000000000    7344141.506926033646
          0.097000000000    6995921.020448505878
          0.098000000000    6668717.172454256564
          0.099000000000    6361464.280148476362
          0.100000000000    6073119.225612507202
          0.101000000000    5802663.436875787564
          0.102000000000    5549104.675675716251
          0.103000000000    5311478.633670195006
          0.104000000000    5088850.339637205005
          0.105000000000    4880315.380922351964
          0.106000000000    4685000.943077731878
          0.107000000000    4502066.672270402312
          0.108000000000    4330705.365626540035
          0.109000000000    4170143.495214866474
          0.110000000000    4019641.571861760691
          0.111000000000    3878494.355427348986
          0.112000000000    3746030.918559273705
          0.113000000000    3621614.571276798379
          0.114000000000    3504642.654023746960
          0.115000000000    3394546.207065021619
          0.116000000000    3290789.524288707878
          0.117000000000    3192869.599615322892
          0.118000000000    3100315.474308910780
          0.119000000000    3012687.493532558437
          0.120000000000    2929576.480496370234
          0.121000000000    2850602.836508723442
          0.122000000000    2775415.575166507624
          0.123000000000    2703691.298806530423
          0.124000000000    2635133.125192641281
          0.125000000000    2569469.572232264094
          0.126000000000    2506453.408305795863
          0.127000000000    2445860.475553555880
          0.128000000000    2387488.493201902136
          0.129000000000    2331155.847724256106
          0.130000000000    2276700.376326626632
          0.131000000000    2223978.149924390018
          0.132000000000    2172862.261438939255
          0.133000000000    2123241.624892429449
          0.134000000000    2075019.790419002762
          0.135000000000    2028113.779943075264
          0.136000000000    1982452.947902925313
          0.137000000000    1937977.871022335719
          0.138000000000    1894639.270756936865
          0.139000000000    1852396.971667306963
          0.140000000000    1811218.898599626031
          0.141000000000    1771080.115188352531
          0.142000000000    1731961.905836370774
          0.143000000000    1693850.902977155289
          0.144000000000    1656738.261082707671
          0.145000000000    1620618.878551477334
          0.146000000000    1585490.668293302413
          0.147000000000    1551353.877524895594
          0.148000000000    1518210.457000136608
          0.149000000000    1486063.479625670705
          0.150000000000    1454916.608154066605
          0.151000000000    1424773.611405527219
          0.152000000000    1395637.928244156064
          0.153000000000    1367512.278327398701
          0.154000000000    1340398.318457053509
          0.155000000000    1314296.343187403399
          0.156000000000    1289205.028190608369
          0.157000000000    1265121.214741412085
          0.158000000000    1242039.733561965171
          0.159000000000    1219953.266163254157
          0.160000000000    1198852.241731415968
          0.161000000000    1178724.767535181949
          0.162000000000    1159556.590773663484
          0.163000000000    1141331.089741696138
          0.164000000000    1124029.292162023252
          0.165000000000    1107629.918519023107
          0.166000000000    1092109.448227041867
          0.167000000000    1077442.206476585940
          0.168000000000    1063600.469623096287
          0.169000000000    1050554.587015045341
          0.170000000000    1038273.117199538974
          0.171000000000    1026722.976494143601
          0.172000000000    1015869.597971928772
          0.173000000000    1005677.098972512758
          0.174000000000     996108.455323811271
          0.175000000000     987125.680537027307
          0.176000000000     978690.008319844375
          0.177000000000     970762.076839580666
          0.178000000000     963302.113258044119
          0.179000000000     956270.117152643856
          0.180000000000     949626.041533078649
          0.181000000000     943329.970259078895
          0.182000000000     937342.290761644836
          0.183000000000     931623.861067338963
          0.184000000000     926136.170221996843
          0.185000000000     920841.491306180018
          0.186000000000     915703.026329373592
          0.187000000000     910685.042382796179
          0.188000000000     905752.998521515401
          0.189000000000     900873.662934851134
          0.190000000000     896015.220049529453
          0.191000000000     891147.367292484501
          0.192000000000     886241.401319175842
          0.193000000000     881270.293588920613
          0.194000000000     876208.755240348168
          0.195000000000     871033.291288050590
          0.196000000000     865722.244225235307
          0.197000000000     860255.827176974388
          0.198000000000     854616.146804126678
          0.199000000000     848787.216209294624
          0.200000000000     842754.958143244614
          0.201000000000     836507.198853019625
          0.202000000000     830033.652951499098
          0.203000000000     823325.899722621660
          0.204000000000     816377.351306715165
          0.205000000000     809183.213236633106
          0.206000000000     801740.437817668892
          0.207000000000     794047.670862677041
          0.208000000000     786105.192308514495
          0.209000000000     777914.851251055137
          0.210000000000     769479.995943624293
          0.211000000000     760805.399308111053
          0.212000000000     751897.180509054684
          0.213000000000     742762.723139257054
          0.214000000000     733410.590560705168
          0.215000000000     723850.438937210012
          0.216000000000     714092.928485298180
          0.217000000000     704149.633457618766
          0.218000000000     694032.951358757331
          0.219000000000     683756.011876913719
          0.220000000000     673332.585996709298
          0.221000000000     662776.995738511789
          0.222000000000     652104.024948328501
          0.223000000000     641328.831539672334
          0.224000000000     630466.861565028783
          0.225000000000     619533.765469800914
          0.226000000000     608545.316856080783
          0.227000000000     597517.334057340049
          0.228000000000     586465.604798488552
          0.229000000000     575405.814188711694
          0.230000000000     564353.476267236518
          0.231000000000     553323.869294928736
          0.232000000000     542331.974957425031
          0.233000000000     531392.421618498396
          0.234000000000     520519.431735782069
          0.235000000000     509726.773524708347
          0.236000000000     499027.716931028408
          0.237000000000     488434.993947254028
          0.238000000000     477960.763284318557
          0.239000000000     467616.579386441386
          0.240000000000     457413.365754895553
          0.241000000000     447361.392525140778
          0.242000000000     437470.258221624012
          0.243000000000     427748.875595603546
          0.244000000000     418205.461433624383
          0.245000000000     408847.530207831063
          0.246000000000     399681.891424198810
          0.247000000000     390714.650511012820
          0.248000000000     381951.213077570021
          0.249000000000     373396.292362094973
          0.250000000000     365053.919678388746
          0.251000000000     356927.457662536181
          0.252000000000     349019.616114357195
          0.253000000000     341332.470222979551
          0.254000000000     333867.480961999332
          0.255000000000     326625.517437176022
          0.256000000000     319606.880968370184
          0.257000000000     312811.330687561771
          0.258000000000     306238.110436079674
          0.259000000000     299885.976746718108
          0.260000000000     293753.227700130607
          0.261000000000     287837.732449576259
          0.262000000000     282136.961213970673
          0.263000000000     276648.015545831935
          0.264000000000     271367.658688392607
          0.265000000000     266292.345844524971
          0.266000000000     261418.254189275147
          0.267000000000     256741.312467572192
          0.268000000000     252257.230029045895
          0.269000000000     247961.525162682228
          0.270000000000     243849.552605278761
          0.271000000000     239916.530109197542
          0.272000000000     236157.563966664777
          0.273000000000     232567.673399770982
          0.274000000000     229141.813737317920
          0.275000000000     225874.898311592668
          0.276000000000     222761.819020040915
          0.277000000000     219797.465508518275
          0.278000000000     216976.742944258527
          0.279000000000     214294.588357903238
          0.280000000000     211745.985544716095
          0.281000000000     209325.978525528859
          0.282000000000     207029.683577864576
          0.283000000000     204852.299857085774
          0.284000000000     202789.118636236293
          0.285000000000     200835.531201471982
          0.286000000000     198987.035447541100
          0.287000000000     197239.241224701254
          0.288000000000     195587.874494663265
          0.289000000000     194028.780358674529
          0.290000000000     192557.925025637815
          0.291000000000     191171.396792231622
          0.292000000000     189865.406110335956
          0.293000000000     188636.284819674649
          0.294000000000     187480.484625507874
          0.295000000000     186394.574902386754
          0.296000000000     185375.239905522671
          0.297000000000     184419.275471186440
          0.298000000000     183523.585286775517
          0.299000000000     182685.176809845289
          0.300000000000     181901.156913435581
