          0.001000000000  138400933.700316280127
          0.002000000000  138280357.105670183897
          0.003000000000  138079632.410033792257
          0.004000000000  137799113.339139968157
          0.005000000000  137439293.677041053772
          0.006000000000  137000805.840860038996
          0.007000000000  136484419.057889580727
          0.008000000000  135891037.152150541544
          0.009000000000  135221695.949030637741
          0.010000000000  134477560.308093994856
          0.011000000000  133659920.795569419861
          0.012000000000  132770190.009394869208
          0.013000000000  131809898.570991739631
          0.014000000000  130780690.799198225141
          0.015000000000  129684320.082930207253
          0.016000000000  128522643.970239967108
          0.017000000000  127297618.992444604635
          0.018000000000  126011295.242904365063
          0.019000000000  124665810.730860784650
          0.020000000000  123263385.531466394663
          0.021000000000  121806315.753774285316
          0.022000000000  120296967.348989009857
          0.023000000000  118737769.781698912382
          0.024000000000  117131209.587145671248
          0.025000000000  115479823.837801054120
          0.026000000000  113786193.542646974325
          0.027000000000  112052937.002563938498
          0.028000000000  110282703.145135343075
          0.029000000000  108478164.862005814910
          0.030000000000  106642012.371619939804
          0.031000000000  104776946.629795774817
          0.032000000000  102885672.810099542141
          0.033000000000  100970893.875416442752
          0.034000000000   99035304.261459052563
          0.035000000000   97081583.692207023501
          0.036000000000   95112391.146456301212
          0.037000000000   93130358.993766650558
          0.038000000000   91138087.317127779126
          0.039000000000   89138138.438656553626
          0.040000000000   87133031.663539066911
          0.041000000000   85125238.256328999996
          0.042000000000   83117176.662518188357
          0.043000000000   81111207.987097546458
          0.044000000000   79109631.740585535765
          0.045000000000   77114681.861731484532
          0.046000000000   75128523.024818941951
          0.047000000000   73153247.238206058741
          0.048000000000   71190870.739426508546
          0.049000000000   69243331.190894588828
          0.050000000000   67312485.178953364491
          0.051000000000   65400106.017735436559
          0.052000000000   63507881.858052521944
          0.053000000000   61637414.100293122232
          0.054000000000   59790216.109118320048
          0.055000000000   57967712.226573482156
          0.056000000000   56171237.079127140343
          0.057000000000   54402035.173060752451
          0.058000000000   52661260.771616980433
          0.059000000000   50949978.046350829303
          0.060000000000   49269161.494201585650
          0.061000000000   47619696.610973410308
          0.062000000000   46002380.811112113297
          0.063000000000   44417924.582953192294
          0.064000000000   42866952.867967747152
          0.065000000000   41350006.651945836842
          0.066000000000   39867544.755553781986
          0.067000000000   38419945.811258971691
          0.068000000000   37007510.413255289197
          0.069000000000   35630463.426721096039
          0.070000000000   34288956.442528866231
          0.071000000000   32983070.363364603370
          0.072000000000   31712818.107141185552
          0.073000000000   30478147.413568798453
          0.074000000000   29278943.739802226424
          0.075000000000   28115033.231198795140
          0.076000000000   26986185.753395348787
          0.077000000000   25892117.972153026611
          0.078000000000   24832496.467705816031
          0.079000000000   23806940.870690025389
          0.080000000000   22815027.007134068757
          0.081000000000   21856290.040410656482
          0.082000000000   20930227.598547503352
          0.083000000000   20036302.875799030066
          0.084000000000   19173947.697936404496
          0.085000000000   18342565.541294731200
          0.086000000000   17541534.496220692992
          0.087000000000   16770210.166192019358
          0.088000000000   16027928.494526850060
          0.089000000000   15314008.511260328814
          0.090000000000   14627754.993433155119
          0.091000000000   13968461.032713951543
          0.092000000000   13335410.504952844232
          0.093000000000   12727880.436938583851
          0.094000000000   12145143.266302993521
          0.095000000000   11586468.991177361459
          0.096000000000   11051127.206854214892
          0.097000000000   10538389.027346264571
          0.098000000000   10047528.890348741785
          0.099000000000    9577826.244710538536
          0.100000000000    9128567.120095117018
          0.101000000000    8699045.579061666504
          0.102000000000    8288565.052321137860
          0.103000000000    7896439.558417664841
          0.104000000000    7521994.809551055543
          0.105000000000    7164569.205691506155
          0.106000000000    6823514.719539502636
          0.107000000000    6498197.675254241563
          0.108000000000    6187999.424210346304
          0.109000000000    5892316.921345248818
          0.110000000000    5610563.205928707495
          0.111000000000    5342167.790821006522
          0.112000000000    5086576.964488107711
          0.113000000000    4843254.010211302899
          0.114000000000    4611679.347064715810
          0.115000000000    4391350.597339196131
          0.116000000000    4181782.585166435689
          0.117000000000    3982507.271140419878
          0.118000000000    3793073.627752227243
          0.119000000000    3613047.460442726500
          0.120000000000    3442011.179043025244
          0.121000000000    3279563.524313434027
          0.122000000000    3125319.254209995270
          0.123000000000    2978908.794405987952
          0.124000000000    2839977.857474898919
          0.125000000000    2708187.035003531259
          0.126000000000    2583211.366750737187
          0.127000000000    2464739.890800528228
          0.128000000000    2352475.178479665425
          0.129000000000    2246132.857621345669
          0.130000000000    2145441.127559698652
          0.131000000000    2050140.269035941921
          0.132000000000    1959982.151988864178
          0.133000000000    1874729.743989746086
          0.134000000000    1794156.621868230170
          0.135000000000    1718046.488860792480
          0.136000000000    1646192.699400014943
          0.137000000000    1578397.793451141333
          0.138000000000    1514473.042094282573
          0.139000000000    1454238.005846668035
          0.140000000000    1397520.107021102216
          0.141000000000    1344154.217224467779
          0.142000000000    1293982.260915404651
          0.143000000000    1246852.835762961535
          0.144000000000    1202620.850379547803
          0.145000000000    1161147.179841751466
          0.146000000000    1122298.339262403781
          0.147000000000    1085946.175536811119
          0.148000000000    1051967.577255525393
          0.149000000000    1020244.202655823668
          0.150000000000     990662.225373860798
          0.151000000000     963112.097659839550
          0.152000000000     937488.330628745724
          0.153000000000     913689.291039744276
          0.154000000000     891617.014027581085
          0.155000000000     871177.031149247079
          0.156000000000     852278.213058337453
          0.157000000000     834832.626077756053
          0.158000000000     818755.401907999534
          0.159000000000     803964.619683292462
          0.160000000000     790381.199570197612
          0.161000000000     777928.807093217387
          0.162000000000     766533.767368313507
          0.163000000000     756124.988427948439
          0.164000000000     746633.892829656834
          0.165000000000     737994.356753709144
          0.166000000000     730142.655813624151
          0.167000000000     723017.416825667955
          0.168000000000     716559.574809519690
          0.169000000000     710712.334521371173
          0.170000000000     705421.135852664709
          0.171000000000     700633.622461642255
          0.172000000000     696299.613040803350
          0.173000000000     692371.074660493294
          0.174000000000     688802.097667089663
          0.175000000000     685548.871653006412
          0.176000000000     682569.662054771325
          0.177000000000     679824.786974493181
          0.178000000000     677276.593858677894
          0.179000000000     674889.435706431861
          0.180000000000     672629.646516426583
          0.181000000000     670465.515718201408
          0.182000000000     668367.261368501466
          0.183000000000     666307.001927037840
          0.184000000000     664258.726458359626
          0.185000000000     662198.263137222850
          0.186000000000     660103.245963845751
          0.187000000000     657953.079622895457
          0.188000000000     655728.902445586049
          0.189000000000     653413.547458139365
          0.190000000000     650991.501521999249
          0.191000000000     648448.862591504352
          0.192000000000     645773.295133306179
          0.193000000000     642953.983768815524
          0.194000000000     639981.585216194973
          0.195000000000     636848.178622066625
          0.196000000000     633547.214385300525
          0.197000000000     630073.461585903773
          0.198000000000     626422.954141252325
          0.199000000000     622592.935819927370
          0.200000000000     618581.804250003188
          0.201000000000     614389.054064183030
          0.202000000000     610015.219328520936
          0.203000000000     605461.815404800000
          0.204000000000     600731.280398970586
          0.205000000000     595826.916349544190
          0.206000000000     590752.830310324789
          0.207000000000     585513.875481795520
          0.208000000000     580115.592544402112
          0.209000000000     574564.151345514227
          0.210000000000     568866.293089446495
          0.211000000000     563029.273177200812
          0.212000000000     557060.804839168093
          0.213000000000     550969.003700101515
          0.214000000000     544762.333411339903
          0.215000000000     538449.552480433602
          0.216000000000     532039.662423020927
          0.217000000000     525541.857356272521
          0.218000000000     518965.475147066114
          0.219000000000     512319.950221836334
          0.220000000000     505614.768138244806
          0.221000000000     498859.422011873277
          0.222000000000     492063.370883837750
          0.223000000000     485236.000107674743
          0.224000000000     478386.583826038113
          0.225000000000     471524.249599749164
          0.226000000000     464657.945243478520
          0.227000000000     457796.407913969830
          0.228000000000     450948.135488151049
          0.229000000000     444121.360259792651
          0.230000000000     437324.024974611588
          0.231000000000     430563.761214909726
          0.232000000000     423847.870135920122
          0.233000000000     417183.305547242926
          0.234000000000     410576.659323902626
          0.235000000000     404034.149122843461
          0.236000000000     397561.608372065122
          0.237000000000     391164.478491170739
          0.238000000000     384847.803293843928
          0.239000000000     378616.225514776248
          0.240000000000     372473.985395873140
          0.241000000000     366424.921259174182
          0.242000000000     360472.471986936114
          0.243000000000     354619.681322704244
          0.244000000000     348869.203901105211
          0.245000000000     343223.312908378837
          0.246000000000     337683.909270594304
          0.247000000000     332252.532261880406
          0.248000000000     326930.371421018732
          0.249000000000     321718.279661386914
          0.250000000000     316616.787456448539
          0.251000000000     311626.117980930605
          0.252000000000     306746.203086366644
          0.253000000000     301976.699988924956
          0.254000000000     297317.008547378646
          0.255000000000     292766.289009629050
          0.256000000000     288323.480107519601
          0.257000000000     283987.317381534493
          0.258000000000     279756.351619635243
          0.259000000000     275628.967297637078
          0.260000000000     271603.400912373967
          0.261000000000     267677.759103276359
          0.262000000000     263850.036462927877
          0.263000000000     260118.132942610799
          0.264000000000     256479.870764727501
          0.265000000000     252933.010760355741
          0.266000000000     249475.268056840694
          0.267000000000     246104.327047385072
          0.268000000000     242817.855581867334
          0.269000000000     239613.518325624813
          0.270000000000     236488.989240604220
          0.271000000000     233441.963151044532
          0.272000000000     230470.166363662895
          0.273000000000     227571.366320121218
          0.274000000000     224743.380267272500
          0.275000000000     221984.082938294567
          0.276000000000     219291.413245249802
          0.277000000000     216663.379990802117
          0.278000000000     214098.066613742150
          0.279000000000     211593.634989578277
          0.280000000000     209148.328313647566
          0.281000000000     206760.473100053321
          0.282000000000     204428.480335062544
          0.283000000000     202150.845828539692
          0.284000000000     199926.149811330746
          0.285000000000     197753.055830414465
          0.286000000000     195630.308996934269
          0.287000000000     193556.733644981927
          0.288000000000     191531.230461201834
          0.289000000000     189552.773146901629
          0.290000000000     187620.404675401951
          0.291000000000     185733.233207854617
          0.292000000000     183890.427730673953
          0.293000000000     182091.213477150799
          0.294000000000     180334.867194670456
          0.295000000000     178620.712317353871
          0.296000000000     176948.114101859974
          0.297000000000     175316.474781560362
          0.298000000000     173725.228791375383
          0.299000000000     172173.838112284779
          0.300000000000     170661.787780885934
