          0.001000000000  143964388.559838384390
          0.002000000000  143826856.244125247002
          0.003000000000  143597913.689585924149
          0.004000000000  143277977.027030766010
          0.005000000000  142867627.189409673214
          0.006000000000  142367608.268956184387
          0.007000000000  141778825.415370494127
          0.008000000000  141102342.282800525427
          0.009000000000  140339378.035039007664
          0.010000000000  139491303.919945597649
          0.011000000000  138559639.425699532032
          0.012000000000  137546048.032958596945
          0.013000000000  136452332.578479647636
          0.014000000000  135280430.247100472450
          0.015000000000  134032407.210323169827
          0.016000000000  132710452.930916935205
          0.017000000000  131316874.154146015644
          0.018000000000  129854088.607221856713
          0.019000000000  128324618.429596975446
          0.020000000000  126731083.357507362962
          0.021000000000  125076193.686984285712
          0.022000000000  123362743.040169805288
          0.023000000000  121593600.960338249803
          0.024000000000  119771705.361449867487
          0.025000000000  117900054.858414098620
          0.026000000000  115981701.004423305392
          0.027000000000  114019740.461874589324
          0.028000000000  112017307.133354738355
          0.029000000000  109977564.279080778360
          0.030000000000  107903696.646973282099
          0.031000000000  105798902.641195490956
          0.032000000000  103666386.554603368044
          0.033000000000  101509350.889990881085
          0.034000000000   99330988.794424310327
          0.035000000000   97134476.630225569010
          0.036000000000   94922966.705371707678
          0.037000000000   92699580.185187548399
          0.038000000000   90467400.206238508224
          0.039000000000   88229465.212300300598
          0.040000000000   85988762.531154885888
          0.041000000000   83748222.209807574749
          0.042000000000   81510711.124477818608
          0.043000000000   79279027.380445048213
          0.044000000000   77055895.015490472317
          0.045000000000   74843959.019343763590
          0.046000000000   72645780.680112317204
          0.047000000000   70463833.267284616828
          0.048000000000   68300498.059445321560
          0.049000000000   66158060.723407067358
          0.050000000000   64038708.049997746944
          0.051000000000   61944525.050315044820
          0.052000000000   59877492.414801441133
          0.053000000000   57839484.336085550487
          0.054000000000   55832266.695122979581
          0.055000000000   53857495.608805008233
          0.056000000000   51916716.335856564343
          0.057000000000   50011362.536547526717
          0.058000000000   48142755.880480639637
          0.059000000000   46312105.995517164469
          0.060000000000   44520510.749739043415
          0.061000000000   42768956.857256636024
          0.062000000000   41058320.797636687756
          0.063000000000   39389370.037747286260
          0.064000000000   37762764.543931394815
          0.065000000000   36179058.571576699615
          0.066000000000   34638702.718405321240
          0.067000000000   33142046.227119624615
          0.068000000000   31689339.522445943207
          0.069000000000   30280736.967084538192
          0.070000000000   28916299.820639811456
          0.071000000000   27595999.385228250176
          0.072000000000   26319720.321186356246
          0.073000000000   25087264.116081420332
          0.074000000000   23898352.690110236406
          0.075000000000   22752632.120905891061
          0.076000000000   21649676.470804974437
          0.077000000000   20588991.699713483453
          0.078000000000   19570019.646882258356
          0.079000000000   18592142.065131992102
          0.080000000000   17654684.691368721426
          0.081000000000   16756921.337592545897
          0.082000000000   15898077.987020470202
          0.083000000000   15077336.880423348397
          0.084000000000   14293840.578299770132
          0.085000000000   13546695.985087286681
          0.086000000000   12834978.322229189798
          0.087000000000   12157735.037571445107
          0.088000000000   11513989.639258271083
          0.089000000000   10902745.443016864359
          0.090000000000   10322989.222473371774
          0.091000000000    9773694.752911148593
          0.092000000000    9253826.239673452452
          0.093000000000    8762341.623214483261
          0.094000000000    8298195.753611900844
          0.095000000000    7860343.428173134103
          0.096000000000    7447742.286579446867
          0.097000000000    7059355.558828080073
          0.098000000000    6694154.662035205401
          0.099000000000    6351121.642957514152
          0.100000000000    6029251.463869204745
          0.101000000000    5727554.130191798322
          0.102000000000    5445056.659014313482
          0.103000000000    5180804.888356971554
          0.104000000000    4933865.127719813026
          0.105000000000    4703325.651117145084
          0.106000000000    4488298.034425959922
          0.107000000000    4287918.339470366947
          0.108000000000    4101348.147822006606
          0.109000000000    3927775.447817936540
          0.110000000000    3766415.378780038562
          0.111000000000    3616510.836863769218
          0.112000000000    3477332.947367510758
          0.113000000000    3348181.408696488477
          0.114000000000    3228384.713497536723
          0.115000000000    3117300.252761573065
          0.116000000000    3014314.308931205887
          0.117000000000    2918841.944250764791
          0.118000000000    2830326.790755838621
          0.119000000000    2748240.748420930468
          0.120000000000    2672083.598066726234
          0.121000000000    2601382.535674766637
          0.122000000000    2535691.634768355172
          0.123000000000    2474591.243495113216
          0.124000000000    2417687.322991046589
          0.125000000000    2364610.733519773465
          0.126000000000    2315016.474765182473
          0.127000000000    2268582.886513969395
          0.128000000000    2225010.815797286574
          0.129000000000    2184022.756370813586
          0.130000000000    2145361.966202175245
          0.131000000000    2108791.568404933438
          0.132000000000    2074093.640813125297
          0.133000000000    2041068.299129748251
          0.134000000000    2009532.778310905909
          0.135000000000    1979320.516564750113
          0.136000000000    1950280.246054382995
          0.137000000000    1922275.094097892521
          0.138000000000    1895181.698358693859
          0.139000000000    1868889.339217673754
          0.140000000000    1843299.092216606019
          0.141000000000    1818323.003162040142
          0.142000000000    1793883.288182084216
          0.143000000000    1769911.560736296000
          0.144000000000    1746348.087293566903
          0.145000000000    1723141.073114729719
          0.146000000000    1700245.979308134643
          0.147000000000    1677624.872067381628
          0.148000000000    1655245.804753130535
          0.149000000000    1633082.233245237498
          0.150000000000    1611112.464768771082
          0.151000000000    1589319.140188334510
          0.152000000000    1567688.749569764594
          0.153000000000    1546211.180627487367
          0.154000000000    1524879.299509762786
          0.155000000000    1503688.563222716097
          0.156000000000    1482636.662857949734
          0.157000000000    1461723.196667137090
          0.158000000000    1440949.371920651058
          0.159000000000    1420317.734395459527
          0.160000000000    1399831.924259954831
          0.161000000000    1379496.457059941487
          0.162000000000    1359316.528459900059
          0.163000000000    1339297.841356527526
          0.164000000000    1319446.453956923215
          0.165000000000    1299768.647400687914
          0.166000000000    1280270.811503491830
          0.167000000000    1260959.347207860555
          0.168000000000    1241840.584345177049
          0.169000000000    1222920.713339535519
          0.170000000000    1204205.729519009823
          0.171000000000    1185701.388741894858
          0.172000000000    1167413.173093872843
          0.173000000000    1149346.265466045123
          0.174000000000    1131505.531882522628
          0.175000000000    1113895.510508904699
          0.176000000000    1096520.406339029083
          0.177000000000    1079384.090625543846
          0.178000000000    1062490.104190047830
          0.179000000000    1045841.663819597452
          0.180000000000    1029441.671027823235
          0.181000000000    1013292.722530145547
          0.182000000000     997397.121852860320
          0.183000000000     981756.891565021826
          0.184000000000     966373.785689041368
          0.185000000000     951249.301910850103
          0.186000000000     936384.693272624863
          0.187000000000     921780.979090108187
          0.188000000000     907438.954892379814
          0.189000000000     893359.201234012377
          0.190000000000     879542.091277972911
          0.191000000000     865987.797091910150
          0.192000000000     852696.294640879845
          0.193000000000     839667.367495626560
          0.194000000000     826900.609307601932
          0.195000000000     814395.425129672745
          0.196000000000     802151.031685201684
          0.197000000000     790166.456707858015
          0.198000000000     778440.537490325863
          0.199000000000     766971.918791964767
          0.200000000000     755759.050264029996
          0.201000000000     744800.183555923984
          0.202000000000     734093.369267814094
          0.203000000000     723636.453913804493
          0.204000000000     713427.077055963106
          0.205000000000     703462.668763171532
          0.206000000000     693740.447540277615
          0.207000000000     684257.418862583814
          0.208000000000     675010.374438584433
          0.209000000000     665995.892310434137
          0.210000000000     657210.337887021480
          0.211000000000     648649.865989099373
          0.212000000000     640310.423969901982
          0.213000000000     632187.755958294612
          0.214000000000     624277.408255043672
          0.215000000000     616574.735896394122
          0.216000000000     609074.910383099224
          0.217000000000     601772.928557497449
          0.218000000000     594663.622596360743
          0.219000000000     587741.671073200181
          0.220000000000     581001.611030675704
          0.221000000000     574437.850991796819
          0.222000000000     568044.684827833320
          0.223000000000     561816.306391384685
          0.224000000000     555746.824814921711
          0.225000000000     549830.280368357198
          0.226000000000     544060.660763851367
          0.227000000000     538431.917792198015
          0.228000000000     532937.984172546072
          0.229000000000     527572.790496205911
          0.230000000000     522330.282145450008
          0.231000000000     517204.436069827236
          0.232000000000     512189.277305254480
          0.233000000000     507278.895125135023
          0.234000000000     502467.458717747533
          0.235000000000     497749.232290210261
          0.236000000000     493118.589506166463
          0.237000000000     488570.027172079135
          0.238000000000     484098.178095319308
          0.239000000000     479697.823046160047
          0.240000000000     475363.901765124872
          0.241000000000     471091.522966806369
          0.242000000000     466875.973301130813
          0.243000000000     462712.725243034714
          0.244000000000     458597.443891471368
          0.245000000000     454525.992668484687
          0.246000000000     450494.437918741954
          0.247000000000     446499.052419198852
          0.248000000000     442536.317817483330
          0.249000000000     438602.926026025787
          0.250000000000     434695.779606800294
          0.251000000000     430811.991188873129
          0.252000000000     426948.881967434369
          0.253000000000     423103.979338987730
          0.254000000000     419275.013732372725
          0.255000000000     415459.914699715679
          0.256000000000     411656.806334912253
          0.257000000000     407864.002089975518
          0.258000000000     404079.999061503040
          0.259000000000     400303.471820669482
          0.260000000000     396533.265860453190
          0.261000000000     392768.390733419335
          0.262000000000     389008.012952208344
          0.263000000000     385251.448723067180
          0.264000000000     381498.156580259441
          0.265000000000     377747.729986107850
          0.266000000000     373999.889957826061
          0.267000000000     370254.477778140397
          0.268000000000     366511.447842207097
          0.269000000000     362770.860688423447
          0.270000000000     359032.876255513402
          0.271000000000     355297.747402875044
          0.272000000000     351565.813725576212
          0.273000000000     347837.495689694246
          0.274000000000     344113.289107967343
          0.275000000000     340393.759970063518
          0.276000000000     336679.539636128640
          0.277000000000     332971.320396869443
          0.278000000000     329269.851398126106
          0.279000000000     325575.934922949527
          0.280000000000     321890.423019442766
          0.281000000000     318214.214458320348
          0.282000000000     314548.252000137232
          0.283000000000     310893.519948576926
          0.284000000000     307251.041963062948
          0.285000000000     303621.879101295548
          0.286000000000     300007.128060105199
          0.287000000000     296407.919581313152
          0.288000000000     292825.416988059995
          0.289000000000     289260.814816352271
          0.290000000000     285715.337506282376
          0.291000000000     282190.238117645786
          0.292000000000     278686.797035326832
          0.293000000000     275206.320630964357
          0.294000000000     271750.139848902763
          0.295000000000     268319.608686395804
          0.296000000000     264916.102540267457
          0.297000000000     261541.016394824954
          0.298000000000     258195.762828732608
          0.299000000000     254881.769821620896
          0.300000000000     251600.478344586852
