          0.001000000000  143660281.793988108635
          0.002000000000  143533269.494518846273
          0.003000000000  143321817.605107873678
          0.004000000000  143026278.399719983339
          0.005000000000  142647143.782958507538
          0.006000000000  142185044.016327887774
          0.007000000000  141640746.087989687920
          0.008000000000  141015151.731536805630
          0.009000000000  140309295.100481659174
          0.010000000000  139524340.106323242188
          0.011000000000  138661577.429173380136
          0.012000000000  137722421.210985749960
          0.013000000000  136708405.442525714636
          0.014000000000  135621180.056161075830
          0.015000000000  134462506.737540334463
          0.016000000000  133234254.470114856958
          0.017000000000  131938394.827293545008
          0.018000000000  130576997.027805328369
          0.019000000000  129152222.770573347807
          0.020000000000  127666320.866037309170
          0.021000000000  126121621.681470945477
          0.022000000000  124520531.418344289064
          0.023000000000  122865526.240228176117
          0.024000000000  121159146.270118370652
          0.025000000000  119403989.476351469755
          0.026000000000  117602705.466517716646
          0.027000000000  115757989.208908066154
          0.028000000000  113872574.701139256358
          0.029000000000  111949228.605581864715
          0.030000000000  109990743.871132329106
          0.031000000000  107999933.360771343112
          0.032000000000  105979623.504076793790
          0.033000000000  103932647.993608251214
          0.034000000000  101861841.543721705675
          0.035000000000   99770033.729936420918
          0.036000000000   97660042.926499843597
          0.037000000000   95534670.359246790409
          0.038000000000   93396694.290248543024
          0.039000000000   91248864.350077256560
          0.040000000000   89093896.032803595066
          0.041000000000   86934465.368089109659
          0.042000000000   84773203.783913433552
          0.043000000000   82612693.172653689981
          0.044000000000   80455461.172323793173
          0.045000000000   78303976.673886477947
          0.046000000000   76160645.564594835043
          0.047000000000   74027806.716354459524
          0.048000000000   71907728.227109149098
          0.049000000000   69802603.922253265977
          0.050000000000   67714550.122044846416
          0.051000000000   65645602.679995156825
          0.052000000000   63597714.296163395047
          0.053000000000   61572752.108279377222
          0.054000000000   59572495.562592141330
          0.055000000000   57598634.565342240036
          0.056000000000   55652767.914764277637
          0.057000000000   53736402.012548007071
          0.058000000000   51850949.852744765580
          0.059000000000   49997730.285173252225
          0.060000000000   48177967.549484454095
          0.061000000000   46392791.075185470283
          0.062000000000   44643235.542088165879
          0.063000000000   42930241.194860786200
          0.064000000000   41254654.404611885548
          0.065000000000   39617228.469725869596
          0.066000000000   38018624.647509425879
          0.067000000000   36459413.407596923411
          0.068000000000   34940075.897489942610
          0.069000000000   33461005.610095907003
          0.070000000000   32022510.242663592100
          0.071000000000   30624813.736102756113
          0.072000000000   29268058.483310598880
          0.073000000000   27952307.694827452302
          0.074000000000   26677547.909882981330
          0.075000000000   25443691.640700347722
          0.076000000000   24250580.137770880014
          0.077000000000   23097986.263721674681
          0.078000000000   21985617.463348396122
          0.079000000000   20913118.817394774407
          0.080000000000   19880076.167711075395
          0.081000000000   18886019.301527481526
          0.082000000000   17930425.182724196464
          0.083000000000   17012721.218172516674
          0.084000000000   16132288.547452861443
          0.085000000000   15288465.344530783594
          0.086000000000   14480550.120280694216
          0.087000000000   13707805.015095349401
          0.088000000000   12969459.071196570992
          0.089000000000   12264711.474672697484
          0.090000000000   11592734.757704589516
          0.091000000000   10952677.951905008405
          0.092000000000   10343669.684178810567
          0.093000000000    9764821.207015722990
          0.094000000000    9215229.355648277327
          0.095000000000    8693979.425040151924
          0.096000000000    8200147.960216483101
          0.097000000000    7732805.454000912607
          0.098000000000    7291018.946783862077
          0.099000000000    6873854.523507610895
          0.100000000000    6480379.703618098050
          0.101000000000    6109665.720293034799
          0.102000000000    5760789.685811849311
          0.103000000000    5432836.640483262949
          0.104000000000    5124901.483085664921
          0.105000000000    4836090.781304991804
          0.106000000000    4565524.461170367897
          0.107000000000    4312337.374989332631
          0.108000000000    4075680.747767552268
          0.109000000000    3854723.502564665396
          0.110000000000    3648653.465683272108
          0.111000000000    3456678.453013006132
          0.112000000000    3278027.239254291169
          0.113000000000    3111950.412125424948
          0.114000000000    2957721.114011875354
          0.115000000000    2814635.673846703954
          0.116000000000    2682014.132315889001
          0.117000000000    2559200.663761041127
          0.118000000000    2445563.898404861335
          0.119000000000    2340497.148750836961
          0.120000000000    2243418.544209136628
          0.121000000000    2153771.078174108174
          0.122000000000    2071022.571927073179
          0.123000000000    1994665.559860504931
          0.124000000000    1924217.100616652286
          0.125000000000    1859218.518806986278
          0.126000000000    1799235.082027430879
          0.127000000000    1743855.617910613772
          0.128000000000    1692692.075960019371
          0.129000000000    1645379.038893747143
          0.130000000000    1601573.188187811989
          0.131000000000    1560952.728452445241
          0.132000000000    1523216.775199990487
          0.133000000000    1488084.710471712751
          0.134000000000    1455295.510683514178
          0.135000000000    1424607.050929370103
          0.136000000000    1395795.389846462989
          0.137000000000    1368654.038999847602
          0.138000000000    1342993.220587403281
          0.139000000000    1318639.117099655792
          0.140000000000    1295433.116394917015
          0.141000000000    1273231.055469088489
          0.142000000000    1251902.466013204539
          0.143000000000    1231329.824660797138
          0.144000000000    1211407.810633501038
          0.145000000000    1192042.573297100607
          0.146000000000    1173151.011943733320
          0.147000000000    1154660.069918979658
          0.148000000000    1136506.045017199125
          0.149000000000    1118633.917874871520
          0.150000000000    1100996.699901194545
          0.151000000000    1083554.802098415326
          0.152000000000    1066275.425942066824
          0.153000000000    1049131.977314330870
          0.154000000000    1032103.504312504549
          0.155000000000    1015174.159589902265
          0.156000000000     998332.687728594523
          0.157000000000     981571.937993058586
          0.158000000000     964888.402671068907
          0.159000000000     948281.781073478865
          0.160000000000     931754.569138231571
          0.161000000000     915311.674466094933
          0.162000000000     898960.056506294059
          0.163000000000     882708.391509733628
          0.164000000000     866566.761775564519
          0.165000000000     850546.368633754901
          0.166000000000     834659.268531632260
          0.167000000000     818918.131526297075
          0.168000000000     803336.021426957799
          0.169000000000     787926.196781403502
          0.170000000000     772701.931859063916
          0.171000000000     757676.356748561026
          0.172000000000     742862.315660740482
          0.173000000000     728272.242507847026
          0.174000000000     713918.052816021256
          0.175000000000     699811.051020862884
          0.176000000000     685961.852194197476
          0.177000000000     672380.317254129215
          0.178000000000     659075.500719208620
          0.179000000000     646055.610081142397
          0.180000000000     633327.975888017449
          0.181000000000     620899.031651575700
          0.182000000000     608774.302716785343
          0.183000000000     596958.403259840445
          0.184000000000     585455.040611000848
          0.185000000000     574267.026131283026
          0.186000000000     563396.291906355531
          0.187000000000     552843.912556808791
          0.188000000000     542610.131500903284
          0.189000000000     532694.391043630196
          0.190000000000     523095.365704087133
          0.191000000000     513810.998231577629
          0.192000000000     504838.537799142709
          0.193000000000     496174.579901194375
          0.194000000000     487815.107519354846
          0.195000000000     479755.533157250960
          0.196000000000     471990.741380721156
          0.197000000000     464515.131534486020
          0.198000000000     457322.660339661117
          0.199000000000     450406.884108473721
          0.200000000000     443761.000342988758
          0.201000000000     437377.888513589452
          0.202000000000     431250.149840234895
          0.203000000000     425370.145925117598
          0.204000000000     419730.036109255161
          0.205000000000     414321.813447748369
          0.206000000000     409137.339218872541
          0.207000000000     404168.375900972518
          0.208000000000     399406.618568192585
          0.209000000000     394843.724671543576
          0.210000000000     390471.342185659567
          0.211000000000     386281.136113954301
          0.212000000000     382264.813355734164
          0.213000000000     378414.145948334946
          0.214000000000     374720.992705496668
          0.215000000000     371177.319280146621
          0.216000000000     367775.216685556166
          0.217000000000     364506.918313564383
          0.218000000000     361364.815492367954
          0.219000000000     358341.471629225707
          0.220000000000     355429.634985598328
          0.221000000000     352622.250133605732
          0.222000000000     349912.468143501086
          0.223000000000     347293.655552142649
          0.224000000000     344759.402162237384
          0.225000000000     342303.527721578430
          0.226000000000     339920.087530663062
          0.227000000000     337603.377025920490
          0.228000000000     335347.935384576616
          0.229000000000     333148.548195737123
          0.230000000000     331000.249240817211
          0.231000000000     328898.321424994501
          0.232000000000     326838.296899861423
          0.233000000000     324815.956416052475
          0.234000000000     322827.327943308046
          0.235000000000     320868.684594172286
          0.236000000000     318936.541886460269
          0.237000000000     317027.654378640873
          0.238000000000     315139.011711461702
          0.239000000000     313267.834088479867
          0.240000000000     311411.567227654916
          0.241000000000     309567.876815745141
          0.242000000000     307734.642497088586
          0.243000000000     305909.951428175205
          0.244000000000     304092.091429501015
          0.245000000000     302279.543766266201
          0.246000000000     300470.975589729554
          0.247000000000     298665.232071292296
          0.248000000000     296861.328261716582
          0.249000000000     295058.440708260634
          0.250000000000     293255.898862866510
          0.251000000000     291453.176314924262
          0.252000000000     289649.881882449437
          0.253000000000     287845.750595819671
          0.254000000000     286040.634608422290
          0.255000000000     284234.494068708387
          0.256000000000     282427.387988193543
          0.257000000000     280619.465139852895
          0.258000000000     278810.955021173751
          0.259000000000     277002.158915770298
          0.260000000000     275193.441086986626
          0.261000000000     273385.220136271673
          0.262000000000     271577.960558302177
          0.263000000000     269772.164523861429
          0.264000000000     267968.363920372445
          0.265000000000     266167.112678663514
          0.266000000000     264368.979413132358
          0.267000000000     262574.540400826721
          0.268000000000     260784.372923259740
          0.269000000000     258999.048992837721
          0.270000000000     257219.129483803175
          0.271000000000     255445.158685425413
          0.272000000000     253677.659292958677
          0.273000000000     251917.127849542972
          0.274000000000     250164.030649817461
          0.275000000000     248418.800113554142
          0.276000000000     246681.831635119946
          0.277000000000     244953.480912020634
          0.278000000000     243234.061753253714
          0.279000000000     241523.844365656463
          0.280000000000     239823.054113912222
          0.281000000000     238131.870747430105
          0.282000000000     236450.428084874962
          0.283000000000     234778.814144810865
          0.284000000000     233117.071708645672
          0.285000000000     231465.199299945467
          0.286000000000     229823.152562132222
          0.287000000000     228190.846014689741
          0.288000000000     226568.155166240584
          0.289000000000     224954.918961235671
          0.290000000000     223350.942535555019
          0.291000000000     221756.000255025399
          0.292000000000     220169.839009734715
          0.293000000000     218592.181736101862
          0.294000000000     217022.731137879164
          0.295000000000     215461.173576697445
          0.296000000000     213907.183102357056
          0.297000000000     212360.425592858141
          0.298000000000     210820.562974115252
          0.299000000000     209287.257489436277
          0.300000000000     207760.175989165407
