          0.001000000000  144564459.913989186287
          0.002000000000  144420545.823982059956
          0.003000000000  144181005.446319460869
          0.004000000000  143846312.363256275654
          0.005000000000  143417127.442347943783
          0.006000000000  142894296.700341075659
          0.007000000000  142278848.573092728853
          0.008000000000  141571990.603653073311
          0.009000000000  140775105.563195049763
          0.010000000000  139889747.021958112717
          0.011000000000  138917634.389748126268
          0.012000000000  137860647.447802573442
          0.013000000000  136720820.395976811647
          0.014000000000  135500335.441231667995
          0.015000000000  134201515.955266445875
          0.016000000000  132826819.230853691697
          0.017000000000  131378828.868018388748
          0.018000000000  129860246.822547972202
          0.019000000000  128273885.150572136045
          0.020000000000  126622657.483970195055
          0.021000000000  124909570.272186920047
          0.022000000000  123137713.826742038131
          0.023000000000  121310253.205139860511
          0.024000000000  119430418.971196219325
          0.025000000000  117501497.868865877390
          0.026000000000  115526823.446569383144
          0.027000000000  113509766.668714702129
          0.028000000000  111453726.550659298897
          0.029000000000  109362120.852695673704
          0.030000000000  107238376.867845103145
          0.031000000000  105085922.337255045772
          0.032000000000  102908176.525869518518
          0.033000000000  100708541.489757716656
          0.034000000000   98490393.565075650811
          0.035000000000   96257075.107089906931
          0.036000000000   94011886.506033435464
          0.037000000000   91758078.504805296659
          0.038000000000   89498844.841672390699
          0.039000000000   87237315.239193484187
          0.040000000000   84976548.758590564132
          0.041000000000   82719527.536731824279
          0.042000000000   80469150.920800253749
          0.043000000000   78228230.013589203358
          0.044000000000   75999482.640227079391
          0.045000000000   73785528.744988530874
          0.046000000000   71588886.224716916680
          0.047000000000   69411967.203248873353
          0.048000000000   67257074.749173939228
          0.049000000000   65126400.037199907005
          0.050000000000   63022019.951415687799
          0.051000000000   60945895.126824133098
          0.052000000000   58899868.423654556274
          0.053000000000   56885663.827215187252
          0.054000000000   54904885.764343798161
          0.055000000000   52959018.825950197875
          0.056000000000   51049427.883655808866
          0.057000000000   49177358.587163552642
          0.058000000000   47343938.227731913328
          0.059000000000   45550176.951986595988
          0.060000000000   43796969.309274122119
          0.061000000000   42085096.114861957729
          0.062000000000   40415226.610508270562
          0.063000000000   38787920.903262861073
          0.064000000000   37203632.662828452885
          0.065000000000   35662712.057395644486
          0.066000000000   34165408.907560884953
          0.067000000000   32711876.037767462432
          0.068000000000   31302172.804632090032
          0.069000000000   29936268.781563539058
          0.070000000000   28614047.579227104783
          0.071000000000   27335310.781648825854
          0.072000000000   26099781.978094972670
          0.073000000000   24907110.871285039932
          0.074000000000   23756877.443007506430
          0.075000000000   22648596.158788748085
          0.076000000000   21581720.193913109601
          0.077000000000   20555645.663813889027
          0.078000000000   19569715.842612352222
          0.079000000000   18623225.354402657598
          0.080000000000   17715424.322733987123
          0.081000000000   16845522.464629497379
          0.082000000000   16012693.116397071630
          0.083000000000   15216077.179421758279
          0.084000000000   14454786.975077196956
          0.085000000000   13727909.998848732561
          0.086000000000   13034512.564715983346
          0.087000000000   12373643.331793455407
          0.088000000000   11744336.706168666482
          0.089000000000   11145616.111799335107
          0.090000000000   10576497.125240523368
          0.091000000000   10035990.469846826047
          0.092000000000    9523104.865951620042
          0.093000000000    9036849.734341954812
          0.094000000000    8576237.751133982092
          0.095000000000    8140287.252901628613
          0.096000000000    7728024.491618128493
          0.097000000000    7338485.739637055434
          0.098000000000    6970719.245563192293
          0.099000000000    6623787.042442191392
          0.100000000000    6296766.610234418884
          0.101000000000    5988752.395028007217
          0.102000000000    5698857.187891991809
          0.103000000000    5426213.366672437638
          0.104000000000    5169974.004392416216
          0.105000000000    4929313.848231721669
          0.106000000000    4703430.173337223008
          0.107000000000    4491543.515948412940
          0.108000000000    4292898.290519444272
          0.109000000000    4106763.295677549671
          0.110000000000    3932432.113983992953
          0.111000000000    3769223.410555138253
          0.112000000000    3616481.135664013214
          0.113000000000    3473574.636476347689
          0.114000000000    3339898.683082855772
          0.115000000000    3214873.413973946590
          0.116000000000    3097944.206064877100
          0.117000000000    2988581.474322999362
          0.118000000000    2886280.405974037014
          0.119000000000    2790560.634174702223
          0.120000000000    2700965.855936537962
          0.121000000000    2617063.398971000221
          0.122000000000    2538443.742002302315
          0.123000000000    2464719.992962533142
          0.124000000000    2395527.329344999511
          0.125000000000    2330522.404848730192
          0.126000000000    2269382.726299647707
          0.127000000000    2211806.004684325308
          0.128000000000    2157509.483980857767
          0.129000000000    2106229.251319578849
          0.130000000000    2057719.531854192959
          0.131000000000    2011751.971572929760
          0.132000000000    1968114.911129405955
          0.133000000000    1926612.653624637518
          0.134000000000    1887064.729125535814
          0.135000000000    1849305.158561330754
          0.136000000000    1813181.719497882295
          0.137000000000    1778555.216150870780
          0.138000000000    1745298.755862467689
          0.139000000000    1713297.034132084809
          0.140000000000    1682445.630160383880
          0.141000000000    1652650.314736389555
          0.142000000000    1623826.372170737945
          0.143000000000    1595897.937852963805
          0.144000000000    1568797.352887805086
          0.145000000000    1542464.537144139409
          0.146000000000    1516846.381930517731
          0.147000000000    1491896.163393127499
          0.148000000000    1467572.977615175070
          0.149000000000    1443841.198281404097
          0.150000000000    1420669.957657152088
          0.151000000000    1398032.651518746046
          0.152000000000    1375906.468560390873
          0.153000000000    1354271.944692694815
          0.154000000000    1333112.542539447546
          0.155000000000    1312414.256332177203
          0.156000000000    1292165.242297216319
          0.157000000000    1272355.474526731530
          0.158000000000    1252976.426224528346
          0.159000000000    1234020.776119443122
          0.160000000000    1215482.139743608655
          0.161000000000    1197354.825181056978
          0.162000000000    1179633.612803430762
          0.163000000000    1162313.558424946386
          0.164000000000    1145389.819228389300
          0.165000000000    1128857.501737903105
          0.166000000000    1112711.531043507624
          0.167000000000    1096946.540416497272
          0.168000000000    1081556.780394740403
          0.169000000000    1066536.046362507157
          0.170000000000    1051877.623601401690
          0.171000000000    1037574.248746870901
          0.172000000000    1023618.086549670785
          0.173000000000    1010000.720812847605
          0.174000000000     996713.158353054896
          0.175000000000     983745.844820032013
          0.176000000000     971088.691200032132
          0.177000000000     958731.109827806242
          0.178000000000     946662.058737404295
          0.179000000000     934870.093194278423
          0.180000000000     923343.423270086409
          0.181000000000     912069.976346625248
          0.182000000000     901037.463466437068
          0.183000000000     890233.448484459892
          0.184000000000     879645.419017292792
          0.185000000000     869260.858233706444
          0.186000000000     859067.316581765306
          0.187000000000     849052.482603610610
          0.188000000000     839204.252048321185
          0.189000000000     829510.794555635192
          0.190000000000     819960.617248333525
          0.191000000000     810542.624638005393
          0.192000000000     801246.174317443394
          0.193000000000     792061.127982222592
          0.194000000000     782977.897393842461
          0.195000000000     773987.484966380754
          0.196000000000     765081.518727508024
          0.197000000000     756252.281472460600
          0.198000000000     747492.733995608520
          0.199000000000     738796.532348117093
          0.200000000000     730158.039131531841
          0.201000000000     721572.328895481071
          0.202000000000     713035.187762635760
          0.203000000000     704543.107455395628
          0.204000000000     696093.273946211208
          0.205000000000     687683.550996514503
          0.206000000000     679312.458888086258
          0.207000000000     670979.148684864165
          0.208000000000     662683.372392792022
          0.209000000000     654425.449410079047
          0.210000000000     646206.229680386954
          0.211000000000     638027.053976730211
          0.212000000000     629889.711754601449
          0.213000000000     621796.397018935415
          0.214000000000     613749.662651163293
          0.215000000000     605752.373640116886
          0.216000000000     597807.659653817769
          0.217000000000     589918.867378869443
          0.218000000000     582089.513040113728
          0.219000000000     574323.235496001318
          0.220000000000     566623.750284938258
          0.221000000000     558994.804974995903
          0.222000000000     551440.136144270771
          0.223000000000     543963.428291987046
          0.224000000000     536568.274951757980
          0.225000000000     529258.142248311429
          0.226000000000     522036.335108052590
          0.227000000000     514905.966302218440
          0.228000000000     507869.928469522798
          0.229000000000     500930.869233309291
          0.230000000000     494091.169496788876
          0.231000000000     487352.924968963489
          0.232000000000     480717.930943899148
          0.233000000000     474187.670327067433
          0.234000000000     467763.304874958354
          0.235000000000     461445.669588173041
          0.236000000000     455235.270173875149
          0.237000000000     449132.283471112547
          0.238000000000     443136.560712034290
          0.239000000000     437247.633473688038
          0.240000000000     431464.722158874327
          0.241000000000     425786.746830519231
          0.242000000000     420212.340212210431
          0.243000000000     414739.862658019527
          0.244000000000     409367.418887282431
          0.245000000000     404092.876274814480
          0.246000000000     398913.884483884322
          0.247000000000     393827.896228091500
          0.248000000000     388832.188949092990
          0.249000000000     383923.887199635326
          0.250000000000     379099.985525631404
          0.251000000000     374357.371646716783
          0.252000000000     369692.849741970364
          0.253000000000     365103.163655845390
          0.254000000000     360585.019848924130
          0.255000000000     356135.109928568476
          0.256000000000     351750.132605831081
          0.257000000000     347426.814936905983
          0.258000000000     343161.932719833276
          0.259000000000     338952.329929937492
          0.260000000000     334794.937090497871
          0.261000000000     330686.788488181657
          0.262000000000     326625.038155883609
          0.263000000000     322606.974558415823
          0.264000000000     318630.033929197642
          0.265000000000     314691.812218324165
          0.266000000000     310790.075624235382
          0.267000000000     306922.769692553265
          0.268000000000     303088.026976384514
          0.269000000000     299284.173262531054
          0.270000000000     295509.732377494103
          0.271000000000     291763.429595936323
          0.272000000000     288044.193682301149
          0.273000000000     284351.157603597676
          0.274000000000     280683.657957962016
          0.275000000000     277041.233169426967
          0.276000000000     273423.620504504535
          0.277000000000     269830.751970596495
          0.278000000000     266262.749160038482
          0.279000000000     262719.917106696812
          0.280000000000     259202.737224579439
          0.281000000000     255711.859399827401
          0.282000000000     252248.093308907875
          0.283000000000     248812.399036731804
          0.284000000000     245405.877068864007
          0.285000000000     242029.757732103375
          0.286000000000     238685.390157326037
          0.287000000000     235374.230837895419
          0.288000000000     232097.831855958560
          0.289000000000     228857.828847764496
          0.290000000000     225655.928777700872
          0.291000000000     222493.897589115368
          0.292000000000     219373.547798186046
          0.293000000000     216296.726095157646
          0.294000000000     213265.301015169593
          0.295000000000     210281.150738729833
          0.296000000000     207346.151079580479
          0.297000000000     204462.163715330535
          0.298000000000     201631.024713781371
          0.299000000000     198854.533405317605
          0.300000000000     196134.441649163695
