          0.001000000000  142182413.221342474222
          0.002000000000  142054441.681526541710
          0.003000000000  141841398.920231431723
          0.004000000000  141543648.970376431942
          0.005000000000  141161700.131079912186
          0.006000000000  140696203.626209229231
          0.007000000000  140147951.887556105852
          0.008000000000  139517876.468479692936
          0.009000000000  138807045.595138669014
          0.010000000000  138016661.363671213388
          0.011000000000  137148056.592840909958
          0.012000000000  136202691.342850446701
          0.013000000000  135182149.112109631300
          0.014000000000  134088132.724830552936
          0.015000000000  132922459.923304066062
          0.016000000000  131687058.679693102837
          0.017000000000  130383962.243049606681
          0.018000000000  129015303.938109710813
          0.019000000000  127583311.733176738024
          0.020000000000  126090302.595099508762
          0.021000000000  124538676.649978682399
          0.022000000000  122930911.168789699674
          0.023000000000  121269554.397573411465
          0.024000000000  119557219.252251639962
          0.025000000000  117796576.898450851440
          0.026000000000  115990350.236939698458
          0.027000000000  114141307.315470069647
          0.028000000000  112252254.687867164612
          0.029000000000  110326030.741239696741
          0.030000000000  108365499.012093782425
          0.031000000000  106373541.511968225241
          0.032000000000  104353052.083005785942
          0.033000000000  102306929.803537085652
          0.034000000000  100238072.463390767574
          0.035000000000   98149370.128198325634
          0.036000000000   96043698.811419889331
          0.037000000000   93923914.272259280086
          0.038000000000   91792845.956965044141
          0.039000000000   89653291.100324451923
          0.040000000000   87508009.003385201097
          0.041000000000   85359715.502626001835
          0.042000000000   83211077.644933193922
          0.043000000000   81064708.581836745143
          0.044000000000   78923162.695508420467
          0.045000000000   76788930.968039825559
          0.046000000000   74664436.604509681463
          0.047000000000   72552030.919306293130
          0.048000000000   70453989.494108080864
          0.049000000000   68372508.614848658442
          0.050000000000   66309701.993899844587
          0.051000000000   64267597.782605424523
          0.052000000000   62248135.878201484680
          0.053000000000   60253165.528050392866
          0.054000000000   58284443.233028993011
          0.055000000000   56343630.950821951032
          0.056000000000   54432294.598804205656
          0.057000000000   52551902.855148799717
          0.058000000000   50703826.255765870214
          0.059000000000   48889336.583682253957
          0.060000000000   47109606.546500362456
          0.061000000000   45365709.736643031240
          0.062000000000   43658620.868194714189
          0.063000000000   41989216.283291339874
          0.064000000000   40358274.720203250647
          0.065000000000   38766478.334487557411
          0.066000000000   37214413.963870704174
          0.067000000000   35702574.626857750118
          0.068000000000   34231361.244449757040
          0.069000000000   32801084.573793523014
          0.070000000000   31411967.342085771263
          0.071000000000   30064146.568604689091
          0.072000000000   28757676.062357645482
          0.073000000000   27492529.082498572767
          0.074000000000   26268601.148397363722
          0.075000000000   25085712.986031491309
          0.076000000000   23943613.597209252417
          0.077000000000   22841983.438036151230
          0.078000000000   21780437.692993890494
          0.079000000000   20758529.631011631340
          0.080000000000   19775754.029976107180
          0.081000000000   18831550.656245190650
          0.082000000000   17925307.785901308060
          0.083000000000   17056365.754694912583
          0.084000000000   16224020.523898122832
          0.085000000000   15427527.249595398083
          0.086000000000   14666103.843290334567
          0.087000000000   13938934.512100519612
          0.088000000000   13245173.267237359658
          0.089000000000   12583947.389934405684
          0.090000000000   11954360.844476681203
          0.091000000000   11355497.628509247676
          0.092000000000   10786425.051346592605
          0.093000000000   10246196.931576322764
          0.094000000000    9733856.705837368965
          0.095000000000    9248440.441256895661
          0.096000000000    8788979.744648186490
          0.097000000000    8354504.562197128311
          0.098000000000    7944045.863999676891
          0.099000000000    7556638.208448989317
          0.100000000000    7191322.182109569199
          0.101000000000    6847146.711351287551
          0.102000000000    6523171.242647613399
          0.103000000000    6218467.789065890014
          0.104000000000    5932122.841090723872
          0.105000000000    5663239.140523390844
          0.106000000000    5410937.316784802824
          0.107000000000    5174357.385520698503
          0.108000000000    4952660.109955531545
          0.109000000000    4745028.225972213782
          0.110000000000    4550667.532400479540
          0.111000000000    4368807.848478509113
          0.112000000000    4198703.840909164399
          0.113000000000    4039635.723361166194
          0.114000000000    3890909.831667283550
          0.115000000000    3751859.078343570698
          0.116000000000    3621843.290396630764
          0.117000000000    3500249.434698495548
          0.118000000000    3386491.735490065999
          0.119000000000    3280011.688825602643
          0.120000000000    3180277.978989972733
          0.121000000000    3086786.302110053599
          0.122000000000    2999059.102339438628
          0.123000000000    2916645.226123819128
          0.124000000000    2839119.500152611639
          0.125000000000    2766082.238670996856
          0.126000000000    2697158.685867400840
          0.127000000000    2631998.399063951802
          0.128000000000    2570274.578424022533
          0.129000000000    2511683.348851546180
          0.130000000000    2455942.999693145044
          0.131000000000    2402793.187767656520
          0.132000000000    2351994.109138743486
          0.133000000000    2303325.644917745143
          0.134000000000    2256586.486235694494
          0.135000000000    2211593.243358382024
          0.136000000000    2168179.543736710213
          0.137000000000    2126195.123589059338
          0.138000000000    2085504.917403494706
          0.139000000000    2045988.149527890375
          0.140000000000    2007537.431786285248
          0.141000000000    1970057.870821791701
          0.142000000000    1933466.188621933339
          0.143000000000    1897689.859432648635
          0.144000000000    1862666.266013674205
          0.145000000000    1828341.877932637231
          0.146000000000    1794671.454338670941
          0.147000000000    1761617.273400537902
          0.148000000000    1729148.390340191545
          0.149000000000    1697239.925741631771
          0.150000000000    1665872.385568068596
          0.151000000000    1635031.014078889508
          0.152000000000    1604705.180602575885
          0.153000000000    1574887.800893739099
          0.154000000000    1545574.793582498794
          0.155000000000    1516764.572013346711
          0.156000000000    1488457.571569168940
          0.157000000000    1460655.812384883408
          0.158000000000    1433362.497174448567
          0.159000000000    1406581.643725869479
          0.160000000000    1380317.751460775267
          0.161000000000    1354575.501309481449
          0.162000000000    1329359.488018295961
          0.163000000000    1304673.983884398593
          0.164000000000    1280522.732804088388
          0.165000000000    1256908.773423117585
          0.166000000000    1233834.290092856623
          0.167000000000    1211300.490263206186
          0.168000000000    1189307.506881989772
          0.169000000000    1167854.324321194319
          0.170000000000    1146938.726312221261
          0.171000000000    1126557.264344837749
          0.172000000000    1106705.244968007319
          0.173000000000    1087376.734423655085
          0.174000000000    1068564.579047509469
          0.175000000000    1050260.439882795792
          0.176000000000    1032454.839972913382
          0.177000000000    1015137.222827482037
          0.178000000000     998296.020591634442
          0.179000000000     981918.730490742717
          0.180000000000     965991.998171103070
          0.181000000000     950501.706611006404
          0.182000000000     935433.069335308042
          0.183000000000     920770.726729601738
          0.184000000000     906498.844316671486
          0.185000000000     892601.211927546188
          0.186000000000     879061.342771456111
          0.187000000000     865862.571482962230
          0.188000000000     852988.150299589732
          0.189000000000     840421.342599287746
          0.190000000000     828145.513103141449
          0.191000000000     816144.214124624501
          0.192000000000     804401.267321825377
          0.193000000000     792900.840483038570
          0.194000000000     781627.518948521931
          0.195000000000     770566.371341616032
          0.196000000000     759703.009350604727
          0.197000000000     749023.641368234064
          0.198000000000     738515.119858407415
          0.199000000000     728164.982379143243
          0.200000000000     717961.486247066758
          0.201000000000     707893.636881320155
          0.202000000000     697951.209913827246
          0.203000000000     688124.767197980895
          0.204000000000     678405.666889293236
          0.205000000000     668786.067808829015
          0.206000000000     659258.928333841730
          0.207000000000     649818.000089504756
          0.208000000000     640457.816741291899
          0.209000000000     631173.678209297126
          0.210000000000     621961.630643808749
          0.211000000000     612818.442515692324
          0.212000000000     603741.577185897972
          0.213000000000     594729.162325684680
          0.214000000000     585779.956563164014
          0.215000000000     576893.313732620329
          0.216000000000     568069.145101064583
          0.217000000000     559307.879941604682
          0.218000000000     550610.424815885839
          0.219000000000     541978.121918132063
          0.220000000000     533412.706821431289
          0.221000000000     524916.265953140566
          0.222000000000     516491.194110751792
          0.223000000000     508140.152312533639
          0.224000000000     499866.026259005826
          0.225000000000     491671.885661857785
          0.226000000000     483560.944676694751
          0.227000000000     475536.523655083263
          0.228000000000     467602.012409926218
          0.229000000000     459760.835166549834
          0.230000000000     452016.417350049189
          0.231000000000     444372.154337739630
          0.232000000000     436831.382284018968
          0.233000000000     429397.351103842200
          0.234000000000     422073.199680354039
          0.235000000000     414861.933342256234
          0.236000000000     407766.403637275915
          0.237000000000     400789.290409686451
          0.238000000000     393933.086172484851
          0.239000000000     387200.082748381479
          0.240000000000     380592.360138527409
          0.241000000000     374111.777563751093
          0.242000000000     367759.966610162926
          0.243000000000     361538.326399280166
          0.244000000000     355448.020692418970
          0.245000000000     349489.976829889871
          0.246000000000     343664.886397656810
          0.247000000000     337973.207507475861
          0.248000000000     332415.168571113842
          0.249000000000     326990.773445066181
          0.250000000000     321699.807819194219
          0.251000000000     316541.846720828209
          0.252000000000     311516.263005113869
          0.253000000000     306622.236702655442
          0.254000000000     301858.765096748888
          0.255000000000     297224.673404668923
          0.256000000000     292718.625940509082
          0.257000000000     288339.137640863191
          0.258000000000     284084.585839159612
          0.259000000000     279953.222179623961
          0.260000000000     275943.184567547461
          0.261000000000     272052.509058766533
          0.262000000000     268279.141597869631
          0.263000000000     264620.949521609000
          0.264000000000     261075.732751242816
          0.265000000000     257641.234604935307
          0.266000000000     254315.152168927016
          0.267000000000     251095.146173780988
          0.268000000000     247978.850329646171
          0.269000000000     244963.880082013435
          0.270000000000     242047.840756909165
          0.271000000000     239228.335071687499
          0.272000000000     236502.969994694082
          0.273000000000     233869.362943791988
          0.274000000000     231325.147320271179
          0.275000000000     228867.977380781376
          0.276000000000     226495.532455692592
          0.277000000000     224205.520527676272
          0.278000000000     221995.681189247349
          0.279000000000     219863.788002513407
          0.280000000000     217807.650288453122
          0.281000000000     215825.114376644720
          0.282000000000     213914.064349502354
          0.283000000000     212072.422317745601
          0.284000000000     210298.148266035336
          0.285000000000     208589.239509447070
          0.286000000000     206943.729802762304
          0.287000000000     205359.688145387976
          0.288000000000     203835.217325174541
          0.289000000000     202368.452244412561
          0.290000000000     200957.558070927247
          0.291000000000     199600.728256484901
          0.292000000000     198296.182463641017
          0.293000000000     197042.164440790075
          0.294000000000     195836.939883523301
          0.295000000000     194678.794318446598
          0.296000000000     193566.031043478957
          0.297000000000     192496.969156271662
          0.298000000000     191469.941699854040
          0.299000000000     190483.293951937230
          0.300000000000     189535.381881491747
