          0.001000000000  142307234.419760107994
          0.002000000000  142178260.128397971392
          0.003000000000  141963547.330757200718
          0.004000000000  141663461.880707234144
          0.005000000000  141278514.619936078787
          0.006000000000  140809360.029832631350
          0.007000000000  140256794.506204396486
          0.008000000000  139621754.262773156166
          0.009000000000  138905312.870687842369
          0.010000000000  138108678.442516833544
          0.011000000000  137233190.470395147800
          0.012000000000  136280316.329189032316
          0.013000000000  135251647.456618696451
          0.014000000000  134148895.223402976990
          0.015000000000  132973886.507460191846
          0.016000000000  131728558.987201601267
          0.017000000000  130414956.169817537069
          0.018000000000  129035222.171320572495
          0.019000000000  127591596.265838071704
          0.020000000000  126086407.222385302186
          0.021000000000  124522067.447928801179
          0.022000000000  122901066.956111207604
          0.023000000000  121225967.181485161185
          0.024000000000  119499394.659465223551
          0.025000000000  117724034.592535153031
          0.026000000000  115902624.323461219668
          0.027000000000  114037946.736408144236
          0.028000000000  112132823.606920704246
          0.029000000000  110190108.921709597111
          0.030000000000  108212682.189085066319
          0.031000000000  106203441.760704815388
          0.032000000000  104165298.185035184026
          0.033000000000  102101167.612621471286
          0.034000000000  100013965.272818163037
          0.035000000000   97906599.041191160679
          0.036000000000   95781963.116231217980
          0.037000000000   93642931.823428809643
          0.038000000000   91492353.564068198204
          0.039000000000   89333044.925379350781
          0.040000000000   87167784.967908322811
          0.041000000000   84999309.705094143748
          0.042000000000   82830306.789211049676
          0.043000000000   80663410.416852056980
          0.044000000000   78501196.466206640005
          0.045000000000   76346177.877368077636
          0.046000000000   74200800.285881981254
          0.047000000000   72067437.918705046177
          0.048000000000   69948389.760657310486
          0.049000000000   67845875.998388350010
          0.050000000000   65762034.747762858868
          0.051000000000   63698919.069491006434
          0.052000000000   61658494.276713415980
          0.053000000000   59642635.537172734737
          0.054000000000   57653125.771505005658
          0.055000000000   55691653.848122686148
          0.056000000000   53759813.074100807309
          0.057000000000   51859099.980451367795
          0.058000000000   49990913.399160288274
          0.059000000000   48156553.828394360840
          0.060000000000   46357223.081329457462
          0.061000000000   44594024.213163033128
          0.062000000000   42867961.719992339611
          0.063000000000   41179942.002429142594
          0.064000000000   39530774.086037971079
          0.065000000000   37921170.589958637953
          0.066000000000   36351748.934392467141
          0.067000000000   34823032.777006492019
          0.068000000000   33335453.667735494673
          0.069000000000   31889352.910941474140
          0.070000000000   30484983.623427454382
          0.071000000000   29122512.976395882666
          0.072000000000   27802024.609093669802
          0.073000000000   26523521.201587289572
          0.074000000000   25286927.193882804364
          0.075000000000   24092091.638422556221
          0.076000000000   22938791.172867327929
          0.077000000000   21826733.100005757064
          0.078000000000   20755558.561619739980
          0.079000000000   19724845.793172150850
          0.080000000000   18734113.446275271475
          0.081000000000   17782823.966037075967
          0.082000000000   16870387.010570675135
          0.083000000000   15996162.900185212493
          0.084000000000   15159466.084054412320
          0.085000000000   14359568.612472282723
          0.086000000000   13595703.603166487068
          0.087000000000   12867068.690527001396
          0.088000000000   12172829.447033768520
          0.089000000000   11512122.766621537507
          0.090000000000   10884060.200201200321
          0.091000000000   10287731.234063338488
          0.092000000000    9722206.502416782081
          0.093000000000    9186540.925861002877
          0.094000000000    8679776.768152119592
          0.095000000000    8200946.604196223430
          0.096000000000    7749076.192785969004
          0.097000000000    7323187.248187235557
          0.098000000000    6922300.105275239795
          0.099000000000    6545436.273514433764
          0.100000000000    6191620.875669171102
          0.101000000000    5859884.967720552348
          0.102000000000    5549267.737047364004
          0.103000000000    5258818.576500753872
          0.104000000000    4987599.032564535737
          0.105000000000    4734684.626340355724
          0.106000000000    4499166.546629692428
          0.107000000000    4280153.214899804443
          0.108000000000    4076771.722416524310
          0.109000000000    3888169.140302888118
          0.110000000000    3713513.703736081254
          0.111000000000    3551995.871925501153
          0.112000000000    3402829.265921557322
          0.113000000000    3265251.486685384996
          0.114000000000    3138524.816205451731
          0.115000000000    3021936.804775469936
          0.116000000000    2914800.747849866748
          0.117000000000    2816456.056167658418
          0.118000000000    2726268.523082600441
          0.119000000000    2643630.493257225491
          0.120000000000    2567960.937070579268
          0.121000000000    2498705.435254893731
          0.122000000000    2435336.078414964490
          0.123000000000    2377351.286196287721
          0.124000000000    2324275.550954978913
          0.125000000000    2275659.110844179988
          0.126000000000    2231077.557269784622
          0.127000000000    2190131.381682395004
          0.128000000000    2152445.466665525455
          0.129000000000    2117668.526250463445
          0.130000000000    2085472.500339912251
          0.131000000000    2055551.908054289408
          0.132000000000    2027623.164729081560
          0.133000000000    2001423.867189512821
          0.134000000000    1976712.051811384037
          0.135000000000    1953265.429745579138
          0.136000000000    1930880.603539750446
          0.137000000000    1909372.269235233543
          0.138000000000    1888572.407851778669
          0.139000000000    1868329.469998512417
          0.140000000000    1848507.557167612482
          0.141000000000    1828985.603079264052
          0.142000000000    1809656.558253316907
          0.143000000000    1790426.580786183476
          0.144000000000    1771214.236111795995
          0.145000000000    1751949.708324317122
          0.146000000000    1732574.025438418612
          0.147000000000    1713038.300761825405
          0.148000000000    1693302.992354687769
          0.149000000000    1673337.182353170589
          0.150000000000    1653117.877740005264
          0.151000000000    1632629.333954454167
          0.152000000000    1611862.402548488462
          0.153000000000    1590813.903915398289
          0.154000000000    1569486.025942764245
          0.155000000000    1547885.749273478054
          0.156000000000    1526024.299697561655
          0.157000000000    1503916.628043586854
          0.158000000000    1481580.917792405467
          0.159000000000    1459038.120497687254
          0.160000000000    1436311.518967733951
          0.161000000000    1413426.318041284569
          0.162000000000    1390409.262676802231
          0.163000000000    1367288.282970038010
          0.164000000000    1344092.165618297877
          0.165000000000    1320850.251262254547
          0.166000000000    1297592.157056776807
          0.167000000000    1274347.523751176195
          0.168000000000    1251145.786496363813
          0.169000000000    1228015.968541655457
          0.170000000000    1204986.496936438605
          0.171000000000    1182085.039312439738
          0.172000000000    1159338.360789639875
          0.173000000000    1136772.200023265788
          0.174000000000    1114411.163390258560
          0.175000000000    1092278.636300804792
          0.176000000000    1070396.710613579489
          0.177000000000    1048786.127132048365
          0.178000000000    1027466.232163045555
          0.179000000000    1006454.947127432446
          0.180000000000     985768.750225854106
          0.181000000000     965422.669179774704
          0.182000000000     945430.284088902292
          0.183000000000     925803.739470439265
          0.184000000000     906553.764572803280
          0.185000000000     887689.701086453977
          0.186000000000     869219.537406680058
          0.187000000000     851149.948637421126
          0.188000000000     833486.341561047826
          0.189000000000     816232.903836341924
          0.190000000000     799392.656725119217
          0.191000000000     782967.510687152273
          0.192000000000     766958.323222589446
          0.193000000000     751364.958381001255
          0.194000000000     736186.347396258032
          0.195000000000     721420.549946070998
          0.196000000000     707064.815574699314
          0.197000000000     693115.644856111379
          0.198000000000     679568.849913181155
          0.199000000000     666419.613945878576
          0.200000000000     653662.549457813846
          0.201000000000     641291.754905754933
          0.202000000000     629300.869530906901
          0.203000000000     617683.126163432491
          0.204000000000     606431.401823227294
          0.205000000000     595538.265969812754
          0.206000000000     584996.026282822364
          0.207000000000     574796.771881408989
          0.208000000000     564932.413916341262
          0.209000000000     555394.723492352990
          0.210000000000     546175.366900507826
          0.211000000000     537265.938160948921
          0.212000000000     528657.988895447692
          0.213000000000     520343.055566559371
          0.214000000000     512312.684136125899
          0.215000000000     504558.452210165502
          0.216000000000     497071.988750056014
          0.217000000000     489844.991441285412
          0.218000000000     482869.241820985859
          0.219000000000     476136.618274047796
          0.220000000000     469639.107014815963
          0.221000000000     463368.811177326425
          0.222000000000     457317.958141749434
          0.223000000000     451478.905228226387
          0.224000000000     445844.143891702814
          0.225000000000     440406.302552691894
          0.226000000000     435158.148199240095
          0.227000000000     430092.586894762644
          0.228000000000     425202.663324880821
          0.229000000000     420481.559514118766
          0.230000000000     415922.592840159021
          0.231000000000     411519.213469602051
          0.232000000000     407265.001334684901
          0.233000000000     403153.662765408459
          0.234000000000     399179.026885929808
          0.235000000000     395335.041878052696
          0.236000000000     391615.771208185935
          0.237000000000     388015.389907361474
          0.238000000000     384528.180986758030
          0.239000000000     381148.532063878316
          0.240000000000     377870.932266935648
          0.241000000000     374689.969477373816
          0.242000000000     371600.327962666226
          0.243000000000     368596.786443707591
          0.244000000000     365674.216633394244
          0.245000000000     362827.582275188295
          0.246000000000     360051.938702874526
          0.247000000000     357342.432935227465
          0.248000000000     354694.304312036547
          0.249000000000     352102.885670826072
          0.250000000000     349563.605056867818
          0.251000000000     347071.987952545227
          0.252000000000     344623.660005985468
          0.253000000000     342214.350233054894
          0.254000000000     339839.894661434577
          0.255000000000     337496.240380460571
          0.256000000000     335179.449955883669
          0.257000000000     332885.706164614181
          0.258000000000     330611.317000845971
          0.259000000000     328352.720901903987
          0.260000000000     326106.492139431939
          0.261000000000     323869.346319494478
          0.262000000000     321638.145933498512
          0.263000000000     319409.905900765967
          0.264000000000     317181.799043001316
          0.265000000000     314951.161430807610
          0.266000000000     312715.497542835423
          0.267000000000     310472.485179068171
          0.268000000000     308219.980071112979
          0.269000000000     305956.020134226186
          0.270000000000     303678.829308106331
          0.271000000000     301386.820936156844
          0.272000000000     299078.600636058080
          0.273000000000     296752.968617932813
          0.274000000000     294408.921410207578
          0.275000000000     292045.652957381913
          0.276000000000     289662.555058313010
          0.277000000000     287259.217118249158
          0.278000000000     284835.425192674855
          0.279000000000     282391.160306053585
          0.280000000000     279926.596033664129
          0.281000000000     277442.095339976426
          0.282000000000     274938.206672266882
          0.283000000000     272415.659313494223
          0.284000000000     269875.358003705216
          0.285000000000     267318.376844469341
          0.286000000000     264745.952505915135
          0.287000000000     262159.476760958903
          0.288000000000     259560.488376073277
          0.289000000000     256950.664392564038
          0.290000000000     254331.810836657562
          0.291000000000     251705.852900814702
          0.292000000000     249074.824642434891
          0.293000000000     246440.858249626646
          0.294000000000     243806.172926790809
          0.295000000000     241173.063455557247
          0.296000000000     238543.888488935423
          0.297000000000     235921.058638540620
          0.298000000000     233307.024416274682
          0.299000000000     230704.264092979865
          0.300000000000     228115.271537276276
