          0.001000000000  144847652.461313545704
          0.002000000000  144711734.578648507595
          0.003000000000  144485472.686225593090
          0.004000000000  144169267.878056675196
          0.005000000000  143763680.140573978424
          0.006000000000  143269426.814077347517
          0.007000000000  142687380.624050587416
          0.008000000000  142018567.289361983538
          0.009000000000  141264162.715886354446
          0.010000000000  140425489.785551905632
          0.011000000000  139504014.752208858728
          0.012000000000  138501343.257125169039
          0.013000000000  137419215.978214770555
          0.014000000000  136259503.928357303143
          0.015000000000  135024203.419378370047
          0.016000000000  133715430.709375396371
          0.017000000000  132335416.352110311389
          0.018000000000  130886499.268195345998
          0.019000000000  129371120.558641433716
          0.020000000000  127791817.082183793187
          0.021000000000  126151214.818480148911
          0.022000000000  124452022.039920359850
          0.023000000000  122697022.315301313996
          0.024000000000  120889067.369060054421
          0.025000000000  119031069.820095866919
          0.026000000000  117125995.824444860220
          0.027000000000  115176857.646216824651
          0.028000000000  113186706.181246086955
          0.029000000000  111158623.457852184772
          0.030000000000  109095715.138964414597
          0.031000000000  107001103.049602597952
          0.032000000000  104877917.753395050764
          0.033000000000  102729291.201359257102
          0.034000000000  100558349.475673496723
          0.035000000000   98368205.650562137365
          0.036000000000   96161952.791729614139
          0.037000000000   93942657.115025058389
          0.038000000000   91713351.324184298515
          0.039000000000   89477028.146588429809
          0.040000000000   87236634.085018813610
          0.041000000000   84995063.402351990342
          0.042000000000   82755152.355063229799
          0.043000000000   80519673.690275639296
          0.044000000000   78291331.419910043478
          0.045000000000   76072755.884291425347
          0.046000000000   73866499.116304919124
          0.047000000000   71675030.515939399600
          0.048000000000   69500732.843756422400
          0.049000000000   67345898.540507167578
          0.050000000000   65212726.378828160465
          0.051000000000   63103318.451593987644
          0.052000000000   61019677.500221639872
          0.053000000000   58963704.584890633821
          0.054000000000   56937197.097357273102
          0.055000000000   54941847.115772560239
          0.056000000000   52979240.099651686847
          0.057000000000   51050853.921936161816
          0.058000000000   49158058.233893647790
          0.059000000000   47302114.157461613417
          0.060000000000   45484174.298539690673
          0.061000000000   43705283.073673665524
          0.062000000000   41966377.341578714550
          0.063000000000   40268287.329998344183
          0.064000000000   38611737.847505912185
          0.065000000000   36997349.769026927650
          0.066000000000   35425641.783093854785
          0.067000000000   33897032.388148956001
          0.068000000000   32411842.124571491033
          0.069000000000   30970296.028550080955
          0.070000000000   29572526.293421238661
          0.071000000000   28218575.123675476760
          0.072000000000   26908397.766477525234
          0.073000000000   25641865.705271206796
          0.074000000000   24418769.999824628234
          0.075000000000   23238824.756933242083
          0.076000000000   22101670.715931165963
          0.077000000000   21006878.933151982725
          0.078000000000   19953954.549550503492
          0.079000000000   18942340.625822320580
          0.080000000000   17971422.029548708349
          0.081000000000   17040529.359147373587
          0.082000000000   16148942.889716330916
          0.083000000000   15295896.526221528649
          0.084000000000   14480581.749895969406
          0.085000000000   13702151.544177282602
          0.086000000000   12959724.287023175508
          0.087000000000   12252387.596991296858
          0.088000000000   11579202.121059358120
          0.089000000000   10939205.252782765776
          0.090000000000   10331414.770040301606
          0.091000000000    9754832.382296843454
          0.092000000000    9208447.178014717996
          0.093000000000    8691238.963565377519
          0.094000000000    8202181.485729674809
          0.095000000000    7740245.530621293001
          0.096000000000    7304401.892622072250
          0.097000000000    6893624.207676246762
          0.098000000000    6506891.646047794260
          0.099000000000    6143191.460399373434
          0.100000000000    5801521.385798734613
          0.101000000000    5480891.888994023204
          0.102000000000    5180328.265024020337
          0.103000000000    4898872.579934810288
          0.104000000000    4635585.459062011912
          0.105000000000    4389547.721003171988
          0.106000000000    4159861.858045274857
          0.107000000000    3945653.364426616114
          0.108000000000    3746071.914397624321
          0.109000000000    3560292.392599423416
          0.110000000000    3387515.779801779427
          0.111000000000    3226969.897530214861
          0.112000000000    3077910.015566023532
          0.113000000000    2939619.326720588841
          0.114000000000    2811409.293666503392
          0.115000000000    2692619.872951855417
          0.116000000000    2582619.621630202979
          0.117000000000    2480805.692207266577
          0.118000000000    2386603.721836159937
          0.119000000000    2299467.621886221226
          0.120000000000    2218879.274166913237
          0.121000000000    2144348.140207995661
          0.122000000000    2075410.790081557119
          0.123000000000    2011630.357300949516
          0.124000000000    1952595.926347691333
          0.125000000000    1897921.859360901639
          0.126000000000    1847247.068476494635
          0.127000000000    1800234.240226173541
          0.128000000000    1756569.018301512813
          0.129000000000    1715959.150856924942
          0.130000000000    1678133.608369539957
          0.131000000000    1642841.677895420697
          0.132000000000    1609852.039361895528
          0.133000000000    1578951.829317527590
          0.134000000000    1549945.697325435001
          0.135000000000    1522654.859935277840
          0.136000000000    1496916.156905320007
          0.137000000000    1472581.114071215969
          0.138000000000    1449515.016973917140
          0.139000000000    1427595.999067777535
          0.140000000000    1406714.148033008678
          0.141000000000    1386770.633416333934
          0.142000000000    1367676.858521382790
          0.143000000000    1349353.639168106718
          0.144000000000    1331730.411639864556
          0.145000000000    1314744.471839156467
          0.146000000000    1298340.247380207991
          0.147000000000    1282468.604059673147
          0.148000000000    1267086.187867254484
          0.149000000000    1252154.803427164908
          0.150000000000    1237640.829500114778
          0.151000000000    1223514.671924992232
          0.152000000000    1209750.254140512086
          0.153000000000    1196324.545200678287
          0.154000000000    1183217.124984399416
          0.155000000000    1170409.786100106314
          0.156000000000    1157886.171800526092
          0.157000000000    1145631.449051979464
          0.158000000000    1133632.015746402554
          0.159000000000    1121875.240903152851
          0.160000000000    1110349.236581812613
          0.161000000000    1099042.660116107902
          0.162000000000    1087944.545183263021
          0.163000000000    1077044.160141873173
          0.164000000000    1066330.892004839610
          0.165000000000    1055794.154361398891
          0.166000000000    1045423.317523678881
          0.167000000000    1035207.659147763043
          0.168000000000    1025136.333566758432
          0.169000000000    1015198.358072749921
          0.170000000000    1005382.614395773271
          0.171000000000     995677.863649779349
          0.172000000000     986072.773047676426
          0.173000000000     976555.952729067300
          0.174000000000     967116.001094351755
          0.175000000000     957741.557096905424
          0.176000000000     948421.358010043157
          0.177000000000     939144.301256763632
          0.178000000000     929899.508967064321
          0.179000000000     920676.394008940901
          0.180000000000     911464.726324488642
          0.181000000000     902254.698490899289
          0.182000000000     893036.989516741363
          0.183000000000     883802.825976275490
          0.184000000000     874544.039677641937
          0.185000000000     865253.121154148830
          0.186000000000     855923.268360737595
          0.187000000000     846548.430049599847
          0.188000000000     837123.343389025074
          0.189000000000     827643.565477636992
          0.190000000000     818105.498491417384
          0.191000000000     808506.408283157740
          0.192000000000     798844.436332557583
          0.193000000000     789118.605019921553
          0.194000000000     779328.816266886541
          0.195000000000     769475.843653493095
          0.196000000000     759561.318182190415
          0.197000000000     749587.707915522624
          0.198000000000     739558.291765462025
          0.199000000000     729477.127758245915
          0.200000000000     719349.016139302636
          0.201000000000     709179.457718210295
          0.202000000000     698974.607883799239
          0.203000000000     688741.226744358195
          0.204000000000     678486.625867675873
          0.205000000000     668218.612110398710
          0.206000000000     657945.429035967798
          0.207000000000     647675.696425592294
          0.208000000000     637418.348387260223
          0.209000000000     627182.570564187248
          0.210000000000     616977.736936276313
          0.211000000000     606813.346696703928
          0.212000000000     596698.961670606863
          0.213000000000     586644.144724605721
          0.214000000000     576658.399594557006
          0.215000000000     566751.112535070744
          0.216000000000     556931.496168069192
          0.217000000000     547208.535879274248
          0.218000000000     537590.939081648597
          0.219000000000     528087.087633173796
          0.220000000000     518704.993663958390
          0.221000000000     509452.259034142364
          0.222000000000     500336.038610250165
          0.223000000000     491363.007513398072
          0.224000000000     482539.332458664605
          0.225000000000     473870.647271033842
          0.226000000000     465362.032629987167
          0.227000000000     457018.000062212930
          0.228000000000     448842.480170289695
          0.229000000000     440838.815054723178
          0.230000000000     433009.754857611260
          0.231000000000     425357.458328627981
          0.232000000000     417883.497288027778
          0.233000000000     410588.864837300498
          0.234000000000     403473.987145758292
          0.235000000000     396538.738621166034
          0.236000000000     389782.460254253936
          0.237000000000     383203.980910940852
          0.238000000000     376801.641332132975
          0.239000000000     370573.320589275274
          0.240000000000     364516.464734269481
          0.241000000000     358628.117375035537
          0.242000000000     352904.951902776782
          0.243000000000     347343.305093944306
          0.244000000000     341939.211808862747
          0.245000000000     336688.440509976645
          0.246000000000     331586.529325574753
          0.247000000000     326628.822389598878
          0.248000000000     321810.506194632209
          0.249000000000     317126.645703288319
          0.250000000000     312572.219972841849
          0.251000000000     308142.157059059362
          0.252000000000     303831.367977429822
          0.253000000000     299634.779513586313
          0.254000000000     295547.365689119732
          0.255000000000     291564.177704467613
          0.256000000000     287680.372196655488
          0.257000000000     283891.237666459696
          0.258000000000     280192.218946808192
          0.259000000000     276578.939601818798
          0.260000000000     273047.222163735772
          0.261000000000     269593.106132845627
          0.262000000000     266212.863683433854
          0.263000000000     262903.013036467193
          0.264000000000     259660.329477169667
          0.265000000000     256481.854012744181
          0.266000000000     253364.899682043033
          0.267000000000     250307.055545017851
          0.268000000000     247306.188395116042
          0.269000000000     244360.442252376728
          0.270000000000     241468.235708748427
          0.271000000000     238628.257210027135
          0.272000000000     235839.458370734006
          0.273000000000     233101.045429178426
          0.274000000000     230412.468959847261
          0.275000000000     227773.411969043227
          0.276000000000     225183.776507433096
          0.277000000000     222643.668939711351
          0.278000000000     220153.384017072589
          0.279000000000     217713.387902471644
          0.280000000000     215324.300301859126
          0.281000000000     212986.875856637314
          0.282000000000     210701.984953557898
          0.283000000000     208470.594108159683
          0.284000000000     206293.746076726820
          0.285000000000     204172.539849553694
          0.286000000000     202108.110675218282
          0.287000000000     200101.610261497990
          0.288000000000     198154.187293671537
          0.289000000000     196266.968405245221
          0.290000000000     194441.039729647717
          0.291000000000     192677.429154318059
          0.292000000000     190977.089390802110
          0.293000000000     189340.881966150628
          0.294000000000     187769.562232092343
          0.295000000000     186263.765479187743
          0.296000000000     184823.994233604171
          0.297000000000     183450.606804258859
          0.298000000000     182143.807138011092
          0.299000000000     180903.636030357127
          0.300000000000     179729.963728811330
