          0.001000000000  140533591.298840939999
          0.002000000000  140408132.945361375809
          0.003000000000  140199281.783102154732
          0.004000000000  139907406.224938750267
          0.005000000000  139533020.596804320812
          0.006000000000  139076783.692088305950
          0.007000000000  138539496.922223627567
          0.008000000000  137922102.070354789495
          0.009000000000  137225678.656383365393
          0.010000000000  136451440.923170149326
          0.011000000000  135600734.455017983913
          0.012000000000  134675032.440897881985
          0.013000000000  133675931.596172511578
          0.014000000000  132605147.757761105895
          0.015000000000  131464511.168865650892
          0.016000000000  130255961.470427066088
          0.017000000000  128981542.417512208223
          0.018000000000  127643396.339713811874
          0.019000000000  126243758.365537106991
          0.020000000000  124784950.431434258819
          0.021000000000  123269375.096858769655
          0.022000000000  121699509.187256798148
          0.023000000000  120077897.287382200360
          0.024000000000  118407145.107719525695
          0.025000000000  116689912.747044682503
          0.026000000000  114928907.874384328723
          0.027000000000  113126878.853662207723
          0.028000000000  111286607.834369957447
          0.029000000000  109410903.831437110901
          0.030000000000  107502595.817304402590
          0.031000000000  105564525.848900228739
          0.032000000000  103599542.251827433705
          0.033000000000  101610492.883598044515
          0.034000000000   99600218.497182205319
          0.035000000000   97571546.225514397025
          0.036000000000   95527283.206851050258
          0.037000000000   93470210.370105102658
          0.038000000000   91403076.398400425911
          0.039000000000   89328591.888166338205
          0.040000000000   87249423.720106735826
          0.041000000000   85168189.657323196530
          0.042000000000   83087453.184798836708
          0.043000000000   81009718.603284612298
          0.044000000000   78937426.389488801360
          0.045000000000   76872948.833238214254
          0.046000000000   74818585.961062565446
          0.047000000000   72776561.754396900535
          0.048000000000   70749020.669336885214
          0.049000000000   68738024.463599726558
          0.050000000000   66745549.335077390075
          0.051000000000   64773483.375094108284
          0.052000000000   62823624.338218122721
          0.053000000000   60897677.729233406484
          0.054000000000   58997255.206647954881
          0.055000000000   57123873.300924688578
          0.056000000000   55278952.444439917803
          0.057000000000   53463816.309053696692
          0.058000000000   51679691.446076035500
          0.059000000000   49927707.222371622920
          0.060000000000   48208896.045341044664
          0.061000000000   46524193.868574239314
          0.062000000000   44874440.969081096351
          0.063000000000   43260382.986167185009
          0.064000000000   41682672.211256138980
          0.065000000000   40141869.117249824107
          0.066000000000   38638444.115378588438
          0.067000000000   37172779.526912860572
          0.068000000000   35745171.756604634225
          0.069000000000   34355833.654291316867
          0.070000000000   33004897.050717376173
          0.071000000000   31692415.453340087086
          0.072000000000   30418366.887649416924
          0.073000000000   29182656.869373984635
          0.074000000000   27985121.492849331349
          0.075000000000   26825530.620802652091
          0.076000000000   25703591.160841561854
          0.077000000000   24618950.414039675146
          0.078000000000   23571199.481172200292
          0.079000000000   22559876.712379258126
          0.080000000000   21584471.186307571828
          0.081000000000   20644426.205117855221
          0.082000000000   19739142.792120564729
          0.083000000000   18867983.179235734046
          0.084000000000   18030274.271941505373
          0.085000000000   17225311.079888250679
          0.086000000000   16452360.101906342432
          0.087000000000   15710662.654713923112
          0.088000000000   14999438.135244252160
          0.089000000000   14317887.207146001980
          0.090000000000   13665194.902670523152
          0.091000000000   13040533.631831435487
          0.092000000000   12443066.091414056718
          0.093000000000   11871948.067109853029
          0.094000000000   11326331.122755937278
          0.095000000000   10805365.171369660646
          0.096000000000   10308200.923372834921
          0.097000000000    9833992.208106309175
          0.098000000000    9381898.165427802131
          0.099000000000    8951085.304872388020
          0.100000000000    8540729.430526133627
          0.101000000000    8150017.430415540002
          0.102000000000    7778148.929852762260
          0.103000000000    7424337.808788182214
          0.104000000000    7087813.583811567165
          0.105000000000    6767822.656006257981
          0.106000000000    6463629.426395218819
          0.107000000000    6174517.281224189326
          0.108000000000    5899789.449799977243
          0.109000000000    5638769.738045621663
          0.110000000000    5390803.141341025941
          0.111000000000    5155256.340593426488
          0.112000000000    4931518.085820981301
          0.113000000000    4718999.471837296151
          0.114000000000    4517134.110894623213
          0.115000000000    4325378.207376256585
          0.116000000000    4143210.539828401059
          0.117000000000    3970132.355785467196
          0.118000000000    3805667.184972456191
          0.119000000000    3649360.576564946212
          0.120000000000    3500779.766250817105
          0.121000000000    3359513.278870237526
          0.122000000000    3225170.472412501927
          0.123000000000    3097381.029121026862
          0.124000000000    2975794.399402973708
          0.125000000000    2860079.204158822075
          0.126000000000    2749922.601041476708
          0.127000000000    2645029.620025452692
          0.128000000000    2545122.473516729660
          0.129000000000    2449939.846064032987
          0.130000000000    2359236.168544509914
          0.131000000000    2272780.881493727211
          0.132000000000    2190357.692031715065
          0.133000000000    2111763.828607084695
          0.134000000000    2036809.297540728003
          0.135000000000    1965316.145101228496
          0.136000000000    1897117.728588195285
          0.137000000000    1832057.999638283858
          0.138000000000    1769990.802703967551
          0.139000000000    1710779.191388307372
          0.140000000000    1654294.765052279923
          0.141000000000    1600417.027845138917
          0.142000000000    1549032.772045595571
          0.143000000000    1500035.487342217239
          0.144000000000    1453324.797427813290
          0.145000000000    1408805.925035174005
          0.146000000000    1366389.186301703798
          0.147000000000    1325989.515119192423
          0.148000000000    1287526.017903125379
          0.149000000000    1250921.559004232520
          0.150000000000    1216102.376784326043
          0.151000000000    1182997.730189199559
          0.152000000000    1151539.575474285753
          0.153000000000    1121662.272573995637
          0.154000000000    1093302.320453732973
          0.155000000000    1066398.120644660899
          0.156000000000    1040889.768035436398
          0.157000000000    1016718.867882507620
          0.158000000000     993828.377901113010
          0.159000000000     972162.474212647765
          0.160000000000     951666.439850549446
          0.161000000000     932286.574465890764
          0.162000000000     913970.123825245304
          0.163000000000     896665.227656711242
          0.164000000000     880320.884374779067
          0.165000000000     864886.931200616644
          0.166000000000     850314.038190682069
          0.167000000000     836553.714692939771
          0.168000000000     823558.326765670441
          0.169000000000     811281.124118325533
          0.170000000000     799676.275166439475
          0.171000000000     788698.908832710353
          0.172000000000     778305.161773155793
          0.173000000000     768452.229760197457
          0.174000000000     759098.422012980329
          0.175000000000     750203.217328290339
          0.176000000000     741727.320932717063
          0.177000000000     733632.721047358238
          0.178000000000     725882.744229757693
          0.179000000000     718442.108633348020
          0.180000000000     711276.974401733256
          0.181000000000     704354.990493211430
          0.182000000000     697645.337309220922
          0.183000000000     691118.764578726143
          0.184000000000     684747.624027991435
          0.185000000000     678505.896441617399
          0.186000000000     672369.212795476662
          0.187000000000     666314.869214896578
          0.188000000000     660321.835581891355
          0.189000000000     654370.757682767231
          0.190000000000     648443.952852101647
          0.191000000000     642525.399130334728
          0.192000000000     636600.718009947450
          0.193000000000     630657.150899235974
          0.194000000000     624683.529482701095
          0.195000000000     618670.240203191643
          0.196000000000     612609.183132779435
          0.197000000000     606493.725537090562
          0.198000000000     600318.650471234811
          0.199000000000     594080.100774703664
          0.200000000000     587775.518857581192
          0.201000000000     581403.582691214397
          0.202000000000     574964.138433180284
          0.203000000000     568458.130129067460
          0.204000000000     561887.526942385593
          0.205000000000     555255.248368917615
          0.206000000000     548565.087893253425
          0.207000000000     541821.635543238837
          0.208000000000     535030.199792740983
          0.209000000000     528196.729254837963
          0.210000000000     521327.734596305643
          0.211000000000     514430.211090390279
          0.212000000000     507511.562208644755
          0.213000000000     500579.524634050613
          0.214000000000     493642.095057221537
          0.215000000000     486707.459095255355
          0.216000000000     479783.922649078071
          0.217000000000     472879.845990119677
          0.218000000000     466003.580841029296
          0.219000000000     459163.410688283970
          0.220000000000     452367.494536907994
          0.221000000000     445623.814289637667
          0.222000000000     438940.125904626795
          0.223000000000     432323.914457617095
          0.224000000000     425782.353206506232
          0.225000000000     419322.266728522140
          0.226000000000     412950.098173129314
          0.227000000000     406671.880647267331
          0.228000000000     400493.212723909062
          0.229000000000     394419.238040213590
          0.230000000000     388454.628927954240
          0.231000000000     382603.573996475956
          0.232000000000     376869.769567309879
          0.233000000000     371256.414839839621
          0.234000000000     365766.210649106477
          0.235000000000     360401.361660065595
          0.236000000000     355163.581827428425
          0.237000000000     350054.102936589683
          0.238000000000     345073.686029202770
          0.239000000000     340222.635506660386
          0.240000000000     335500.815696080332
          0.241000000000     330907.669656421756
          0.242000000000     326442.239997002704
          0.243000000000     322103.191476955311
          0.244000000000     317888.835152045474
          0.245000000000     313797.153834639117
          0.246000000000     309825.828633553174
          0.247000000000     305972.266342838993
          0.248000000000     302233.627452262794
          0.249000000000     298606.854557318497
          0.250000000000     295088.700952812040
          0.251000000000     291675.759201527108
          0.252000000000     288364.489477939496
          0.253000000000     285151.247496416967
          0.254000000000     282032.311843728588
          0.255000000000     279003.910546806233
          0.256000000000     276062.246718597249
          0.257000000000     273203.523137296434
          0.258000000000     270423.965627214231
          0.259000000000     267719.845122953237
          0.260000000000     265087.498312223994
          0.261000000000     262523.346766589326
          0.262000000000     260023.914483438537
          0.263000000000     257585.843776573980
          0.264000000000     255205.909466822020
          0.265000000000     252881.031337907625
          0.266000000000     250608.284836515144
          0.267000000000     248384.910008730716
          0.268000000000     246208.318678052077
          0.269000000000     244076.099882579671
          0.270000000000     241986.023600997083
          0.271000000000     239936.042808291066
          0.272000000000     237924.293912888737
          0.273000000000     235949.095636921993
          0.274000000000     234008.946410610399
          0.275000000000     232102.520360257651
          0.276000000000     230228.661977056559
          0.277000000000     228386.379560732632
          0.278000000000     226574.837538061343
          0.279000000000     224793.347761374665
          0.280000000000     223041.359896415262
          0.281000000000     221318.451012181002
          0.282000000000     219624.314487878088
          0.283000000000     217958.748353591043
          0.284000000000     216321.643181990425
          0.285000000000     214712.969648191764
          0.286000000000     213132.765873868659
          0.287000000000     211581.124669908168
          0.288000000000     210058.180789306643
          0.289000000000     208564.098298667435
          0.290000000000     207099.058172676276
          0.291000000000     205663.246211225924
          0.292000000000     204256.841373642441
          0.293000000000     202880.004618596664
          0.294000000000     201532.868332028360
          0.295000000000     200215.526418615511
          0.296000000000     198928.025125204353
          0.297000000000     197670.354657139978
          0.298000000000     196442.441640721954
          0.299000000000     195244.142477059504
          0.300000000000     194075.237624512898
