          0.001000000000  146506253.265664666891
          0.002000000000  146364301.679138839245
          0.003000000000  146128006.463779449463
          0.004000000000  145797802.895901352167
          0.005000000000  145374298.631681859493
          0.006000000000  144858271.984085828066
          0.007000000000  144250669.718286544085
          0.008000000000  143552604.373624593019
          0.009000000000  142765351.121857702732
          0.010000000000  141890344.173124909401
          0.011000000000  140929172.742680907249
          0.012000000000  139883576.593022793531
          0.013000000000  138755441.167525708675
          0.014000000000  137546792.333152234554
          0.015000000000  136259790.751153290272
          0.016000000000  134896725.895973086357
          0.017000000000  133460009.743730053306
          0.018000000000  131952170.152792856097
          0.019000000000  130375843.959944158792
          0.020000000000  128733769.816547706723
          0.021000000000  127028780.789938822389
          0.022000000000  125263796.755956038833
          0.023000000000  123441816.609125584364
          0.024000000000  121565910.317480430007
          0.025000000000  119639210.849397644401
          0.026000000000  117664906.000050470233
          0.027000000000  115646230.145247906446
          0.028000000000  113586455.950465932488
          0.029000000000  111488886.062774449587
          0.030000000000  109356844.813192144036
          0.031000000000  107193669.956691950560
          0.032000000000  105002704.476674363017
          0.033000000000  102787288.480221673846
          0.034000000000  100550751.209813147783
          0.035000000000   98296403.196500346065
          0.036000000000   96027528.578710928559
          0.037000000000   93747377.609969094396
          0.038000000000   91459159.377841487527
          0.039000000000   89166034.755360230803
          0.040000000000   86871109.605033159256
          0.041000000000   84577428.254374325275
          0.042000000000   82287967.260598152876
          0.043000000000   80005629.480823218822
          0.044000000000   77733238.462754771113
          0.045000000000   75473533.169409453869
          0.046000000000   73229163.049988895655
          0.047000000000   71002683.467545688152
          0.048000000000   68796551.492574974895
          0.049000000000   66613122.070155762136
          0.050000000000   64454644.566738180816
          0.051000000000   62323259.701150193810
          0.052000000000   60220996.862873367965
          0.053000000000   58149771.819129854441
          0.054000000000   56111384.810822166502
          0.055000000000   54107519.035914853215
          0.056000000000   52139739.517391778529
          0.057000000000   50209492.351531669497
          0.058000000000   48318104.330882064998
          0.059000000000   46466782.935000397265
          0.060000000000   44656616.680764324963
          0.061000000000   42888575.822859764099
          0.062000000000   41163513.393905445933
          0.063000000000   39482166.572597660124
          0.064000000000   37845158.367255583405
          0.065000000000   36252999.601208224893
          0.066000000000   34706091.185602962971
          0.067000000000   33204726.664441291243
          0.068000000000   31749095.015934944153
          0.069000000000   30339283.693664632738
          0.070000000000   28975281.890475958586
          0.071000000000   27656984.007603213191
          0.072000000000   26384193.311129245907
          0.073000000000   25156625.757613752037
          0.074000000000   23973913.970510032028
          0.075000000000   22835611.348876614124
          0.076000000000   21741196.289844207466
          0.077000000000   20690076.506345350295
          0.078000000000   19681593.421726483852
          0.079000000000   18715026.623062040657
          0.080000000000   17789598.355252031237
          0.081000000000   16904478.038327287883
          0.082000000000   16058786.790786501020
          0.083000000000   15251601.942260958254
          0.084000000000   14481961.519328881055
          0.085000000000   13748868.688887689263
          0.086000000000   13051296.144126856700
          0.087000000000   12388190.418830176815
          0.088000000000   11758476.116463923827
          0.089000000000   11161060.041273016483
          0.090000000000   10594835.219410825521
          0.091000000000   10058684.798957953230
          0.092000000000    9551485.818542242050
          0.093000000000    9072112.835149684921
          0.094000000000    8619441.402608310804
          0.095000000000    8192351.393131229095
          0.096000000000    7789730.155216112733
          0.097000000000    7410475.502110939473
          0.098000000000    7053498.525966254994
          0.099000000000    6717726.233699581586
          0.100000000000    6402104.001489409246
          0.101000000000    6105597.845696916804
          0.102000000000    5827196.508873331361
          0.103000000000    5565913.360349609517
          0.104000000000    5320788.111719302833
          0.105000000000    5090888.348309465684
          0.106000000000    4875310.878488861024
          0.107000000000    4673182.903381873854
          0.108000000000    4483663.010239484720
          0.109000000000    4305941.993363185786
          0.110000000000    4139243.507080868818
          0.111000000000    3982824.555835715495
          0.112000000000    3835975.826966121327
          0.113000000000    3698021.872227787506
          0.114000000000    3568321.144536265638
          0.115000000000    3446265.896788851824
          0.116000000000    3331281.949959117919
          0.117000000000    3222828.337944545317
          0.118000000000    3120396.836888732389
          0.119000000000    3023511.386894278228
          0.120000000000    2931727.414191328455
          0.121000000000    2844631.061931154691
          0.122000000000    2761838.337834906764
          0.123000000000    2682994.186945423018
          0.124000000000    2607771.497707359493
          0.125000000000    2535870.049538570456
          0.126000000000    2467015.409955323674
          0.127000000000    2400957.789178477135
          0.128000000000    2337470.859977778513
          0.129000000000    2276350.550310317427
          0.130000000000    2217413.816078611650
          0.131000000000    2160497.401075571775
          0.132000000000    2105456.590901606716
          0.133000000000    2052163.967333709123
          0.134000000000    2000508.169302237453
          0.135000000000    1950392.666288535343
          0.136000000000    1901734.549599984195
          0.137000000000    1854463.346609597327
          0.138000000000    1808519.862667989451
          0.139000000000    1763855.055008960655
          0.140000000000    1720428.942577812122
          0.141000000000    1678209.555317016784
          0.142000000000    1637171.926048460649
          0.143000000000    1597297.127697808435
          0.144000000000    1558571.358216597931
          0.145000000000    1520985.075173205230
          0.146000000000    1484532.181607032660
          0.147000000000    1449209.264372668928
          0.148000000000    1415014.885844082106
          0.149000000000    1381948.929504608270
          0.150000000000    1350011.999618077651
          0.151000000000    1319204.874860904412
          0.152000000000    1289528.015495693777
          0.153000000000    1260981.123384774197
          0.154000000000    1233562.753877785057
          0.155000000000    1207269.978361965623
          0.156000000000    1182098.096037367824
          0.157000000000    1158040.393272672547
          0.158000000000    1135087.948710398050
          0.159000000000    1113229.482123852475
          0.160000000000    1092451.244881523075
          0.161000000000    1072736.949748551240
          0.162000000000    1054067.737648134818
          0.163000000000    1036422.178919089143
          0.164000000000    1019776.306538059493
          0.165000000000    1004103.678725819453
          0.166000000000     989375.468326370348
          0.167000000000     975560.576333963196
          0.168000000000     962625.766946505872
          0.169000000000     950535.821542860358
          0.170000000000     939253.709015642758
          0.171000000000     928740.769939277088
          0.172000000000     918956.912114288774
          0.173000000000     909860.815102123190
          0.174000000000     901410.141449111165
          0.175000000000     893561.752392547205
          0.176000000000     886271.925945018535
          0.177000000000     879496.575364220655
          0.178000000000     873191.466133257025
          0.179000000000     867312.429699851200
          0.180000000000     861815.572351050097
          0.181000000000     856657.477731544990
          0.182000000000     851795.401648019673
          0.183000000000     847187.457937683677
          0.184000000000     842792.794315561303
          0.185000000000     838571.757251284318
          0.186000000000     834486.045061068377
          0.187000000000     830498.848533713492
          0.188000000000     826574.978539687814
          0.189000000000     822680.980199364014
          0.190000000000     818785.233309249394
          0.191000000000     814858.038843253744
          0.192000000000     810871.691458955174
          0.193000000000     806800.538046099478
          0.194000000000     802621.022455723840
          0.195000000000     798311.716642960557
          0.196000000000     793853.338544524275
          0.197000000000     789228.757092792890
          0.198000000000     784422.984842140228
          0.199000000000     779423.158749625785
          0.200000000000     774218.509711177554
          0.201000000000     768800.321506121429
          0.202000000000     763161.879847172066
          0.203000000000     757298.412270077853
          0.204000000000     751207.019626969588
          0.205000000000     744886.599970369018
          0.206000000000     738337.765630979091
          0.207000000000     731562.754301870824
          0.208000000000     724565.334945154493
          0.209000000000     717350.709334486164
          0.210000000000     709925.410038567497
          0.211000000000     702297.195637303288
          0.212000000000     694474.943943782477
          0.213000000000     686468.543982410920
          0.214000000000     678288.787446375587
          0.215000000000     669947.260326883057
          0.216000000000     661456.235372525174
          0.217000000000     652828.566000160412
          0.218000000000     644077.582239193027
          0.219000000000     635216.989249651437
          0.220000000000     626260.768911231426
          0.221000000000     617223.084935977822
          0.222000000000     608118.191911892500
          0.223000000000     598960.348638866213
          0.224000000000     589763.736072203494
          0.225000000000     580542.380143066868
          0.226000000000     571310.079679752933
          0.227000000000     562080.339608975803
          0.228000000000     552866.309572719038
          0.229000000000     543680.728053877596
          0.230000000000     534535.872063135495
          0.231000000000     525443.512400419218
          0.232000000000     516414.874467243848
          0.233000000000     507460.604571121803
          0.234000000000     498590.741630544479
          0.235000000000     489814.694158480212
          0.236000000000     481141.222374420846
          0.237000000000     472578.425269450294
          0.238000000000     464133.732425905939
          0.239000000000     455813.900372823118
          0.240000000000     447625.013240607397
          0.241000000000     439572.487463178055
          0.242000000000     431661.080263183627
          0.243000000000     423894.901645767968
          0.244000000000     416277.429618638707
          0.245000000000     408811.528350858891
          0.246000000000     401499.468979705358
          0.247000000000     394342.952774023695
          0.248000000000     387343.136363654805
          0.249000000000     380500.658747604815
          0.250000000000     373815.669798472896
          0.251000000000     367287.859987246455
          0.252000000000     360916.491060627624
          0.253000000000     354700.427412523248
          0.254000000000     348638.167902037152
          0.255000000000     342727.877882133005
          0.256000000000     336967.421215806389
          0.257000000000     331354.392070246744
          0.258000000000     325886.146293595142
          0.259000000000     320559.832193681737
          0.260000000000     315372.420553191623
          0.261000000000     310320.733731101966
          0.262000000000     305401.473715674074
          0.263000000000     300611.249009812076
          0.264000000000     295946.600244965521
          0.265000000000     291404.024434920459
          0.266000000000     286979.997795698291
          0.267000000000     282670.997072254831
          0.268000000000     278473.519326642505
          0.269000000000     274384.100155763212
          0.270000000000     270399.330319632019
          0.271000000000     266515.870773255767
          0.272000000000     262730.466106644366
          0.273000000000     259039.956408146943
          0.274000000000     255441.287576206756
          0.275000000000     251931.520113692037
          0.276000000000     248507.836447212903
          0.277000000000     245167.546821244643
          0.278000000000     241908.093823456118
          0.279000000000     238727.055603377521
          0.280000000000     235622.147851480957
          0.281000000000     232591.224609839235
          0.282000000000     229632.277988896210
          0.283000000000     226743.436867431796
          0.284000000000     223922.964654686657
          0.285000000000     221169.256194756221
          0.286000000000     218480.833893887582
          0.287000000000     215856.343151217065
          0.288000000000     213294.547172785009
          0.289000000000     210794.321247510787
          0.290000000000     208354.646562094917
          0.291000000000     205974.603629708814
          0.292000000000     203653.365404838813
          0.293000000000     201390.190153790638
          0.294000000000     199184.414147221338
          0.295000000000     197035.444237659016
          0.296000000000     194942.750381385558
          0.297000000000     192905.858160259435
          0.298000000000     190924.341355176322
          0.299000000000     188997.814618884440
          0.300000000000     187125.926291826210
