          0.001000000000  146264924.922955483198
          0.002000000000  146118467.691724359989
          0.003000000000  145874683.285418689251
          0.004000000000  145534037.194897472858
          0.005000000000  145097179.155807971954
          0.006000000000  144564941.206297278404
          0.007000000000  143938335.202952355146
          0.008000000000  143218549.804784715176
          0.009000000000  142406946.937117248774
          0.010000000000  141505057.749290496111
          0.011000000000  140514578.082034498453
          0.012000000000  139437363.462257146835
          0.013000000000  138275423.644773572683
          0.014000000000  137030916.722230613232
          0.015000000000  135706142.826059490442
          0.016000000000  134303537.442798823118
          0.017000000000  132825664.371515214443
          0.018000000000  131275208.349284216762
          0.019000000000  129654967.372866228223
          0.020000000000  127967844.745673745871
          0.021000000000  126216840.880026087165
          0.022000000000  124405044.885398447514
          0.023000000000  122535625.973974540830
          0.024000000000  120611824.715240240097
          0.025000000000  118636944.171687766910
          0.026000000000  116614340.947822615504
          0.027000000000  114547416.184718385339
          0.028000000000  112439606.532210558653
          0.029000000000  110294375.130567684770
          0.030000000000  108115202.633071869612
          0.031000000000  105905578.300405412912
          0.032000000000  103668991.197069689631
          0.033000000000  101408921.519262909889
          0.034000000000   99128832.082748278975
          0.035000000000   96832159.998198062181
          0.036000000000   94522308.560373067856
          0.037000000000   92202639.376254111528
          0.038000000000   89876464.755924627185
          0.039000000000   87547040.388568103313
          0.040000000000   85217558.324466913939
          0.041000000000   82891140.282312914729
          0.042000000000   80570831.299526512623
          0.043000000000   78259593.741585761309
          0.044000000000   75960301.684673652053
          0.045000000000   73675735.684164911509
          0.046000000000   71408577.939722433686
          0.047000000000   69161407.865958780050
          0.048000000000   66936698.075825132430
          0.049000000000   64736810.782082699239
          0.050000000000   62563994.620429039001
          0.051000000000   60420381.896074928343
          0.052000000000   58307986.253824532032
          0.053000000000   56228700.770007990301
          0.054000000000   54184296.462948277593
          0.055000000000   52176421.217030175030
          0.056000000000   50206599.113883361220
          0.057000000000   48276230.162702009082
          0.058000000000   46386590.420294515789
          0.059000000000   44538832.490118227899
          0.060000000000   42733986.388279154897
          0.061000000000   40972960.763301901519
          0.062000000000   39256544.455377422273
          0.063000000000   37585408.379796013236
          0.064000000000   35960107.718369834125
          0.065000000000   34381084.401837177575
          0.066000000000   32848669.865528527647
          0.067000000000   31363088.059971060604
          0.068000000000   29924458.697589267045
          0.069000000000   28532800.716254711151
          0.070000000000   27188035.940125171095
          0.071000000000   25889992.918000575155
          0.072000000000   24638410.919310033321
          0.073000000000   23432944.067820210010
          0.074000000000   22273165.593228954822
          0.075000000000   21158572.180968277156
          0.076000000000   20088588.400785353035
          0.077000000000   19062571.195000156760
          0.078000000000   18079814.407743521035
          0.079000000000   17139553.336957197636
          0.080000000000   16240969.291488550603
          0.081000000000   15383194.136219875887
          0.082000000000   14565314.808846447617
          0.083000000000   13786377.792637906969
          0.084000000000   13045393.530289957300
          0.085000000000   12341340.764785677195
          0.086000000000   11673170.794037118554
          0.087000000000   11039811.626957081258
          0.088000000000   10440172.029517995194
          0.089000000000    9873145.450280832127
          0.090000000000    9337613.815816687420
          0.091000000000    8832451.187393583357
          0.092000000000    8356527.271252473816
          0.093000000000    7908710.775749167427
          0.094000000000    7487872.609582105651
          0.095000000000    7092888.916260899976
          0.096000000000    6722643.940887656994
          0.097000000000    6376032.726221905090
          0.098000000000    6051963.635874065571
          0.099000000000    5749360.703320227563
          0.100000000000    5467165.806246264838
          0.101000000000    5204340.666512890719
          0.102000000000    4959868.676778513938
          0.103000000000    4732756.555523898453
          0.104000000000    4522035.832888577133
          0.105000000000    4326764.170351962559
          0.106000000000    4146026.517870401032
          0.107000000000    3978936.112615223043
          0.108000000000    3824635.323943270836
          0.109000000000    3682296.349671795964
          0.110000000000    3551121.769122867845
          0.111000000000    3430344.958748510107
          0.112000000000    3319230.376447665505
          0.113000000000    3217073.720939761959
          0.114000000000    3123201.972768469248
          0.115000000000    3036973.323673750274
          0.116000000000    2957777.001192549244
          0.117000000000    2885032.995429135393
          0.118000000000    2818191.694977481849
          0.119000000000    2756733.438981904183
          0.120000000000    2700167.992289838381
          0.121000000000    2648033.950585487299
          0.122000000000    2599898.082295648288
          0.123000000000    2555354.613933430053
          0.124000000000    2514024.465392292477
          0.125000000000    2475554.441526107956
          0.126000000000    2439616.386151464190
          0.127000000000    2405906.304390090983
          0.128000000000    2374143.459033280145
          0.129000000000    2344069.446359995287
          0.130000000000    2315447.256577332970
          0.131000000000    2288060.323779179249
          0.132000000000    2261711.570038363338
          0.133000000000    2236222.447960983962
          0.134000000000    2211431.985741703305
          0.135000000000    2187195.838467219844
          0.136000000000    2163385.349123535212
          0.137000000000    2139886.622473187745
          0.138000000000    2116599.614682752173
          0.139000000000    2093437.241299751913
          0.140000000000    2070324.505904020974
          0.141000000000    2047197.651491316035
          0.142000000000    2024003.336389160482
          0.143000000000    2000697.836256342009
          0.144000000000    1977246.273479718948
          0.145000000000    1953621.875055271201
          0.146000000000    1929805.259825583082
          0.147000000000    1905783.755743299844
          0.148000000000    1881550.747640181333
          0.149000000000    1857105.055804115953
          0.150000000000    1832450.345502149779
          0.151000000000    1807594.567436142359
          0.152000000000    1782549.428979173535
          0.153000000000    1757329.895914566703
          0.154000000000    1731953.724285974633
          0.155000000000    1706441.021865138551
          0.156000000000    1680813.838653948158
          0.157000000000    1655095.785758485552
          0.158000000000    1629311.681904473808
          0.159000000000    1603487.226805235259
          0.160000000000    1577648.700544729130
          0.161000000000    1551822.688098181039
          0.162000000000    1526035.828081370331
          0.163000000000    1500314.584795631701
          0.164000000000    1474685.042618604610
          0.165000000000    1449172.721780127380
          0.166000000000    1423802.414557637414
          0.167000000000    1398598.040925612208
          0.168000000000    1373582.522698082263
          0.169000000000    1348777.675211836817
          0.170000000000    1324204.115609618137
          0.171000000000    1299881.186797390226
          0.172000000000    1275826.896166716702
          0.173000000000    1252057.868192164227
          0.174000000000    1228589.310034036636
          0.175000000000    1205434.989298240049
          0.176000000000    1182607.223127319710
          0.177000000000    1160116.877819418442
          0.178000000000    1137973.378194912104
          0.179000000000    1116184.725953396643
          0.180000000000    1094757.526286463253
          0.181000000000    1073697.022034252528
          0.182000000000    1053007.134695726680
          0.183000000000    1032690.511624247418
          0.184000000000    1012748.578760951175
          0.185000000000     993181.598278985592
          0.186000000000     973988.730531499721
          0.187000000000     955168.099715700140
          0.188000000000     936716.862684214953
          0.189000000000     918631.280353531707
          0.190000000000     900906.791177516105
          0.191000000000     883538.086171953822
          0.192000000000     866519.184993955074
          0.193000000000     849843.512597920489
          0.194000000000     833503.976007580990
          0.195000000000     817493.040761843906
          0.196000000000     801802.806610440486
          0.197000000000     786425.082054187311
          0.198000000000     771351.457343839109
          0.199000000000     756573.375571275363
          0.200000000000     742082.201507108868
          0.201000000000     727869.287859737640
          0.202000000000     713926.038652625401
          0.203000000000     700243.969438932952
          0.204000000000     686814.764095711056
          0.205000000000     673630.327963705291
          0.206000000000     660682.837123341975
          0.207000000000     647964.783622484654
          0.208000000000     635469.016497395933
          0.209000000000     623188.778454477084
          0.210000000000     611117.738106988254
          0.211000000000     599250.017687979969
          0.212000000000     587580.216187771759
          0.213000000000     576103.427891613799
          0.214000000000     564815.256320339511
          0.215000000000     553711.823603865923
          0.216000000000     542789.775344057940
          0.217000000000     532046.281049696729
          0.218000000000     521479.030251784017
          0.219000000000     511086.224432244198
          0.220000000000     500866.564922824386
          0.221000000000     490819.236953706597
          0.222000000000     480943.890052784875
          0.223000000000     471240.615016602096
          0.224000000000     461709.917692441086
          0.225000000000     452352.689827932219
          0.226000000000     443170.177259619290
          0.227000000000     434163.945725126017
          0.228000000000     425335.844594832859
          0.229000000000     416687.968828161829
          0.230000000000     408222.619466676726
          0.231000000000     399942.262981203967
          0.232000000000     391849.489792908076
          0.233000000000     383946.972288917634
          0.234000000000     376237.422651509696
          0.235000000000     368723.550816081697
          0.236000000000     361408.022867361957
          0.237000000000     354293.420175305451
          0.238000000000     347382.199562270136
          0.239000000000     340676.654781188758
          0.240000000000     334178.879570837715
          0.241000000000     327890.732538963435
          0.242000000000     321813.804107115313
          0.243000000000     315949.385732689872
          0.244000000000     310298.441604089399
          0.245000000000     304861.582984122273
          0.246000000000     299639.045355084818
          0.247000000000     294630.668496455997
          0.248000000000     289835.879603007168
          0.249000000000     285253.679527611181
          0.250000000000     280882.632209190808
          0.251000000000     276720.857322381402
          0.252000000000     272766.026161722024
          0.253000000000     269015.360749628104
          0.254000000000     265465.636134449684
          0.255000000000     262113.185822362982
          0.256000000000     258953.910265315208
          0.257000000000     255983.288306406204
          0.258000000000     253196.391464499146
          0.259000000000     250587.900921357330
          0.260000000000     248152.127057466452
          0.261000000000     245883.031366988347
          0.262000000000     243774.250568082556
          0.263000000000     241819.122712242068
          0.264000000000     240010.715085355070
          0.265000000000     238341.853683993133
          0.266000000000     236805.154042974405
          0.267000000000     235393.053184589517
          0.268000000000     234097.842455985403
          0.269000000000     232911.701019132481
          0.270000000000     231826.729757467780
          0.271000000000     230834.985364727094
          0.272000000000     229928.514384588489
          0.273000000000     229099.386974494235
          0.274000000000     228339.730173318414
          0.275000000000     227641.760460346122
          0.276000000000     226997.815402211272
          0.277000000000     226400.384194926301
          0.278000000000     225842.136919796030
          0.279000000000     225315.952344766265
          0.280000000000     224814.944116441940
          0.281000000000     224332.485202540731
          0.282000000000     223862.230459771090
          0.283000000000     223398.137217924988
          0.284000000000     222934.483787193021
          0.285000000000     222465.885812261171
          0.286000000000     221987.310413439147
          0.287000000000     221494.088071822160
          0.288000000000     220981.922232149314
          0.289000000000     220446.896613460063
          0.290000000000     219885.480233783572
          0.291000000000     219294.530170750368
          0.292000000000     218671.292095159995
          0.293000000000     218013.398628991097
          0.294000000000     217318.865593084600
          0.295000000000     216586.086222620448
          0.296000000000     215813.823440508771
          0.297000000000     215001.200289841683
          0.298000000000     214147.688636549719
          0.299000000000     213253.096262324252
          0.300000000000     212317.552475690027
