          0.001000000000  145521455.494154602289
          0.002000000000  145383861.982462167740
          0.003000000000  145154816.576427102089
          0.004000000000  144834734.116400301456
          0.005000000000  144424193.722431242466
          0.006000000000  143923937.145284444094
          0.007000000000  143334866.656970053911
          0.008000000000  142658042.488664716482
          0.009000000000  141894679.825639188290
          0.010000000000  141046145.370415091515
          0.011000000000  140113953.486973375082
          0.012000000000  139099761.940370380878
          0.013000000000  138005367.247583597898
          0.014000000000  136832699.656807065010
          0.015000000000  135583817.773719072342
          0.016000000000  134260902.854515790939
          0.017000000000  132866252.786605864763
          0.018000000000  131402275.778960525990
          0.019000000000  129871483.785032287240
          0.020000000000  128276485.682037368417
          0.021000000000  126619980.231143504381
          0.022000000000  124904748.843731358647
          0.023000000000  123133648.179456129670
          0.024000000000  121309602.602250590920
          0.025000000000  119435596.520707204938
          0.026000000000  117514666.639499947429
          0.027000000000  115549894.148574322462
          0.028000000000  113544396.876807689667
          0.029000000000  111501321.436714351177
          0.030000000000  109423835.386507079005
          0.031000000000  107315119.435473829508
          0.032000000000  105178359.718186154962
          0.033000000000  103016740.162458464503
          0.034000000000  100833434.975344270468
          0.035000000000   98631601.270693615079
          0.036000000000   96414371.860941275954
          0.037000000000   94184848.234877586365
          0.038000000000   91946093.742144837976
          0.039000000000   89701127.004101142287
          0.040000000000   87452915.569572031498
          0.041000000000   85204369.832776069641
          0.042000000000   82958337.229442134500
          0.043000000000   80717596.725839138031
          0.044000000000   78484853.614052414894
          0.045000000000   76262734.625468999147
          0.046000000000   74053783.373001426458
          0.047000000000   71860456.131132394075
          0.048000000000   69685117.961414009333
          0.049000000000   67530039.189577460289
          0.050000000000   65397392.238958217204
          0.051000000000   63289248.823459111154
          0.052000000000   61207577.501854084432
          0.053000000000   59154241.593778640032
          0.054000000000   57130997.456377744675
          0.055000000000   55139493.119191996753
          0.056000000000   53181267.273536950350
          0.057000000000   51257748.611344262958
          0.058000000000   49370255.507187649608
          0.059000000000   47519996.036024518311
          0.060000000000   45708068.318065211177
          0.061000000000   43935461.181099765003
          0.062000000000   42203055.129613295197
          0.063000000000   40511623.609093517065
          0.064000000000   38861834.553056649864
          0.065000000000   37254252.199541635811
          0.066000000000   35689339.163103893399
          0.067000000000   34167458.747706837952
          0.068000000000   32688877.485353667289
          0.069000000000   31253767.884828135371
          0.070000000000   29862211.374515194446
          0.071000000000   28514201.422960013151
          0.072000000000   27209646.820590939373
          0.073000000000   25948375.105867654085
          0.074000000000   24730136.119050018489
          0.075000000000   23554605.666771743447
          0.076000000000   22421389.280676960945
          0.077000000000   21330026.053527221084
          0.078000000000   20279992.536391258240
          0.079000000000   19270706.680817730725
          0.080000000000   18301531.810229234397
          0.081000000000   17371780.605178799480
          0.082000000000   16480719.087572975084
          0.083000000000   15627570.589472044259
          0.084000000000   14811519.692639525980
          0.085000000000   14031716.125618562102
          0.086000000000   13287278.605752801523
          0.087000000000   12577298.614252006635
          0.088000000000   11900844.093110833317
          0.089000000000   11256963.053427927196
          0.090000000000   10644687.085429484025
          0.091000000000   10063034.761281415820
          0.092000000000    9511014.922562470660
          0.093000000000    8987629.845070777461
          0.094000000000    8491878.274440964684
          0.095000000000    8022758.326853143051
          0.096000000000    7579270.249916546047
          0.097000000000    7160419.039604665712
          0.098000000000    6765216.909902003594
          0.099000000000    6392685.612589864060
          0.100000000000    6041858.605349915102
          0.101000000000    5711783.067093207501
          0.102000000000    5401521.760127177462
          0.103000000000    5110154.739451874048
          0.104000000000    4836780.910126133822
          0.105000000000    4580519.434261647984
          0.106000000000    4340510.989788003266
          0.107000000000    4115918.883680795319
          0.108000000000    3905930.022857480682
          0.109000000000    3709755.746421639342
          0.110000000000    3526632.523371332791
          0.111000000000    3355822.520285458304
          0.112000000000    3196614.043858218472
          0.113000000000    3048321.863469094504
          0.114000000000    2910287.419252665248
          0.115000000000    2781878.921369343530
          0.116000000000    2662491.346376147121
          0.117000000000    2551546.336755054537
          0.118000000000    2448492.009777779225
          0.119000000000    2352802.681969791651
          0.120000000000    2263978.515484855976
          0.121000000000    2181545.092715475708
          0.122000000000    2105052.925445901696
          0.123000000000    2034076.904804386199
          0.124000000000    1968215.698192049051
          0.125000000000    1907091.099258519243
          0.126000000000    1850347.336861768039
          0.127000000000    1797650.348792840960
          0.128000000000    1748687.025868021185
          0.129000000000    1703164.431792711141
          0.130000000000    1660809.003985799151
          0.131000000000    1621365.740322208963
          0.132000000000    1584597.376506636152
          0.133000000000    1550283.558535789605
          0.134000000000    1518220.014441315783
          0.135000000000    1488217.729233047925
          0.136000000000    1460102.126684794202
          0.137000000000    1433712.261323538609
          0.138000000000    1408900.023700422840
          0.139000000000    1385529.361739218934
          0.140000000000    1363475.520677431719
          0.141000000000    1342624.303837703075
          0.142000000000    1322871.356194897788
          0.143000000000    1304121.472437759396
          0.144000000000    1286287.930965464562
          0.145000000000    1269291.855009024031
          0.146000000000    1253061.601826973259
          0.147000000000    1237532.180694780312
          0.148000000000    1222644.700188654708
          0.149000000000    1208345.845057752449
          0.150000000000    1194587.382784771034
          0.151000000000    1181325.699753651395
          0.152000000000    1168521.366775590926
          0.153000000000    1156138.733570390148
          0.154000000000    1144145.551659800811
          0.155000000000    1132512.625002949033
          0.156000000000    1121213.487591095734
          0.157000000000    1110224.107119607739
          0.158000000000    1099522.613769051619
          0.159000000000    1089089.053054384654
          0.160000000000    1078905.161640763748
          0.161000000000    1068954.164976435946
          0.162000000000    1059220.595556633314
          0.163000000000    1049690.130606970051
          0.164000000000    1040349.447960072663
          0.165000000000    1031186.098894078634
          0.166000000000    1022188.396705921507
          0.167000000000    1013345.319804971805
          0.168000000000    1004646.428133142646
          0.169000000000     996081.791745106806
          0.170000000000     987641.930416130810
          0.171000000000     979317.763184558717
          0.172000000000     971100.566780284047
          0.173000000000     962981.941939028678
          0.174000000000     954953.786654247320
          0.175000000000     947008.275473090005
          0.176000000000     939137.843999753008
          0.177000000000     931335.177827763371
          0.178000000000     923593.205181956873
          0.179000000000     915905.092610368156
          0.180000000000     908264.243125508889
          0.181000000000     900664.296253089560
          0.182000000000     893099.129503588891
          0.183000000000     885562.860838011955
          0.184000000000     878049.851752941962
          0.185000000000     870554.710661772639
          0.186000000000     863072.296298054396
          0.187000000000     855597.720913192723
          0.188000000000     848126.353084205301
          0.189000000000     840653.819987359107
          0.190000000000     833176.009030594607
          0.191000000000     825689.068771249265
          0.192000000000     818189.409075916978
          0.193000000000     810673.700506240712
          0.194000000000     803138.872937934240
          0.195000000000     795582.113440735266
          0.196000000000     788000.863463983987
          0.197000000000     780392.815386567963
          0.198000000000     772755.908500979072
          0.199000000000     765088.324509426020
          0.200000000000     757388.482615568559
          0.201000000000     749655.034298464074
          0.202000000000     741886.857856234768
          0.203000000000     734083.052805702551
          0.204000000000     726242.934221237432
          0.205000000000     718366.027091279859
          0.206000000000     710452.060765025206
          0.207000000000     702500.963554353919
          0.208000000000     694512.857547948835
          0.209000000000     686488.053685399937
          0.210000000000     678427.047129628481
          0.211000000000     670330.512965953210
          0.212000000000     662199.302246053005
          0.213000000000     654034.438384989975
          0.214000000000     645837.113909499720
          0.215000000000     637608.687546209781
          0.216000000000     629350.681629262632
          0.217000000000     621064.779798353091
          0.218000000000     612752.824950244976
          0.219000000000     604416.817399874213
          0.220000000000     596058.913200941402
          0.221000000000     587681.422570597264
          0.222000000000     579286.808358643204
          0.223000000000     570877.684498359449
          0.224000000000     562456.814373882255
          0.225000000000     554027.109037870308
          0.226000000000     545591.625213043648
          0.227000000000     537153.563012037892
          0.228000000000     528716.263311841758
          0.229000000000     520283.204721870949
          0.230000000000     511858.000088327681
          0.231000000000     503444.392481975025
          0.232000000000     495046.250621651590
          0.233000000000     486667.563691697607
          0.234000000000     478312.435517931415
          0.235000000000     469985.078073741810
          0.236000000000     461689.804295253998
          0.237000000000     453431.020192155673
          0.238000000000     445213.216248725133
          0.239000000000     437040.958117592207
          0.240000000000     428918.876616864232
          0.241000000000     420851.657049275876
          0.242000000000     412844.027869897836
          0.243000000000     404900.748736621230
          0.244000000000     397026.597985012457
          0.245000000000     389226.359576118703
          0.246000000000     381504.809572372644
          0.247000000000     373866.702202802815
          0.248000000000     366316.755584232626
          0.249000000000     358859.637170051166
          0.250000000000     351499.949002378213
          0.251000000000     344242.212846962793
          0.252000000000     337090.855293032364
          0.253000000000     330050.192902363196
          0.254000000000     323124.417493258836
          0.255000000000     316317.581645659637
          0.256000000000     309633.584513532754
          0.257000000000     303076.158029781946
          0.258000000000     296648.853587309830
          0.259000000000     290355.029277595226
          0.260000000000     284197.837765156059
          0.261000000000     278180.214872675075
          0.262000000000     272304.868947347219
          0.263000000000     266574.271074273915
          0.264000000000     260990.646197427239
          0.265000000000     255555.965203023050
          0.266000000000     250271.938013990206
          0.267000000000     245140.007737755746
          0.268000000000     240161.345902820525
          0.269000000000     235336.848812596203
          0.270000000000     230667.135037827102
          0.271000000000     226152.544061641063
          0.272000000000     221793.136083983700
          0.273000000000     217588.692984848109
          0.274000000000     213538.720438505203
          0.275000000000     209642.451163812162
          0.276000000000     205898.849288720638
          0.277000000000     202306.615800421830
          0.278000000000     198864.195046096254
          0.279000000000     195569.782243136084
          0.280000000000     192421.331951931759
          0.281000000000     189416.567458956939
          0.282000000000     186552.991012946644
          0.283000000000     183827.894852485129
          0.284000000000     181238.372959328408
          0.285000000000     178781.333468288329
          0.286000000000     176453.511661534925
          0.287000000000     174251.483472735563
          0.288000000000     172171.679424534319
          0.289000000000     170210.398921511864
          0.290000000000     168363.824819944304
          0.291000000000     166628.038195380999
          0.292000000000     164999.033229283697
          0.293000000000     163472.732136723032
          0.294000000000     162045.000058351899
          0.295000000000     160711.659841584595
          0.296000000000     159468.506638072373
          0.297000000000     158311.322247155971
          0.298000000000     157235.889137940801
          0.299000000000     156238.004086013068
          0.300000000000     155313.491364491842
