          0.001000000000  144272764.620970249176
          0.002000000000  144136517.503986984491
          0.003000000000  143909706.473582357168
          0.004000000000  143592732.009614497423
          0.005000000000  143186153.252708554268
          0.006000000000  142690686.479634255171
          0.007000000000  142107203.152392596006
          0.008000000000  141436727.547955960035
          0.009000000000  140680433.977087438107
          0.010000000000  139839643.602079123259
          0.011000000000  138915820.864700138569
          0.012000000000  137910569.536958873272
          0.013000000000  136825628.408602893353
          0.014000000000  135662866.626522183418
          0.015000000000  134424278.702389955521
          0.016000000000  133111979.205993324518
          0.017000000000  131728197.162731081247
          0.018000000000  130275270.174718782306
          0.019000000000  128755638.285820722580
          0.020000000000  127171837.611701220274
          0.021000000000  125526493.756715267897
          0.022000000000  123822315.040046006441
          0.023000000000  122062085.554039537907
          0.024000000000  120248658.078092873096
          0.025000000000  118384946.871800810099
          0.026000000000  116473920.371276557446
          0.027000000000  114518593.812736332417
          0.028000000000  112522021.807439506054
          0.029000000000  110487290.892055973411
          0.030000000000  108417512.078361436725
          0.031000000000  106315813.425931021571
          0.032000000000  104185332.661173403263
          0.033000000000  102029209.865611061454
          0.034000000000   99850580.255821958184
          0.035000000000   97652567.076849937439
          0.036000000000   95438274.630240395665
          0.037000000000   93210781.457089588046
          0.038000000000   90973133.695692390203
          0.039000000000   88728338.632483020425
          0.040000000000   86479358.464004933834
          0.041000000000   84229104.286657035351
          0.042000000000   81980430.329876542091
          0.043000000000   79736128.447338461876
          0.044000000000   77498922.879575133324
          0.045000000000   75271465.300245568156
          0.046000000000   73056330.157063618302
          0.047000000000   70856010.317143246531
          0.048000000000   68672913.025260776281
          0.049000000000   66509356.182246670127
          0.050000000000   64367564.949446707964
          0.051000000000   62249668.683889761567
          0.052000000000   60157698.207517392933
          0.053000000000   58093583.412557482719
          0.054000000000   56059151.203855924308
          0.055000000000   54056123.777741432190
          0.056000000000   52086117.235771015286
          0.057000000000   50150640.530527509749
          0.058000000000   48251094.739471241832
          0.059000000000   46388772.661743529141
          0.060000000000   44564858.731733560562
          0.061000000000   42780429.242206268013
          0.062000000000   41036452.868800990283
          0.063000000000   39333791.486793935299
          0.064000000000   37673201.270146705210
          0.065000000000   36055334.062063619494
          0.066000000000   34480739.005523130298
          0.067000000000   32949864.421580631286
          0.068000000000   31463059.922612506896
          0.069000000000   30020578.747128415853
          0.070000000000   28622580.302294421941
          0.071000000000   27269132.899895928800
          0.072000000000   25960216.671126194298
          0.073000000000   24695726.645307630301
          0.074000000000   23475475.977445475757
          0.075000000000   22299199.309375599027
          0.076000000000   21166556.249189142138
          0.077000000000   20077134.953611679375
          0.078000000000   19030455.798068929464
          0.079000000000   18025975.119285386056
          0.080000000000   17063089.015441000462
          0.081000000000   16141137.189143924043
          0.082000000000   15259406.818765277043
          0.083000000000   14417136.444023188204
          0.084000000000   13613519.852092836052
          0.085000000000   12847709.950954739004
          0.086000000000   12118822.617172338068
          0.087000000000   11425940.505807098001
          0.088000000000   10768116.810734007508
          0.089000000000   10144378.964205186814
          0.090000000000    9553732.265125581995
          0.091000000000    8995163.426143078133
          0.092000000000    8467644.030316967517
          0.093000000000    7970133.888808570802
          0.094000000000    7501584.291728815995
          0.095000000000    7060941.144982452504
          0.096000000000    6647147.986657266505
          0.097000000000    6259148.877220870927
          0.098000000000    5895891.158500341699
          0.099000000000    5556328.077129315585
          0.100000000000    5239421.268850941211
          0.101000000000    4944143.100757722743
          0.102000000000    4669478.869229933247
          0.103000000000    4414428.852000111714
          0.104000000000    4178010.213417485822
          0.105000000000    3959258.762613757048
          0.106000000000    3757230.564875190146
          0.107000000000    3571003.407105726656
          0.108000000000    3399678.118818232790
          0.109000000000    3242379.750615977682
          0.110000000000    3098258.612620624714
          0.111000000000    2966491.175767504144
          0.112000000000    2846280.839320053812
          0.113000000000    2736858.568354678340
          0.114000000000    2637483.405332233291
          0.115000000000    2547442.860203952994
          0.116000000000    2466053.183796197642
          0.117000000000    2392659.529481549747
          0.118000000000    2326636.008371665608
          0.119000000000    2267385.643461927772
          0.120000000000    2214340.228318558540
          0.121000000000    2166960.096026869956
          0.122000000000    2124733.804214695934
          0.123000000000    2087177.742029485293
          0.124000000000    2053835.664981516544
          0.125000000000    2024278.163570428267
          0.126000000000    1998102.071589148138
          0.127000000000    1974929.819949672092
          0.128000000000    1954408.741800222080
          0.129000000000    1936210.334604877047
          0.130000000000    1920029.484736241633
          0.131000000000    1905583.659990612417
          0.132000000000    1892612.075275503565
          0.133000000000    1880874.836542384699
          0.134000000000    1870152.067845345708
          0.135000000000    1860243.026200529188
          0.136000000000    1850965.208703338401
          0.137000000000    1842153.456132533727
          0.138000000000    1833659.057033709949
          0.139000000000    1825348.856031403411
          0.140000000000    1817104.369870369788
          0.141000000000    1808820.914434485370
          0.142000000000    1800406.745737181045
          0.143000000000    1791782.217622474069
          0.144000000000    1782878.958661333192
          0.145000000000    1773639.070475824177
          0.146000000000    1764014.349474808667
          0.147000000000    1753965.533740450628
          0.148000000000    1743461.576566083357
          0.149000000000    1732478.947913916316
          0.150000000000    1721000.964836280560
          0.151000000000    1709017.151687980397
          0.152000000000    1696522.630750062177
          0.153000000000    1683517.543687918689
          0.154000000000    1670006.504079440841
          0.155000000000    1655998.081072649918
          0.156000000000    1641504.314066922758
          0.157000000000    1626540.258158222307
          0.158000000000    1611123.559946573805
          0.159000000000    1595274.063173676142
          0.160000000000    1579013.443540103501
          0.161000000000    1562364.871944727143
          0.162000000000    1545352.705294174142
          0.163000000000    1528002.203946569469
          0.164000000000    1510339.274781892542
          0.165000000000    1492390.238830107730
          0.166000000000    1474181.622338090092
          0.167000000000    1455739.970116344746
          0.168000000000    1437091.679976540850
          0.169000000000    1418262.857050387422
          0.170000000000    1399279.186768700834
          0.171000000000    1380165.825276536634
          0.172000000000    1360947.306064947741
          0.173000000000    1341647.461612095125
          0.174000000000    1322289.358845351031
          0.175000000000    1302895.247261044336
          0.176000000000    1283486.518569239182
          0.177000000000    1264083.676766477292
          0.178000000000    1244706.317579560913
          0.179000000000    1225373.116267253645
          0.180000000000    1206101.822813912062
          0.181000000000    1186909.263598884456
          0.182000000000    1167811.348677422386
          0.183000000000    1148823.083862522384
          0.184000000000    1129958.586851715576
          0.185000000000    1111231.106698323274
          0.186000000000    1092653.045982160373
          0.187000000000    1074235.985090126516
          0.188000000000    1055990.708071866771
          0.189000000000    1037927.229589388240
          0.190000000000    1020054.822532240651
          0.191000000000    1002382.045920492848
          0.192000000000     984916.772767034476
          0.193000000000     967666.217617531074
          0.194000000000     950636.963531051762
          0.195000000000     933834.988306595013
          0.196000000000     917265.689800209017
          0.197000000000     900933.910214359523
          0.198000000000     884843.959275074885
          0.199000000000     868999.636243658839
          0.200000000000     853404.250737951486
          0.201000000000     838060.642363486113
          0.202000000000     822971.199177338975
          0.203000000000     808137.875027113827
          0.204000000000     793562.205824283417
          0.205000000000     779245.324825319578
          0.206000000000     765187.977005459135
          0.207000000000     751390.532619072706
          0.208000000000     737853.000047150999
          0.209000000000     724575.038036932820
          0.210000000000     711555.967440854060
          0.211000000000     698794.782562542357
          0.212000000000     686290.162215966149
          0.213000000000     674040.480600934708
          0.214000000000     662043.818093593465
          0.215000000000     650297.972044701455
          0.216000000000     638800.467671658727
          0.217000000000     627548.569122274756
          0.218000000000     616539.290779647417
          0.219000000000     605769.408868164755
          0.220000000000     595235.473410887062
          0.221000000000     584933.820578380721
          0.222000000000     574860.585458788788
          0.223000000000     565011.715268513886
          0.224000000000     555382.983012585086
          0.225000000000     545970.001593604800
          0.226000000000     536768.238358401344
          0.227000000000     527773.030061951955
          0.228000000000     518979.598219290725
          0.229000000000     510383.064807570307
          0.230000000000     501978.468272770406
          0.231000000000     493760.779788361746
          0.232000000000     485724.919706909859
          0.233000000000     477865.774140001100
          0.234000000000     470178.211597078771
          0.235000000000     462657.099609836354
          0.236000000000     455297.321265675244
          0.237000000000     448093.791571471607
          0.238000000000     441041.473567451874
          0.239000000000     434135.394110365945
          0.240000000000     427370.659245341318
          0.241000000000     420742.469086788653
          0.242000000000     414246.132130454702
          0.243000000000     407877.078921166947
          0.244000000000     401630.875003947469
          0.245000000000     395503.233089913381
          0.246000000000     389490.024372727552
          0.247000000000     383587.288936238096
          0.248000000000     377791.245199238649
          0.249000000000     372098.298349128396
          0.250000000000     366505.047722277115
          0.251000000000     361008.293095403817
          0.252000000000     355605.039858909149
          0.253000000000     350292.503049982479
          0.254000000000     345068.110230285733
          0.255000000000     339929.503200090432
          0.256000000000     334874.538547812786
          0.257000000000     329901.287040952942
          0.258000000000     325008.031871393614
          0.259000000000     320193.265774837229
          0.260000000000     315455.687050796638
          0.261000000000     310794.194515974261
          0.262000000000     306207.881429988425
          0.263000000000     301696.028438261244
          0.264000000000     297258.095582361973
          0.265000000000     292893.713433214754
          0.266000000000     288602.673407336813
          0.267000000000     284384.917330517666
          0.268000000000     280240.526317244046
          0.269000000000     276169.709037540539
          0.270000000000     272172.789445822535
          0.271000000000     268250.194048771344
          0.272000000000     264402.438791180437
          0.273000000000     260630.115640148986
          0.274000000000     256933.878948947415
          0.275000000000     253314.431682304828
          0.276000000000     249772.511584818742
          0.277000000000     246308.877373668656
          0.278000000000     242924.295035795221
          0.279000000000     239619.524308254302
          0.280000000000     236395.305418542965
          0.281000000000     233252.346159382258
          0.282000000000     230191.309369693481
          0.283000000000     227212.800890400191
          0.284000000000     224317.358060216269
          0.285000000000     221505.438812776498
          0.286000000000     218777.411432351335
          0.287000000000     216133.545020999794
          0.288000000000     213574.000725375983
          0.289000000000     211098.823766538204
          0.290000000000     208707.936311063706
          0.291000000000     206401.131216555223
          0.292000000000     204178.066679288109
          0.293000000000     202038.261806306225
          0.294000000000     199981.093128769804
          0.295000000000     198005.792067814938
          0.296000000000     196111.443358650868
          0.297000000000     194296.984433076374
          0.298000000000     192561.205755160103
          0.299000000000     190902.752099430305
          0.300000000000     189320.124755664845
