          0.001000000000  147719781.954174011946
          0.002000000000  147569713.231452912092
          0.003000000000  147319937.416764557362
          0.004000000000  146970961.431880891323
          0.005000000000  146523492.646508932114
          0.006000000000  145978436.569634079933
          0.007000000000  145336893.898512840271
          0.008000000000  144600156.938108086586
          0.009000000000  143769705.406504243612
          0.010000000000  142847201.644450008869
          0.011000000000  141834485.249698013067
          0.012000000000  140733567.159267634153
          0.013000000000  139546623.205016344786
          0.014000000000  138275987.170109510422
          0.015000000000  136924143.375981688499
          0.016000000000  135493718.831268250942
          0.017000000000  133987474.975885644555
          0.018000000000  132408299.054976820946
          0.019000000000  130759195.158812358975
          0.020000000000  129043274.965885236859
          0.021000000000  127263748.227455243468
          0.022000000000  125423913.032562881708
          0.023000000000  123527145.893159151077
          0.024000000000  121576891.689367532730
          0.025000000000  119576653.515111327171
          0.026000000000  117529982.464361384511
          0.027000000000  115440467.398021101952
          0.028000000000  113311724.731134712696
          0.029000000000  111147388.279500022531
          0.030000000000  108951099.204019561410
          0.031000000000  106726496.090190187097
          0.032000000000  104477205.199040591717
          0.033000000000  102206830.924527600408
          0.034000000000   99918946.491026610136
          0.035000000000   97617084.922942638397
          0.036000000000   95304730.316796272993
          0.037000000000   92985309.444318965077
          0.038000000000   90662183.713129565120
          0.039000000000   88338641.509567677975
          0.040000000000   86017890.946102842689
          0.041000000000   83703053.033572137356
          0.042000000000   81397155.296213179827
          0.043000000000   79103125.845172584057
          0.044000000000   76823787.923812985420
          0.045000000000   74561854.935790434480
          0.046000000000   72319925.964473947883
          0.047000000000   70100481.789945393801
          0.048000000000   67905881.407417729497
          0.049000000000   65738359.048627108335
          0.050000000000   63600021.705432072282
          0.051000000000   61492847.152645744383
          0.052000000000   59418682.464941121638
          0.053000000000   57379243.020580269396
          0.054000000000   55376111.982705920935
          0.055000000000   53410740.247010573745
          0.056000000000   51484446.842783480883
          0.057000000000   49598419.772624738514
          0.058000000000   47753717.274522870779
          0.059000000000   45951269.488519810140
          0.060000000000   44191880.508845441043
          0.061000000000   42476230.801186591387
          0.062000000000   40804879.963681839406
          0.063000000000   39178269.809288278222
          0.064000000000   37596727.746372453868
          0.065000000000   36060470.433705225587
          0.066000000000   34569607.685532055795
          0.067000000000   33124146.601997364312
          0.068000000000   31723995.899965602905
          0.069000000000   30368970.419168412685
          0.070000000000   29058795.778629399836
          0.071000000000   27793113.158474691212
          0.072000000000   26571484.182505980134
          0.073000000000   25393395.877310622483
          0.074000000000   24258265.684188537300
          0.075000000000   23165446.500784892589
          0.076000000000   22114231.730036970228
          0.077000000000   21103860.314840927720
          0.078000000000   20133521.737740457058
          0.079000000000   19202360.965903140604
          0.080000000000   18309483.322689399123
          0.081000000000   17453959.268216110766
          0.082000000000   16634829.072468301281
          0.083000000000   15851107.365707026795
          0.084000000000   15101787.552154604346
          0.085000000000   14385846.074195077643
          0.086000000000   13702246.515608934686
          0.087000000000   13049943.533648593351
          0.088000000000   12427886.611056510359
          0.089000000000   11835023.620414899662
          0.090000000000   11270304.194495936856
          0.091000000000   10732682.897536754608
          0.092000000000   10221122.193601045758
          0.093000000000    9734595.209387013689
          0.094000000000    9272088.290008701384
          0.095000000000    8832603.347397821024
          0.096000000000    8415160.002046393231
          0.097000000000    8018797.519833361730
          0.098000000000    7642576.546641951427
          0.099000000000    7285580.644380081445
          0.100000000000    6946917.632859662175
          0.101000000000    6625720.742767176591
          0.102000000000    6321149.585668810643
          0.103000000000    6032390.947636228055
          0.104000000000    5758659.413651158102
          0.105000000000    5499197.830450778827
          0.106000000000    5253277.615909328684
          0.107000000000    5020198.923415971920
          0.108000000000    4799290.670005057007
          0.109000000000    4589910.437224633992
          0.110000000000    4391444.253893178888
          0.111000000000    4203306.269996210933
          0.112000000000    4024938.331014717929
          0.113000000000    3855809.461960664019
          0.114000000000    3695415.270322340541
          0.115000000000    3543277.276998733636
          0.116000000000    3398942.184130117763
          0.117000000000    3261981.088514694478
          0.118000000000    3131988.649044195190
          0.119000000000    3008582.216295193415
          0.120000000000    2891400.932085592300
          0.121000000000    2780104.806447397918
          0.122000000000    2674373.779083972797
          0.123000000000    2573906.771975510754
          0.124000000000    2478420.739373956807
          0.125000000000    2387649.720992850605
          0.126000000000    2301343.903751331847
          0.127000000000    2219268.696978912689
          0.128000000000    2141203.825532197487
          0.129000000000    2066942.444819084369
          0.130000000000    1996290.281274272362
          0.131000000000    1929064.801384179853
          0.132000000000    1865094.411922654370
          0.133000000000    1804217.693634135649
          0.134000000000    1746282.670189582277
          0.135000000000    1691146.113845450571
          0.136000000000    1638672.888858547667
          0.137000000000    1588735.333351724083
          0.138000000000    1541212.679988076445
          0.139000000000    1495990.515496100299
          0.140000000000    1452960.278795803431
          0.141000000000    1412018.797206769465
          0.142000000000    1373067.859974291641
          0.143000000000    1336013.828128921334
          0.144000000000    1300767.279498386895
          0.145000000000    1267242.687518533552
          0.146000000000    1235358.132341668708
          0.147000000000    1205035.042615571991
          0.148000000000    1176197.966204213444
          0.149000000000    1148774.368041042238
          0.150000000000    1122694.453246416058
          0.151000000000    1097891.013601743383
          0.152000000000    1074299.295452806167
          0.153000000000    1051856.887112322031
          0.154000000000    1030503.623846209375
          0.155000000000    1010181.508557337453
          0.156000000000     990834.646323981928
          0.157000000000     972409.191006054520
          0.158000000000     954853.302199175814
          0.159000000000     938117.110893456498
          0.160000000000     922152.692278857110
          0.161000000000     906914.044231247739
          0.162000000000     892357.070111007779
          0.163000000000     878439.564608272165
          0.164000000000     865121.201474363217
          0.165000000000     852363.522086257231
          0.166000000000     840129.923899394460
          0.167000000000     828385.647952158703
          0.168000000000     817097.764692503028
          0.169000000000     806235.157502239686
          0.170000000000     795768.503396728891
          0.171000000000     785670.250476483023
          0.172000000000     775914.591801747330
          0.173000000000     766477.435450915247
          0.174000000000     757336.370608343277
          0.175000000000     748470.629606101313
          0.176000000000     739861.045917388285
          0.177000000000     731490.008166340180
          0.178000000000     723341.410279644420
          0.179000000000     715400.597959731473
          0.180000000000     707654.311707229004
          0.181000000000     700090.626661905088
          0.182000000000     692698.889566615573
          0.183000000000     685469.653187962249
          0.184000000000     678394.608550550882
          0.185000000000     671466.515359370271
          0.186000000000     664679.130996896303
          0.187000000000     658027.138488614350
          0.188000000000     651506.073832914815
          0.189000000000     645112.253089146339
          0.190000000000     638842.699611501303
          0.191000000000     632695.071806467837
          0.192000000000     626667.591778455651
          0.193000000000     620758.975212251768
          0.194000000000     614968.362822279683
          0.195000000000     609295.253678079345
          0.196000000000     603739.440692914068
          0.197000000000     598300.948538596975
          0.198000000000     592979.974224708625
          0.199000000000     587776.830554753775
          0.200000000000     582691.892645685235
          0.201000000000     577725.547671024106
          0.202000000000     572878.147961684852
          0.203000000000     568149.967572768452
          0.204000000000     563541.162399456138
          0.205000000000     559051.733900596038
          0.206000000000     554681.496464987984
          0.207000000000     550430.048432940734
          0.208000000000     546296.746764203417
          0.209000000000     542280.685323341633
          0.210000000000     538380.676734865061
          0.211000000000     534595.237742969417
          0.212000000000     530922.577994813328
          0.213000000000     527360.592151689110
          0.214000000000     523906.855219301069
          0.215000000000     520558.620976639620
          0.216000000000     517312.823372596700
          0.217000000000     514166.080750422203
          0.218000000000     511114.702752422832
          0.219000000000     508154.699750728672
          0.220000000000     505281.794644664449
          0.221000000000     502491.436860956659
          0.222000000000     499778.818389753695
          0.223000000000     497138.891687153897
          0.224000000000     494566.389273480454
          0.225000000000     492055.844855906616
          0.226000000000     489601.615804080095
          0.227000000000     487197.906808194064
          0.228000000000     484838.794550173043
          0.229000000000     482518.253220585233
          0.230000000000     480230.180716135423
          0.231000000000     477968.425355356012
          0.232000000000     475726.812953230576
          0.233000000000     473499.174098915420
          0.234000000000     471279.371484472882
          0.235000000000     469061.327136560692
          0.236000000000     466839.049407279585
          0.237000000000     464606.659584899899
          0.238000000000     462358.417989897134
          0.239000000000     460088.749426678522
          0.240000000000     457792.267866524810
          0.241000000000     455463.800242614991
          0.242000000000     453098.409243565286
          0.243000000000     450691.414997697575
          0.244000000000     448238.415546218283
          0.245000000000     445735.306009704538
          0.246000000000     443178.296358744672
          0.247000000000     440563.927706214366
          0.248000000000     437889.087045600230
          0.249000000000     435151.020366913115
          0.250000000000     432347.344089104561
          0.251000000000     429476.054755510704
          0.252000000000     426535.536946723529
          0.253000000000     423524.569373280217
          0.254000000000     420442.329118908965
          0.255000000000     417288.394013475685
          0.256000000000     414062.743123426451
          0.257000000000     410765.755356292939
          0.258000000000     407398.206184711889
          0.259000000000     403961.262504388171
          0.260000000000     400456.475649475178
          0.261000000000     396885.772597818403
          0.262000000000     393251.445407582622
          0.263000000000     389556.138935621304
          0.264000000000     385802.836896782217
          0.265000000000     381994.846331919951
          0.266000000000     378135.780560765415
          0.267000000000     374229.540703877748
          0.268000000000     370280.295865676715
          0.269000000000     366292.462077855889
          0.270000000000     362270.680109446053
          0.271000000000     358219.792256151792
          0.272000000000     354144.818227493903
          0.273000000000     350050.930255514046
          0.274000000000     345943.427553477697
          0.275000000000     341827.710256918799
          0.276000000000     337709.252982620965
          0.277000000000     333593.578143633204
          0.278000000000     329486.229160075774
          0.279000000000     325392.743706465524
          0.280000000000     321318.627136308060
          0.281000000000     317269.326224042568
          0.282000000000     313250.203362774977
          0.283000000000     309266.511353903450
          0.284000000000     305323.368921454472
          0.285000000000     301425.737079938699
          0.286000000000     297578.396479680901
          0.287000000000     293785.925847984268
          0.288000000000     290052.681638144655
          0.289000000000     286382.778991280124
          0.290000000000     282780.074108272849
          0.291000000000     279248.148120780010
          0.292000000000     275790.292541430332
          0.293000000000     272409.496363967424
          0.294000000000     269108.434874275466
          0.295000000000     265889.460223075934
          0.296000000000     262754.593800611154
          0.297000000000     259705.520442871639
          0.298000000000     256743.584488098626
          0.299000000000     253869.787691291451
          0.300000000000     251084.788993449416
