          0.001000000000  144652456.458866298199
          0.002000000000  144520129.518632560968
          0.003000000000  144299840.979392141104
          0.004000000000  143991974.644003719091
          0.005000000000  143597066.361495077610
          0.006000000000  143115802.558512806892
          0.007000000000  142549018.360342323780
          0.008000000000  141897695.308283746243
          0.009000000000  141162958.681667178869
          0.010000000000  140346074.434153318405
          0.011000000000  139448445.755379587412
          0.012000000000  138471609.270312756300
          0.013000000000  137417230.889944553375
          0.014000000000  136287101.328185319901
          0.015000000000  135083131.300933122635
          0.016000000000  133807346.424407437444
          0.017000000000  132461881.830800101161
          0.018000000000  131048976.520252063870
          0.019000000000  129570967.468987047672
          0.020000000000  128030283.514195203781
          0.021000000000  126429439.036944821477
          0.022000000000  124771027.464949265122
          0.023000000000  123057714.617530778050
          0.024000000000  121292231.915508210659
          0.025000000000  119477369.479023933411
          0.026000000000  117615969.136545002460
          0.027000000000  115710917.368365660310
          0.028000000000  113765138.207966506481
          0.029000000000  111781586.124482974410
          0.030000000000  109763238.909384682775
          0.031000000000  107713090.590175390244
          0.032000000000  105634144.393584519625
          0.033000000000  103529405.780266910791
          0.034000000000  101401875.572504803538
          0.035000000000   99254543.195792198181
          0.036000000000   97090380.054493337870
          0.037000000000   94912333.061016693711
          0.038000000000   92723318.337102204561
          0.039000000000   90526215.104933381081
          0.040000000000   88323859.784831643105
          0.041000000000   86119040.315272778273
          0.042000000000   83914490.709916278720
          0.043000000000   81712885.865228742361
          0.044000000000   79516836.631138876081
          0.045000000000   77328885.155990213156
          0.046000000000   75151500.515850856900
          0.047000000000   72987074.637017175555
          0.048000000000   70837918.519308134913
          0.049000000000   68706258.766489148140
          0.050000000000   66594234.428924046457
          0.051000000000   64503894.162284314632
          0.052000000000   62437193.704908728600
          0.053000000000   60395993.675167553127
          0.054000000000   58382057.688974820077
          0.055000000000   56397050.796391338110
          0.056000000000   54442538.235100977123
          0.057000000000   52519984.497414186597
          0.058000000000   50630752.706344634295
          0.059000000000   48776104.295267686248
          0.060000000000   46957198.984646633267
          0.061000000000   45175095.048363655806
          0.062000000000   43430749.861277475953
          0.063000000000   41725020.718783110380
          0.064000000000   40058665.918354570866
          0.065000000000   38432346.092317283154
          0.066000000000   36846625.780427813530
          0.067000000000   35301975.230227403343
          0.068000000000   33798772.412605352700
          0.069000000000   32337305.239518903196
          0.070000000000   30917773.970421254635
          0.071000000000   29540293.793604176491
          0.072000000000   28204897.568383157253
          0.073000000000   26911538.713859550655
          0.074000000000   25660094.229838147759
          0.075000000000   24450367.835416700691
          0.076000000000   23282093.210743404925
          0.077000000000   22154937.327493473887
          0.078000000000   21068503.853723894805
          0.079000000000   20022336.618935316801
          0.080000000000   19015923.125395003706
          0.081000000000   18048698.092048831284
          0.082000000000   17120047.017682235688
          0.083000000000   16229309.750360541046
          0.084000000000   15375784.050601279363
          0.085000000000   14558729.136188685894
          0.086000000000   13777369.197038818151
          0.087000000000   13030896.869054310024
          0.088000000000   12318476.656469833106
          0.089000000000   11639248.292777203023
          0.090000000000   10992330.030931459740
          0.091000000000   10376821.854168251157
          0.092000000000    9791808.599413217977
          0.093000000000    9236362.985918525606
          0.094000000000    8709548.542434591800
          0.095000000000    8210422.426893183962
          0.096000000000    7738038.133256485686
          0.097000000000    7291448.080857630819
          0.098000000000    6869706.082227234729
          0.099000000000    6471869.686061111279
          0.100000000000    6097002.392633759417
          0.101000000000    5744175.739598182961
          0.102000000000    5412471.256733321585
          0.103000000000    5100982.288800057955
          0.104000000000    4808815.686249497347
          0.105000000000    4535093.364082277752
          0.106000000000    4278953.729692159221
          0.107000000000    4039552.981032220647
          0.108000000000    3816066.276920626406
          0.109000000000    3607688.781751761213
          0.110000000000    3413636.587297084741
          0.111000000000    3233147.514667442534
          0.112000000000    3065481.799864408094
          0.113000000000    2909922.666671270505
          0.114000000000    2765776.790925018955
          0.115000000000    2632374.660468867980
          0.116000000000    2509070.835310085211
          0.117000000000    2395244.112701199949
          0.118000000000    2290297.602023847401
          0.119000000000    2193658.714484582189
          0.120000000000    2104779.072731187101
          0.121000000000    2023134.345568203134
          0.122000000000    1948224.012991025578
          0.123000000000    1879571.066771904472
          0.124000000000    1816721.651818194194
          0.125000000000    1759244.653485556366
          0.126000000000    1706731.235967557412
          0.127000000000    1658794.336799619952
          0.128000000000    1615068.122411351651
          0.129000000000    1575207.409538270440
          0.130000000000    1538887.057163703023
          0.131000000000    1505801.333505357848
          0.132000000000    1475663.262391262455
          0.133000000000    1448203.953186896397
          0.134000000000    1423171.918242344400
          0.135000000000    1400332.381625707727
          0.136000000000    1379466.582699260442
          0.137000000000    1360371.077878979733
          0.138000000000    1342857.043697828194
          0.139000000000    1326749.584070266690
          0.140000000000    1311887.044430656126
          0.141000000000    1298120.335193794919
          0.142000000000    1285312.266762164421
          0.143000000000    1273336.898083500331
          0.144000000000    1262078.900544729317
          0.145000000000    1251432.938775448594
          0.146000000000    1241303.069726707879
          0.147000000000    1231602.161190162413
          0.148000000000    1222251.330728909234
          0.149000000000    1213179.405805918155
          0.150000000000    1204322.405718888855
          0.151000000000    1195623.045782553963
          0.152000000000    1187030.264041333459
          0.153000000000    1178498.770646806341
          0.154000000000    1169988.619896583958
          0.155000000000    1161464.804803445237
          0.156000000000    1152896.873946584063
          0.157000000000    1144258.570250279037
          0.158000000000    1135527.491239406867
          0.159000000000    1126684.770235626958
          0.160000000000    1117714.777882969705
          0.161000000000    1108604.843326353468
          0.162000000000    1099344.994311172981
          0.163000000000    1089927.715426329989
          0.164000000000    1080347.723676140886
          0.165000000000    1070601.760538602713
          0.166000000000    1060688.399647547631
          0.167000000000    1050607.869224227965
          0.168000000000    1040361.888379005133
          0.169000000000    1029953.516405926319
          0.170000000000    1019387.014201033628
          0.171000000000    1008667.716949383961
          0.172000000000     997801.917244615266
          0.173000000000     986796.757828872418
          0.174000000000     975660.133168403641
          0.175000000000     964400.599111697287
          0.176000000000     953027.289911205880
          0.177000000000     941549.841926630703
          0.178000000000     929978.323366534663
          0.179000000000     918323.169465473969
          0.180000000000     906595.122535260045
          0.181000000000     894805.176371154957
          0.182000000000     882964.524536035722
          0.183000000000     871084.512087971321
          0.184000000000     859176.590358239482
          0.185000000000     847252.274427914177
          0.186000000000     835323.102990918094
          0.187000000000     823400.600330032292
          0.188000000000     811496.240169291617
          0.189000000000     799621.411201313487
          0.190000000000     787787.384121422772
          0.191000000000     776005.280031518079
          0.192000000000     764286.040105584078
          0.193000000000     752640.396435431438
          0.194000000000     741078.843999535660
          0.195000000000     729611.613719816669
          0.196000000000     718248.646590747754
          0.197000000000     706999.568882350926
          0.198000000000     695873.668433487765
          0.199000000000     684879.872064386727
          0.200000000000     674026.724147685105
          0.201000000000     663322.366385393776
          0.202000000000     652774.518845375045
          0.203000000000     642390.462315058801
          0.204000000000     632177.022032503854
          0.205000000000     622140.552855587332
          0.206000000000     612286.925929167075
          0.207000000000     602621.516907759476
          0.208000000000     593149.195787655073
          0.209000000000     583874.318397565628
          0.210000000000     574800.719591203844
          0.211000000000     565931.708178502275
          0.212000000000     557270.063624783419
          0.213000000000     548818.034539298387
          0.214000000000     540577.338966057985
          0.215000000000     532549.166481175926
          0.216000000000     524734.182091929717
          0.217000000000     517132.531923676725
          0.218000000000     509743.850671707012
          0.219000000000     502567.270786138368
          0.220000000000     495601.433349144994
          0.221000000000     488844.500595359073
          0.222000000000     482294.170018097793
          0.223000000000     475947.689996317495
          0.224000000000     469801.876869945845
          0.225000000000     463853.133384469955
          0.226000000000     458097.468419459765
          0.227000000000     452530.517910106340
          0.228000000000     447147.566865861183
          0.229000000000     441943.572385892970
          0.230000000000     436913.187567376532
          0.231000000000     432050.786199550552
          0.232000000000     427350.488134072046
          0.233000000000     422806.185220398474
          0.234000000000     418411.567693802644
          0.235000000000     414160.150903054979
          0.236000000000     410045.302264892089
          0.237000000000     406060.268332992971
          0.238000000000     402198.201870368677
          0.239000000000     398452.188815736037
          0.240000000000     394815.275036640989
          0.241000000000     391280.492764691298
          0.242000000000     387840.886611330381
          0.243000000000     384489.539066009806
          0.244000000000     381219.595382401894
          0.245000000000     378024.287762421300
          0.246000000000     374896.958752224105
          0.247000000000     371831.083769022778
          0.248000000000     368820.292682434025
          0.249000000000     365858.390379194345
          0.250000000000     362939.376245301450
          0.251000000000     360057.462505091564
          0.252000000000     357207.091362218373
          0.253000000000     354382.950893179688
          0.254000000000     351579.989649666240
          0.255000000000     348793.429931743885
          0.256000000000     346018.779699657985
          0.257000000000     343251.843097787816
          0.258000000000     340488.729570029303
          0.259000000000     337725.861551623966
          0.260000000000     334959.980728137889
          0.261000000000     332188.152857903740
          0.262000000000     329407.771159829223
          0.263000000000     326616.558273922361
          0.264000000000     323812.566807298746
          0.265000000000     320994.178483688040
          0.266000000000     318160.101919633104
          0.267000000000     315309.369055599673
          0.268000000000     312441.330275120272
          0.269000000000     309555.648249807069
          0.270000000000     306652.290552680439
          0.271000000000     303731.521086654800
          0.272000000000     300793.890379226359
          0.273000000000     297840.224798467709
          0.274000000000     294871.614749219909
          0.275000000000     291889.401911993336
          0.276000000000     288895.165590445569
          0.277000000000     285890.708236437291
          0.278000000000     282878.040224527998
          0.279000000000     279859.363950382685
          0.280000000000     276837.057329888921
          0.281000000000     273813.656777797267
          0.282000000000     270791.839746472368
          0.283000000000     267774.406906693941
          0.284000000000     264764.264053631807
          0.285000000000     261764.403821791959
          0.286000000000     258777.887293237844
          0.287000000000     255807.825583413360
          0.288000000000     252857.361488638824
          0.289000000000     249929.651278716599
          0.290000000000     247027.846717083041
          0.291000000000     244155.077389576531
          0.292000000000     241314.433421171270
          0.293000000000     238508.948657933855
          0.294000000000     235741.584389008494
          0.295000000000     233015.213680644229
          0.296000000000     230332.606391112698
          0.297000000000     227696.414931891864
          0.298000000000     225109.160836686497
          0.299000000000     222573.222195710492
          0.300000000000     220090.822008277319
