          0.001000000000  149082246.082122325897
          0.002000000000  148928772.071508556604
          0.003000000000  148673317.282204836607
          0.004000000000  148316383.478660702705
          0.005000000000  147858670.979274839163
          0.006000000000  147301076.514911979437
          0.007000000000  146644690.490288913250
          0.008000000000  145890793.659164249897
          0.009000000000  145040853.226611852646
          0.010000000000  144096518.393885463476
          0.011000000000  143059615.363609373569
          0.012000000000  141932141.825080096722
          0.013000000000  140716260.941519200802
          0.014000000000  139414294.862976461649
          0.015000000000  138028717.790406644344
          0.016000000000  136562148.618073761463
          0.017000000000  135017343.183014839888
          0.018000000000  133397186.151661396027
          0.019000000000  131704682.575002402067
          0.020000000000  129942949.144778355956
          0.021000000000  128115205.184157833457
          0.022000000000  126224763.407163828611
          0.023000000000  124275020.481755033135
          0.024000000000  122269447.431969761848
          0.025000000000  120211579.914867565036
          0.026000000000  118105008.408161073923
          0.027000000000  115953368.344453051686
          0.028000000000  113760330.227834522724
          0.029000000000  111529589.768279254436
          0.030000000000  109264858.068835869431
          0.031000000000  106969851.899962902069
          0.032000000000  104648284.094633281231
          0.033000000000  102303854.096898078918
          0.034000000000   99940238.695591673255
          0.035000000000   97561082.973670482635
          0.036000000000   95169991.502409800887
          0.037000000000   92770519.808277785778
          0.038000000000   90366166.138793051243
          0.039000000000   87960363.552083790302
          0.040000000000   85556472.353168398142
          0.041000000000   83157772.898209229112
          0.042000000000   80767458.786160856485
          0.043000000000   78388630.455337896943
          0.044000000000   76024289.200477212667
          0.045000000000   73677331.623902872205
          0.046000000000   71350544.532374233007
          0.047000000000   69046600.289188802242
          0.048000000000   66768052.629063010216
          0.049000000000   64517332.941291652620
          0.050000000000   62296747.024659372866
          0.051000000000   60108472.315589174628
          0.052000000000   57954555.589037582278
          0.053000000000   55836911.129729986191
          0.054000000000   53757319.369447752833
          0.055000000000   51717425.984264120460
          0.056000000000   49718741.443871773779
          0.057000000000   47762641.003467097878
          0.058000000000   45850365.127053402364
          0.059000000000   43983020.329515583813
          0.060000000000   42161580.423390597105
          0.061000000000   40386888.154939182103
          0.062000000000   38659657.212894044816
          0.063000000000   36980474.592143252492
          0.064000000000   35349803.293594725430
          0.065000000000   33767985.340570755303
          0.066000000000   32235245.091286238283
          0.067000000000   30751692.826299175620
          0.068000000000   29317328.589255400002
          0.069000000000   27932046.258809022605
          0.070000000000   26595637.829264596105
          0.071000000000   25307797.877274274826
          0.072000000000   24068128.191808164120
          0.073000000000   22876142.544623658061
          0.074000000000   21731271.578560568392
          0.075000000000   20632867.791199933738
          0.076000000000   19580210.591730043292
          0.077000000000   18572511.409263625741
          0.078000000000   17608918.831340495497
          0.079000000000   16688523.751923631877
          0.080000000000   15810364.508850201964
          0.081000000000   14973431.991424061358
          0.082000000000   14176674.699631446972
          0.083000000000   13419003.737314691767
          0.084000000000   12699297.722549991682
          0.085000000000   12016407.599431639537
          0.086000000000   11369161.336467714980
          0.087000000000   10756368.497826656327
          0.088000000000   10176824.674739720300
          0.089000000000    9629315.765452770516
          0.090000000000    9112622.093224130571
          0.091000000000    8625522.352979985997
          0.092000000000    8166797.378356728703
          0.093000000000    7735233.721976528876
          0.094000000000    7329627.042908700183
          0.095000000000    6948785.296367842704
          0.096000000000    6591531.721773031168
          0.097000000000    6256707.626347914338
          0.098000000000    5943174.962465618737
          0.099000000000    5649818.697935384698
          0.100000000000    5375548.979384330101
          0.101000000000    5119303.089803438634
          0.102000000000    4880047.202200992964
          0.103000000000    4656777.932132233866
          0.104000000000    4448523.692652726546
          0.105000000000    4254345.855970028788
          0.106000000000    4073339.726742334664
          0.107000000000    3904635.332593206316
          0.108000000000    3747398.037976777181
          0.109000000000    3600828.988036729861
          0.110000000000    3464165.389555653092
          0.111000000000    3336680.636488336138
          0.112000000000    3217684.287913145032
          0.113000000000    3106521.906521977857
          0.114000000000    3002574.766000472009
          0.115000000000    2905259.435828481335
          0.116000000000    2814027.252158066258
          0.117000000000    2728363.683502758387
          0.118000000000    2647787.600001185667
          0.119000000000    2571850.455001071095
          0.120000000000    2500135.387649334036
          0.121000000000    2432256.255072598346
          0.122000000000    2367856.602592403535
          0.123000000000    2306608.580243628006
          0.124000000000    2248211.813656047452
          0.125000000000    2192392.237119772471
          0.126000000000    2138900.896389214322
          0.127000000000    2087512.728489779402
          0.128000000000    2038025.325478994753
          0.129000000000    1990257.688783696853
          0.130000000000    1944048.980388131458
          0.131000000000    1899257.276788906427
          0.132000000000    1855758.331263196887
          0.133000000000    1813444.349619841902
          0.134000000000    1772222.784221217735
          0.135000000000    1732015.150679452345
          0.136000000000    1692755.871246258728
          0.137000000000    1654391.148533369647
          0.138000000000    1616877.872822380625
          0.139000000000    1580182.565850744955
          0.140000000000    1544280.363596494310
          0.141000000000    1509154.040229464881
          0.142000000000    1474793.075053048087
          0.143000000000    1441192.763928961707
          0.144000000000    1408353.376359307906
          0.145000000000    1376279.359096584842
          0.146000000000    1344978.586863715202
          0.147000000000    1314461.660493707284
          0.148000000000    1284741.252542362548
          0.149000000000    1255831.500188344624
          0.150000000000    1227747.445012813667
          0.151000000000    1200504.519046050962
          0.152000000000    1174118.076280959416
          0.153000000000    1148602.968683014857
          0.154000000000    1123973.165572903352
          0.155000000000    1100241.415121289901
          0.156000000000    1077418.946574725211
          0.157000000000    1055515.211727071786
          0.158000000000    1034537.664061262738
          0.159000000000    1014491.573911386193
          0.160000000000     995379.877934179036
          0.161000000000     977203.061131256865
          0.162000000000     959959.069628241705
          0.163000000000     943643.252393373288
          0.164000000000     928248.330065609887
          0.165000000000     913764.389059688314
          0.166000000000     900178.899122458301
          0.167000000000     887476.752529973281
          0.168000000000     875640.323137942120
          0.169000000000     864649.543527915492
          0.170000000000     854481.998527684249
          0.171000000000     845113.033425873728
          0.172000000000     836515.875246829004
          0.173000000000     828661.765502243768
          0.174000000000     821520.102889546426
          0.175000000000     815058.594463649322
          0.176000000000     809243.413867313764
          0.177000000000     804039.365266025416
          0.178000000000     799410.051694944385
          0.179000000000     795318.046588270692
          0.180000000000     791725.067324391683
          0.181000000000     788592.149683549884
          0.182000000000     785879.822177776368
          0.183000000000     783548.279275533278
          0.184000000000     781557.552605573903
          0.185000000000     779867.679285575985
          0.186000000000     778438.866581398062
          0.187000000000     777231.652161780046
          0.188000000000     776207.059271143982
          0.189000000000     775326.746199749876
          0.190000000000     774553.149485562579
          0.191000000000     773849.620336128050
          0.192000000000     773180.553811173420
          0.193000000000     772511.510357705993
          0.194000000000     771809.329339189338
          0.195000000000     771042.234248691937
          0.196000000000     770179.929343029740
          0.197000000000     769193.687480709865
          0.198000000000     768056.428991012159
          0.199000000000     766742.791444906499
          0.200000000000     765229.190240606200
          0.201000000000     763493.869957569055
          0.202000000000     761516.946472499403
          0.203000000000     759280.439869682654
          0.204000000000     756768.298215391813
          0.205000000000     753966.412302579382
          0.206000000000     750862.621507236850
          0.207000000000     747446.710931836627
          0.208000000000     743710.400044049718
          0.209000000000     739647.323050492094
          0.210000000000     735253.001275403425
          0.211000000000     730524.807843007031
          0.212000000000     725461.924989654101
          0.213000000000     720065.294357658480
          0.214000000000     714337.560647025355
          0.215000000000     708283.009023699327
          0.216000000000     701907.496703856857
          0.217000000000     695218.379152568174
          0.218000000000     688224.431352161686
          0.219000000000     680935.764610560029
          0.220000000000     673363.739392690244
          0.221000000000     665520.874668675940
          0.222000000000     657420.754281009315
          0.223000000000     649077.930838898523
          0.224000000000     640507.827651783824
          0.225000000000     631726.639215365169
          0.226000000000     622751.230762352585
          0.227000000000     613599.037386653363
          0.228000000000     604287.963243753649
          0.229000000000     594836.281321618706
          0.230000000000     585262.534265683964
          0.231000000000     575585.436728291446
          0.232000000000     565823.779697502614
          0.233000000000     555996.337242500740
          0.234000000000     546121.776092960848
          0.235000000000     536218.568447922240
          0.236000000000     526304.908385836869
          0.237000000000     516398.632221945911
          0.238000000000     506517.143131916469
          0.239000000000     496677.340331909945
          0.240000000000     486895.553075298551
          0.241000000000     477187.479695061571
          0.242000000000     467568.131888812874
          0.243000000000     458051.784410557942
          0.244000000000     448651.930299918808
          0.245000000000     439381.241745781037
          0.246000000000     430251.536647543428
          0.247000000000     421273.750903298438
          0.248000000000     412457.916420843801
          0.249000000000     403813.144814439758
          0.250000000000     395347.616717936704
          0.251000000000     387068.576613558515
          0.252000000000     378982.333045361331
          0.253000000000     371094.264057407971
          0.254000000000     363408.827669194492
          0.255000000000     355929.577174974896
          0.256000000000     348659.181029517495
          0.257000000000     341599.447060642997
          0.258000000000     334751.350728736899
          0.259000000000     328115.067135417485
          0.260000000000     321690.006467794417
          0.261000000000     315474.852551277319
          0.262000000000     309467.604172846128
          0.263000000000     303665.618828022911
          0.264000000000     298065.658538549556
          0.265000000000     292663.937384013145
          0.266000000000     287456.170389303705
          0.267000000000     282437.623410804896
          0.268000000000     277603.163667668763
          0.269000000000     272947.310570149508
          0.270000000000     268464.286504899617
          0.271000000000     264148.067247115250
          0.272000000000     259992.431681436981
          0.273000000000     255991.010527371487
          0.274000000000     252137.333780676825
          0.275000000000     248424.876599350391
          0.276000000000     244847.103381569672
          0.277000000000     241397.509802910732
          0.278000000000     238069.662601245043
          0.279000000000     234857.236919777060
          0.280000000000     231754.051041463390
          0.281000000000     228754.098371458473
          0.282000000000     225851.576548030687
          0.283000000000     223040.913586377515
          0.284000000000     220316.790983872663
          0.285000000000     217674.163739169104
          0.286000000000     215108.277261224895
          0.287000000000     212614.681167475472
          0.288000000000     210189.239992892282
          0.289000000000     207828.140853433375
          0.290000000000     205527.898128215136
          0.291000000000     203285.355244512029
          0.292000000000     201097.683668311569
          0.293000000000     198962.379220473376
          0.294000000000     196877.255854489515
          0.295000000000     194840.437046355713
          0.296000000000     192850.344959997310
          0.297000000000     190905.687563080632
          0.298000000000     189005.443877783167
          0.299000000000     187148.847559144779
          0.300000000000     185335.369000043633
