          0.001000000000  145816681.022399485111
          0.002000000000  145678186.337826073170
          0.003000000000  145447639.018572211266
          0.004000000000  145125453.983128726482
          0.005000000000  144712210.492306917906
          0.006000000000  144208650.531288951635
          0.007000000000  143615676.739534139633
          0.008000000000  142934349.896085023880
          0.009000000000  142165885.969421088696
          0.010000000000  141311652.742577612400
          0.011000000000  140373166.025754332542
          0.012000000000  139352085.470133125782
          0.013000000000  138250209.997997969389
          0.014000000000  137069472.865627020597
          0.015000000000  135811936.376669347286
          0.016000000000  134479786.264926522970
          0.017000000000  133075325.766574993730
          0.018000000000  131600969.402882859111
          0.019000000000  130059236.495413392782
          0.020000000000  128452744.436555176973
          0.021000000000  126784201.738956034184
          0.022000000000  125056400.888092324138
          0.023000000000  123272211.022738918662
          0.024000000000  121434570.468557536602
          0.025000000000  119546479.150338783860
          0.026000000000  117610990.908677443862
          0.027000000000  115631205.746981829405
          0.028000000000  113610262.034720063210
          0.029000000000  111551328.692743763328
          0.030000000000  109457597.386311218143
          0.031000000000  107332274.751160204411
          0.032000000000  105178574.677581697702
          0.033000000000  102999710.676941663027
          0.034000000000  100798888.354537919164
          0.035000000000   98579298.011989593506
          0.036000000000   96344107.401594549417
          0.037000000000   94096454.654255315661
          0.038000000000   91839441.401646405458
          0.039000000000   89576126.112310364842
          0.040000000000   87309517.660297408700
          0.041000000000   85042569.143847718835
          0.042000000000   82778171.970443010330
          0.043000000000   80519150.223309144378
          0.044000000000   78268255.323185995221
          0.045000000000   76028160.997883081436
          0.046000000000   73801458.570764437318
          0.047000000000   71590652.577974840999
          0.048000000000   69398156.722802087665
          0.049000000000   67226290.174194321036
          0.050000000000   65077274.215032979846
          0.051000000000   62953229.244356565177
          0.052000000000   60856172.136347390711
          0.053000000000   58788013.957493394613
          0.054000000000   56750558.041976504028
          0.055000000000   54745498.424001261592
          0.056000000000   52774418.624466128647
          0.057000000000   50838790.788095094264
          0.058000000000   48939975.165928535163
          0.059000000000   47079219.936869651079
          0.060000000000   45257661.360848426819
          0.061000000000   43476324.255084261298
          0.062000000000   41736122.783892095089
          0.063000000000   40037861.551519930363
          0.064000000000   38382236.986600801349
          0.065000000000   36769839.005967184901
          0.066000000000   35201152.944816395640
          0.067000000000   33676561.739518657327
          0.068000000000   32196348.348744526505
          0.069000000000   30760698.398041553795
          0.070000000000   29369703.032523501664
          0.071000000000   28023361.961938798428
          0.072000000000   26721586.682073999196
          0.073000000000   25464203.856199245900
          0.074000000000   24250958.840101242065
          0.075000000000   23081519.334155436605
          0.076000000000   21955479.145867157727
          0.077000000000   20872362.046364106238
          0.078000000000   19831625.704441491514
          0.079000000000   18832665.681946031749
          0.080000000000   17874819.474536750466
          0.081000000000   16957370.582170065492
          0.082000000000   16079552.594026913866
          0.083000000000   15240553.273022888228
          0.084000000000   14439518.625517601147
          0.085000000000   13675556.942364636809
          0.086000000000   12947742.798006372526
          0.087000000000   12255120.994929663837
          0.088000000000   11596710.441438490525
          0.089000000000   10971507.951376194134
          0.090000000000   10378491.955132892355
          0.091000000000    9816626.112000105903
          0.092000000000    9284862.814682569355
          0.093000000000    8782146.577537337318
          0.094000000000    8307417.300885830075
          0.095000000000    7859613.404524220154
          0.096000000000    7437674.824342097156
          0.097000000000    7040545.866744191386
          0.098000000000    6667177.916348985396
          0.099000000000    6316531.993211061694
          0.100000000000    5987581.156574938446
          0.101000000000    5679312.752914757468
          0.102000000000    5390730.506744208746
          0.103000000000    5120856.453389020637
          0.104000000000    4868732.713600995950
          0.105000000000    4633423.110552178696
          0.106000000000    4414014.630380410701
          0.107000000000    4209618.728059626184
          0.108000000000    4019372.480938704684
          0.109000000000    3842439.592830066103
          0.110000000000    3678011.252031005453
          0.111000000000    3525306.847127540968
          0.112000000000    3383574.544859616552
          0.113000000000    3252091.734718556982
          0.114000000000    3130165.345301329158
          0.115000000000    3017132.037761624902
          0.116000000000    2912358.281975128688
          0.117000000000    2815240.321274854708
          0.118000000000    2725204.031813842710
          0.119000000000    2641704.682776129339
          0.120000000000    2564226.603784192353
          0.121000000000    2492282.765942498110
          0.122000000000    2425414.283013800159
          0.123000000000    2363189.839248221833
          0.124000000000    2305205.050376542844
          0.125000000000    2251081.764239679556
          0.126000000000    2200467.307458187453
          0.127000000000    2153033.684449350461
          0.128000000000    2108476.734978031367
          0.129000000000    2066515.256281835493
          0.130000000000    2026890.095643404173
          0.131000000000    1989363.219094752334
          0.132000000000    1953716.761732640211
          0.133000000000    1919752.064901172649
          0.134000000000    1887288.705261242343
          0.135000000000    1856163.520516937133
          0.136000000000    1826229.636309280293
          0.137000000000    1797355.498519187327
          0.138000000000    1769423.914946185658
          0.139000000000    1742331.110049367882
          0.140000000000    1715985.796153407311
          0.141000000000    1690308.264237591764
          0.142000000000    1665229.497140842723
          0.143000000000    1640690.307732395828
          0.144000000000    1616640.504317503655
          0.145000000000    1593038.085271787364
          0.146000000000    1569848.464627569309
          0.147000000000    1547043.730072407052
          0.148000000000    1524601.934564483585
          0.149000000000    1502506.422523353249
          0.150000000000    1480745.191317586927
          0.151000000000    1459310.288545002695
          0.152000000000    1438197.245386131573
          0.153000000000    1417404.546108456561
          0.154000000000    1396933.133608170319
          0.155000000000    1376785.950697834603
          0.156000000000    1356967.516682928428
          0.157000000000    1337483.538617978571
          0.158000000000    1318340.556493709795
          0.159000000000    1299545.621480535716
          0.160000000000    1281106.006240853807
          0.161000000000    1263028.946222322760
          0.162000000000    1245321.410757079953
          0.163000000000    1227989.902716760989
          0.164000000000    1211040.285410293844
          0.165000000000    1194477.635360165965
          0.166000000000    1178306.119552781107
          0.167000000000    1162528.895729122218
          0.168000000000    1147148.034262962407
          0.169000000000    1132164.460163974902
          0.170000000000    1117577.913742964156
          0.171000000000    1103386.928484011674
          0.172000000000    1089588.824684330728
          0.173000000000    1076179.717445298564
          0.174000000000    1063154.537627645070
          0.175000000000    1050507.064419106813
          0.176000000000    1038229.968203355325
          0.177000000000    1026314.862464285805
          0.178000000000    1014752.363508917624
          0.179000000000    1003532.156844793702
          0.180000000000     992643.069103330607
          0.181000000000     982073.144458194380
          0.182000000000     971809.724547455902
          0.183000000000     961839.530968853389
          0.184000000000     952148.749479200691
          0.185000000000     942723.115090629552
          0.186000000000     933547.997318253969
          0.187000000000     924608.484894970083
          0.188000000000     915889.469329593354
          0.189000000000     907375.726743779611
          0.190000000000     899051.997480948572
          0.191000000000     890903.063036635867
          0.192000000000     882913.819913832471
          0.193000000000     875069.350059020799
          0.194000000000     867354.987584473449
          0.195000000000     859756.381529802456
          0.196000000000     852259.554460774292
          0.197000000000     844850.956745784031
          0.198000000000     837517.516390213044
          0.199000000000     830246.684346060618
          0.200000000000     823026.475248810835
          0.201000000000     815845.503565377439
          0.202000000000     808693.015166394529
          0.203000000000     801558.914362888318
          0.204000000000     794433.786471754662
          0.205000000000     787308.915996503900
          0.206000000000     780176.300529315136
          0.207000000000     773028.660498108366
          0.208000000000     765859.444897636771
          0.209000000000     758662.833157115267
          0.210000000000     751433.733308472671
          0.211000000000     744167.776629156317
          0.212000000000     736861.308941637632
          0.213000000000     729511.378758468200
          0.214000000000     722115.722467074986
          0.215000000000     714672.746752441511
          0.216000000000     707181.508458775934
          0.217000000000     699641.692092941492
          0.218000000000     692053.585173339117
          0.219000000000     684418.051627762616
          0.220000000000     676736.503442967543
          0.221000000000     669010.870767062763
          0.222000000000     661243.570663628518
          0.223000000000     653437.474713711883
          0.224000000000     645595.875658480101
          0.225000000000     637722.453271613456
          0.226000000000     629821.239646267029
          0.227000000000     621896.584076967556
          0.228000000000     613953.117711806786
          0.229000000000     605995.718145167921
          0.230000000000     598029.474115688005
          0.231000000000     590059.650468385662
          0.232000000000     582091.653533890378
          0.233000000000     574130.997071410180
          0.234000000000     566183.268915613764
          0.235000000000     558254.098460851936
          0.236000000000     550349.125109223416
          0.237000000000     542473.967801799183
          0.238000000000     534634.195744999219
          0.239000000000     526835.300436477177
          0.240000000000     519082.669087116141
          0.241000000000     511381.559527757578
          0.242000000000     503737.076681100123
          0.243000000000     496154.150670848554
          0.244000000000     488637.516631670413
          0.245000000000     481191.696274833579
          0.246000000000     473820.981255566410
          0.247000000000     466529.418379230599
          0.248000000000     459320.796674363024
          0.249000000000     452198.636351494351
          0.250000000000     445166.179657492379
          0.251000000000     438226.383626007591
          0.252000000000     431381.914715375169
          0.253000000000     424635.145316272276
          0.254000000000     417988.152102348104
          0.255000000000     411442.716188175022
          0.256000000000     405000.325050136540
          0.257000000000     398662.176157373295
          0.258000000000     392429.182251635415
          0.259000000000     386301.978206983651
          0.260000000000     380280.929392682796
          0.261000000000     374366.141455423262
          0.262000000000     368557.471430283622
          0.263000000000     362854.540083562431
          0.264000000000     357256.745384871494
          0.265000000000     351763.277000706061
          0.266000000000     346373.131697106233
          0.267000000000     341085.129535120446
          0.268000000000     335897.930739449803
          0.269000000000     330810.053118099400
          0.270000000000     325819.889908934478
          0.271000000000     320925.727927948115
          0.272000000000     316125.765893567936
          0.273000000000     311418.132801726169
          0.274000000000     306800.906227465719
          0.275000000000     302272.130430740071
          0.276000000000     297829.834146614710
          0.277000000000     293472.047943432292
          0.278000000000     289196.821036525595
          0.279000000000     285002.237449764914
          0.280000000000     280886.431422663620
          0.281000000000     276847.601966741902
          0.282000000000     272884.026481453271
          0.283000000000     268994.073347180965
          0.284000000000     265176.213420415530
          0.285000000000     261429.030364360427
          0.286000000000     257751.229756727000
          0.287000000000     254141.646925311623
          0.288000000000     250599.253471077856
          0.289000000000     247123.162447825307
          0.290000000000     243712.632177006861
          0.291000000000     240367.068685870763
          0.292000000000     237086.026766693976
          0.293000000000     233869.209664464404
          0.294000000000     230716.467409815901
          0.295000000000     227627.793823333108
          0.296000000000     224603.322226369404
          0.297000000000     221643.319902302697
          0.298000000000     218748.181360530347
          0.299000000000     215918.420463507995
          0.300000000000     213154.661484621232
