          0.001000000000  144245867.627191305161
          0.002000000000  144112951.545852333307
          0.003000000000  143891678.276180446148
          0.004000000000  143582427.418448656797
          0.005000000000  143185729.018321633339
          0.006000000000  142702262.177784115076
          0.007000000000  142132853.277222096920
          0.008000000000  141478473.814643919468
          0.009000000000  140740237.869309395552
          0.010000000000  139919399.198259800673
          0.011000000000  139017347.975511968136
          0.012000000000  138035607.184801787138
          0.013000000000  136975828.677939713001
          0.014000000000  135839788.911902278662
          0.015000000000  134629384.378843009472
          0.016000000000  133346626.744166448712
          0.017000000000  131993637.708737179637
          0.018000000000  130572643.612161234021
          0.019000000000  129085969.794857874513
          0.020000000000  127536034.737359061837
          0.021000000000  125925343.995940655470
          0.022000000000  124256483.954251050949
          0.023000000000  122532115.411108106375
          0.024000000000  120754967.025057315826
          0.025000000000  118927828.636631816626
          0.026000000000  117053544.489512339234
          0.027000000000  115135006.371976688504
          0.028000000000  113175146.700120300055
          0.029000000000  111176931.564374983311
          0.030000000000  109143353.760760158300
          0.031000000000  107077425.828200802207
          0.032000000000  104982173.113006323576
          0.033000000000  102860626.881332024932
          0.034000000000  100715817.500056400895
          0.035000000000   98550767.706094875932
          0.036000000000   96368485.983639910817
          0.037000000000   94171960.068253889680
          0.038000000000   91964150.596089422703
          0.039000000000   89747984.915818274021
          0.040000000000   87526351.080079421401
          0.041000000000   85302092.032445654273
          0.042000000000   83078000.005042567849
          0.043000000000   80856811.141033008695
          0.044000000000   78641200.355229333043
          0.045000000000   76433776.445104047656
          0.046000000000   74237077.463433220983
          0.047000000000   72053566.362754255533
          0.048000000000   69885626.920738637447
          0.049000000000   67735559.954479396343
          0.050000000000   65605579.830564633012
          0.051000000000   63497811.276701457798
          0.052000000000   61414286.499499782920
          0.053000000000   59356942.611907243729
          0.054000000000   57327619.372646540403
          0.055000000000   55328057.238885842264
          0.056000000000   53359895.732268206775
          0.057000000000   51424672.117323324084
          0.058000000000   49523820.390219151974
          0.059000000000   47658670.574767492712
          0.060000000000   45830448.321570679545
          0.061000000000   44040274.805218376219
          0.062000000000   42289166.913498118520
          0.063000000000   40578037.721663802862
          0.064000000000   38907697.243955247104
          0.065000000000   37278853.453729152679
          0.066000000000   35692113.562798291445
          0.067000000000   34147985.549853421748
          0.068000000000   32646879.927170831710
          0.069000000000   31189111.734199613333
          0.070000000000   29774902.746065136045
          0.071000000000   28404383.884520709515
          0.072000000000   27077597.818445667624
          0.073000000000   25794501.740600574762
          0.074000000000   24554970.307032205164
          0.075000000000   23358798.725254982710
          0.076000000000   22205705.977137494832
          0.077000000000   21095338.162278715521
          0.078000000000   20027271.947571795434
          0.079000000000   19001018.108634117991
          0.080000000000   18016025.148807313293
          0.081000000000   17071682.981522798538
          0.082000000000   16167326.661967398599
          0.083000000000   15302240.154177747667
          0.084000000000   14475660.119936415926
          0.085000000000   13686779.716136142612
          0.086000000000   12934752.387614171952
          0.087000000000   12218695.642843632028
          0.088000000000   11537694.800289094448
          0.089000000000   10890806.693695779890
          0.090000000000   10277063.325076842681
          0.091000000000    9695475.454690724611
          0.092000000000    9145036.117860106751
          0.093000000000    8624724.059064447880
          0.094000000000    8133507.074346613139
          0.095000000000    7670345.253698617220
          0.096000000000    7234194.115734793246
          0.097000000000    6824007.627615831792
          0.098000000000    6438741.103852909990
          0.099000000000    6077353.978294115514
          0.100000000000    5738812.444271123037
          0.101000000000    5422091.958561464213
          0.102000000000    5126179.605496547185
          0.103000000000    4850076.318214386702
          0.104000000000    4592798.954718031920
          0.105000000000    4353382.227051108144
          0.106000000000    4130880.482538683806
          0.107000000000    3924369.336663736496
          0.108000000000    3732947.157752230298
          0.109000000000    3555736.404222897254
          0.110000000000    3391884.815718371887
          0.111000000000    3240566.459970641416
          0.112000000000    3100982.637764127459
          0.113000000000    2972362.648842662107
          0.114000000000    2853964.422060846817
          0.115000000000    2745075.013504248112
          0.116000000000    2645010.976696131285
          0.117000000000    2553118.609369663056
          0.118000000000    2468774.081613430753
          0.119000000000    2391383.450493724551
          0.120000000000    2320382.566519873682
          0.121000000000    2255236.877547936048
          0.122000000000    2195441.135913833510
          0.123000000000    2140519.014749684371
          0.124000000000    2090022.639566869708
          0.125000000000    2043532.041286688996
          0.126000000000    2000654.536965437699
          0.127000000000    1961024.044495313894
          0.128000000000    1924300.337567613227
          0.129000000000    1890168.247160375817
          0.130000000000    1858336.815760719590
          0.131000000000    1828538.410453502089
          0.132000000000    1800527.800904044881
          0.133000000000    1774081.208134999266
          0.134000000000    1748995.329847302753
          0.135000000000    1725086.347864303505
          0.136000000000    1702188.923088068375
          0.137000000000    1680155.183149195975
          0.138000000000    1658853.707708053524
          0.139000000000    1638168.516127529554
          0.140000000000    1617998.061987565598
          0.141000000000    1598254.238650609506
          0.142000000000    1578861.399817677913
          0.143000000000    1559755.398737422656
          0.144000000000    1540882.649448097451
          0.145000000000    1522199.213145739166
          0.146000000000    1503669.912482888205
          0.147000000000    1485267.476312814280
          0.148000000000    1466971.717105087824
          0.149000000000    1448768.742971953005
          0.150000000000    1430650.205961978994
          0.151000000000    1412612.587999386247
          0.152000000000    1394656.525575762615
          0.153000000000    1376786.174036487006
          0.154000000000    1359008.612048178213
          0.155000000000    1341333.286587109556
          0.156000000000    1323771.498552398290
          0.157000000000    1306335.928882897831
          0.158000000000    1289040.204843776999
          0.159000000000    1271898.505948367994
          0.160000000000    1254925.208793500671
          0.161000000000    1238134.569912872277
          0.162000000000    1221540.445593038108
          0.163000000000    1205156.047450990882
          0.164000000000    1188993.732440857682
          0.165000000000    1173064.825840343023
          0.166000000000    1157379.475665011909
          0.167000000000    1141946.536870323587
          0.168000000000    1126773.483627309557
          0.169000000000    1111866.347897829255
          0.170000000000    1097229.682488820981
          0.171000000000    1082866.546731964219
          0.172000000000    1068778.512914926512
          0.173000000000    1054965.691582299303
          0.174000000000    1041426.773828528007
          0.175000000000    1028159.088720105821
          0.176000000000    1015158.674010201357
          0.177000000000    1002420.358344577020
          0.178000000000     989937.853202738916
          0.179000000000     977703.852871683892
          0.180000000000     965710.140811095829
          0.181000000000     953947.700837092707
          0.182000000000     942406.831626410945
          0.183000000000     931077.263122995733
          0.184000000000     919948.273513985914
          0.185000000000     909008.805530876154
          0.186000000000     898247.580923824338
          0.187000000000     887653.212051617331
          0.188000000000     877214.309626167524
          0.189000000000     866919.585747737554
          0.190000000000     856757.951464891899
          0.191000000000     846718.608190555475
          0.192000000000     836791.132402090356
          0.193000000000     826965.553148344043
          0.194000000000     817232.421979552135
          0.195000000000     807582.875006360468
          0.196000000000     798008.686881562462
          0.197000000000     788502.316581973108
          0.198000000000     779056.944947829121
          0.199000000000     769666.504012797959
          0.200000000000     760325.698228887864
          0.201000000000     751030.017756859888
          0.202000000000     741775.744054175098
          0.203000000000     732559.948048539227
          0.204000000000     723380.481235990883
          0.205000000000     714235.960087778745
          0.206000000000     705125.744190198369
          0.207000000000     696049.908575873473
          0.208000000000     687009.210733919987
          0.209000000000     678005.052809875691
          0.210000000000     669039.439524448593
          0.211000000000     660114.932353111217
          0.212000000000     651234.600516460720
          0.213000000000     642401.969334391411
          0.214000000000     633620.966495492030
          0.215000000000     624895.866787164006
          0.216000000000     616231.235821758979
          0.217000000000     607631.873280045809
          0.218000000000     599102.756175703020
          0.219000000000     590648.982623568852
          0.220000000000     582275.716570525197
          0.221000000000     573988.133921275265
          0.222000000000     565791.370462353225
          0.223000000000     557690.471956781927
          0.224000000000     549690.346749095595
          0.225000000000     541795.721186490846
          0.226000000000     534011.098126763362
          0.227000000000     526340.718767880462
          0.228000000000     518788.527997855446
          0.229000000000     511358.143427159230
          0.230000000000     504052.828229759703
          0.231000000000     496875.467883053410
          0.232000000000     489828.550861871394
          0.233000000000     482914.153307551984
          0.234000000000     476133.927660093177
          0.235000000000     469489.095209663967
          0.236000000000     462980.442493718874
          0.237000000000     456608.321437521314
          0.238000000000     450372.653109367471
          0.239000000000     444272.934937297308
          0.240000000000     438308.251211679657
          0.241000000000     432477.286677825090
          0.242000000000     426778.343004915514
          0.243000000000     421209.357901878073
          0.244000000000     415767.926637666591
          0.245000000000     410451.325712490361
          0.246000000000     405256.538418083976
          0.247000000000     400180.282018952304
          0.248000000000     395219.036282685527
          0.249000000000     390369.073085869662
          0.250000000000     385626.486822714622
          0.251000000000     380987.225346232706
          0.252000000000     376447.121176524030
          0.253000000000     372001.922717310605
          0.254000000000     367647.325230302231
          0.255000000000     363379.001326986181
          0.256000000000     359192.630749045231
          0.257000000000     355083.929221544240
          0.258000000000     351048.676177233050
          0.259000000000     347082.741165588202
          0.260000000000     343182.108776447014
          0.261000000000     339342.901925051061
          0.262000000000     335561.403362976096
          0.263000000000     331834.075297491276
          0.264000000000     328157.577020310797
          0.265000000000     324528.780465264164
          0.266000000000     320944.783633056330
          0.267000000000     317402.921839724004
          0.268000000000     313900.776763662579
          0.269000000000     310436.183283955324
          0.270000000000     307007.234120064590
          0.271000000000     303612.282299696992
          0.272000000000     300249.941497682477
          0.273000000000     296919.084303865093
          0.274000000000     293618.838492329000
          0.275000000000     290348.581377581228
          0.276000000000     287107.932355547557
          0.277000000000     283896.743738405698
          0.278000000000     280715.090002239798
          0.279000000000     277563.255575322371
          0.280000000000     274441.721302336373
          0.281000000000     271351.149726225063
          0.282000000000     268292.369334383344
          0.283000000000     265266.357919731585
          0.284000000000     262274.225209779164
          0.285000000000     259317.194918142806
          0.286000000000     256396.586373114784
          0.287000000000     253513.795876892254
          0.288000000000     250670.277946924674
          0.289000000000     247867.526587651664
          0.290000000000     245107.056736679282
          0.291000000000     242390.386024281790
          0.292000000000     239719.016979045002
          0.293000000000     237094.419805604470
          0.294000000000     234518.015852808312
          0.295000000000     231991.161882333807
          0.296000000000     229515.135238952964
          0.297000000000     227091.120014209388
          0.298000000000     224720.194285530393
          0.299000000000     222403.318502603826
          0.300000000000     220141.325082501135
