          0.001000000000  141476650.599157750607
          0.002000000000  141355908.729240506887
          0.003000000000  141154888.600777238607
          0.004000000000  140873914.124696522951
          0.005000000000  140513437.635894328356
          0.006000000000  140074038.757339835167
          0.007000000000  139556422.946054637432
          0.008000000000  138961419.725759238005
          0.009000000000  138289980.611972987652
          0.010000000000  137543176.736386358738
          0.011000000000  136722196.178273469210
          0.012000000000  135828341.011673629284
          0.013000000000  134863024.077963322401
          0.014000000000  133827765.494325891137
          0.015000000000  132724188.909439936280
          0.016000000000  131554017.518514707685
          0.017000000000  130319069.850507080555
          0.018000000000  129021255.341077938676
          0.019000000000  127662569.705449387431
          0.020000000000  126245090.125929072499
          0.021000000000  124770970.269373849034
          0.022000000000  123242435.150338545442
          0.023000000000  121661775.856059744954
          0.024000000000  120031344.149766311049
          0.025000000000  118353546.969084843993
          0.026000000000  116630840.836532339454
          0.027000000000  114865726.199241325259
          0.028000000000  113060741.715143918991
          0.029000000000  111218458.502881512046
          0.030000000000  109341474.372657433152
          0.031000000000  107432408.055156797171
          0.032000000000  105493893.445496097207
          0.033000000000  103528573.878938883543
          0.034000000000  101539096.454835146666
          0.035000000000   99528106.424908459187
          0.036000000000   97498241.661609306931
          0.037000000000   95452127.221812844276
          0.038000000000   93392370.020642384887
          0.039000000000   91321553.629642933607
          0.040000000000   89242233.212945759296
          0.041000000000   87156930.614418804646
          0.042000000000   85068129.608130499721
          0.043000000000   82978271.323726743460
          0.044000000000   80889749.857596918941
          0.045000000000   78804908.079894259572
          0.046000000000   76726033.646706163883
          0.047000000000   74655355.225818127394
          0.048000000000   72595038.943677932024
          0.049000000000   70547185.060304090381
          0.050000000000   68513824.878006368876
          0.051000000000   66496917.888902269304
          0.052000000000   64498349.165326923132
          0.053000000000   62519926.996345147491
          0.054000000000   60563380.772685430944
          0.055000000000   58630359.121536351740
          0.056000000000   56722428.291780188680
          0.057000000000   54841070.789365760982
          0.058000000000   52987684.261703535914
          0.059000000000   51163580.629118390381
          0.060000000000   49369985.460615329444
          0.061000000000   47608037.590427033603
          0.062000000000   45878788.971070222557
          0.063000000000   44183204.757917307317
          0.064000000000   42522163.619612745941
          0.065000000000   40896458.268005132675
          0.066000000000   39306796.200664959848
          0.067000000000   37753800.648478038609
          0.068000000000   36238011.720274150372
          0.069000000000   34759887.735961563885
          0.070000000000   33319806.739190433174
          0.071000000000   31918068.180161617696
          0.072000000000   30554894.758842833340
          0.073000000000   29230434.418539907783
          0.074000000000   27944762.479499634355
          0.075000000000   26697883.902004517615
          0.076000000000   25489735.668238386512
          0.077000000000   24320189.272075060755
          0.078000000000   23189053.305851973593
          0.079000000000   22096076.133154194802
          0.080000000000   21040948.636631593108
          0.081000000000   20023307.029917668551
          0.082000000000   19042735.722804822028
          0.083000000000   18098770.228954672813
          0.084000000000   17190900.105585739017
          0.085000000000   16318571.914780847728
          0.086000000000   15481192.196292376146
          0.087000000000   14678130.441991614178
          0.088000000000   13908722.062405275181
          0.089000000000   13172271.336114417762
          0.090000000000   12468054.333142323419
          0.091000000000   11795321.803839527071
          0.092000000000   11153302.025174951181
          0.093000000000   10541203.596764536574
          0.094000000000    9958218.179407520220
          0.095000000000    9403523.169356249273
          0.096000000000    8876284.302010986954
          0.097000000000    8375658.179211088456
          0.098000000000    7900794.714778573252
          0.099000000000    7450839.493462190032
          0.100000000000    7024936.038925378583
          0.101000000000    6622227.986917724833
          0.102000000000    6241861.160264667124
          0.103000000000    5882985.542802473530
          0.104000000000    5544757.149872527458
          0.105000000000    5226339.793468249030
          0.106000000000    4926906.740599423647
          0.107000000000    4645642.263897369616
          0.108000000000    4381743.083932797424
          0.109000000000    4134419.703150554560
          0.110000000000    3902897.631743289996
          0.111000000000    3686418.506186823361
          0.112000000000    3484241.101542449091
          0.113000000000    3295642.238994712476
          0.114000000000    3119917.590436472092
          0.115000000000    2956382.382235034369
          0.116000000000    2804372.000613833312
          0.117000000000    2663242.501361773349
          0.118000000000    2532371.026838203892
          0.119000000000    2411156.133473180234
          0.120000000000    2299018.033172004391
          0.121000000000    2195398.752218266949
          0.122000000000    2099762.211431822740
          0.123000000000    2011594.231477001915
          0.124000000000    1930402.467332225991
          0.125000000000    1855716.276025551837
          0.126000000000    1787086.521811634535
          0.127000000000    1724085.323015116621
          0.128000000000    1666305.744793864200
          0.129000000000    1613361.442083691014
          0.130000000000    1564886.256974791409
          0.131000000000    1520533.774740150664
          0.132000000000    1479976.842688525794
          0.133000000000    1442907.055950110313
          0.134000000000    1409034.214222818147
          0.135000000000    1378085.753412244841
          0.136000000000    1349806.155990051571
          0.137000000000    1323956.343774441862
          0.138000000000    1300313.056704461109
          0.139000000000    1278668.221037302865
          0.140000000000    1258828.310246575391
          0.141000000000    1240613.701740291668
          0.142000000000    1223858.032351446571
          0.143000000000    1208407.555382699240
          0.144000000000    1194120.501810789108
          0.145000000000    1180866.448077227455
          0.146000000000    1168525.692710396135
          0.147000000000    1156988.643841488753
          0.148000000000    1146155.219494121848
          0.149000000000    1135934.262345044175
          0.150000000000    1126242.970473288326
          0.151000000000    1117006.345436941599
          0.152000000000    1108156.658842296340
          0.153000000000    1099632.938399593811
          0.154000000000    1091380.474293893203
          0.155000000000    1083350.346539387945
          0.156000000000    1075498.973831210053
          0.157000000000    1067787.684261128306
          0.158000000000    1060182.308122847695
          0.159000000000    1052652.792899372289
          0.160000000000    1045172.840399451787
          0.161000000000    1037719.565892607090
          0.162000000000    1030273.178983108141
          0.163000000000    1022816.685862575541
          0.164000000000    1015335.612488569226
          0.165000000000    1007817.748153090943
          0.166000000000    1000252.908829822671
          0.167000000000     992632.719622632954
          0.168000000000     984950.415579802357
          0.169000000000     977200.660088928416
          0.170000000000     969379.380025917199
          0.171000000000     961483.616797972587
          0.172000000000     953511.392394593684
          0.173000000000     945461.589542090311
          0.174000000000     937333.845045728027
          0.175000000000     929128.455398822785
          0.176000000000     920846.293739764136
          0.177000000000     912488.737245478551
          0.178000000000     904057.604062961764
          0.179000000000     895555.098898716969
          0.180000000000     886983.766408832860
          0.181000000000     878346.451559646754
          0.182000000000     869646.266159883933
          0.183000000000     860886.560799445142
          0.184000000000     852070.901467427611
          0.185000000000     843203.050161559717
          0.186000000000     834286.948843170307
          0.187000000000     825326.706135184621
          0.188000000000     816326.586205380969
          0.189000000000     807290.999322659802
          0.190000000000     798224.493620019988
          0.191000000000     789131.747644076240
          0.192000000000     780017.563316753600
          0.193000000000     770886.858980045537
          0.194000000000     761744.662239184952
          0.195000000000     752596.102362736943
          0.196000000000     743446.402040086221
          0.197000000000     734300.868336889660
          0.198000000000     725164.882727550343
          0.199000000000     716043.890120039927
          0.200000000000     706943.386822642991
          0.201000000000     697868.907433990040
          0.202000000000     688826.010667228373
          0.203000000000     679820.264146083151
          0.204000000000     670857.228234900860
          0.205000000000     661942.438986536581
          0.206000000000     653081.390311005875
          0.207000000000     644279.515484311385
          0.208000000000     635542.168130721780
          0.209000000000     626874.602823039633
          0.210000000000     618281.955454210285
          0.211000000000     609769.223539908649
          0.212000000000     601341.246615786920
          0.213000000000     593002.686894724378
          0.214000000000     584758.010349114775
          0.215000000000     576611.468380733160
          0.216000000000     568567.080236470560
          0.217000000000     560628.616322254180
          0.218000000000     552799.582559772767
          0.219000000000     545083.205921667046
          0.220000000000     537482.421270520426
          0.221000000000     529999.859615536989
          0.222000000000     522637.837888444716
          0.223000000000     515398.350326983433
          0.224000000000     508283.061540529074
          0.225000000000     501293.301318144193
          0.226000000000     494430.061224715377
          0.227000000000     487693.993016094784
          0.228000000000     481085.408889338083
          0.229000000000     474604.283569426800
          0.230000000000     468250.258219430689
          0.231000000000     462022.646146914281
          0.232000000000     455920.440265827987
          0.233000000000     449942.322260001791
          0.234000000000     444086.673382053326
          0.235000000000     438351.586809871253
          0.236000000000     432734.881472067384
          0.237000000000     427234.117243949906
          0.238000000000     421846.611406639277
          0.239000000000     416569.456254089077
          0.240000000000     411399.537725904549
          0.241000000000     406333.554938109184
          0.242000000000     401368.040479321382
          0.243000000000     396499.381336237886
          0.244000000000     391723.840309855586
          0.245000000000     387037.577782447217
          0.246000000000     382436.673695060133
          0.247000000000     377917.149595977564
          0.248000000000     373474.990622364858
          0.249000000000     369106.167280065070
          0.250000000000     364806.656890108308
          0.251000000000     360572.464575082937
          0.252000000000     356399.643663801427
          0.253000000000     352284.315398868988
          0.254000000000     348222.687838478130
          0.255000000000     344211.073851227702
          0.256000000000     340245.908110697113
          0.257000000000     336323.763005000190
          0.258000000000     332441.363385323726
          0.259000000000     328595.600086723745
          0.260000000000     324783.542163836071
          0.261000000000     321002.447793779313
          0.262000000000     317249.773808293394
          0.263000000000     313523.183826870460
          0.264000000000     309820.554972384183
          0.265000000000     306139.983160335512
          0.266000000000     302479.786962281971
          0.267000000000     298838.510053235863
          0.268000000000     295214.922261726868
          0.269000000000     291608.019249853038
          0.270000000000     288017.020858746662
          0.271000000000     284441.368162716506
          0.272000000000     280880.719282513426
          0.273000000000     277334.944014945824
          0.274000000000     273804.117342216545
          0.275000000000     270288.511890005844
          0.276000000000     266788.589408255648
          0.277000000000     263304.991353044927
          0.278000000000     259838.528651634988
          0.279000000000     256390.170735901746
          0.280000000000     252961.033931783459
          0.281000000000     249552.369294200966
          0.282000000000     246165.549978060822
          0.283000000000     242802.058236476500
          0.284000000000     239463.472137279052
          0.285000000000     236151.452088182501
          0.286000000000     232867.727259723411
          0.287000000000     229614.081993279193
          0.288000000000     226392.342279123375
          0.289000000000     223204.362386648951
          0.290000000000     220052.011725591787
          0.291000000000     216937.162013361638
          0.292000000000     213861.674819479435
          0.293000000000     210827.389553645247
          0.294000000000     207836.111959192232
          0.295000000000     204889.603168626607
          0.296000000000     201989.569372680562
          0.297000000000     199137.652148827881
          0.298000000000     196335.419489604887
          0.299000000000     193584.357565360551
          0.300000000000     190885.863250266499
