          0.001000000000  146252341.953251332045
          0.002000000000  146110434.505538314581
          0.003000000000  145874216.695486158133
          0.004000000000  145544129.520809739828
          0.005000000000  145120788.568936586380
          0.006000000000  144604982.216018736362
          0.007000000000  143997669.323320806026
          0.008000000000  143299976.439858734608
          0.009000000000  142513194.522049129009
          0.010000000000  141638775.182983934879
          0.011000000000  140678326.485702425241
          0.012000000000  139633608.296552628279
          0.013000000000  138506527.216378778219
          0.014000000000  137299131.108809977770
          0.015000000000  136013603.246401339769
          0.016000000000  134652256.096739202738
          0.017000000000  133217524.771907940507
          0.018000000000  131711960.165839910507
          0.019000000000  130138221.805159613490
          0.020000000000  128499070.440038308501
          0.021000000000  126797360.402383193374
          0.022000000000  125036031.759401381016
          0.023000000000  123218102.291109412909
          0.024000000000  121346659.320815727115
          0.025000000000  119424851.427902877331
          0.026000000000  117455880.072415769100
          0.027000000000  115442991.161015734076
          0.028000000000  113389466.583774402738
          0.029000000000  111298615.751095727086
          0.030000000000  109173767.159703284502
          0.031000000000  107018260.016204282641
          0.032000000000  104835435.946162089705
          0.033000000000  102628630.815936878324
          0.034000000000  100401166.693764343858
          0.035000000000   98156343.975641727448
          0.036000000000   95897433.700613662601
          0.037000000000   93627670.078952699900
          0.038000000000   91350243.255563601851
          0.039000000000   89068292.329687401652
          0.040000000000   86784898.650665298104
          0.041000000000   84503079.408114209771
          0.042000000000   82225781.533440977335
          0.043000000000   79955875.928103551269
          0.044000000000   77696152.032506287098
          0.045000000000   75449312.747815504670
          0.046000000000   73217969.721409007907
          0.047000000000   71004639.005026027560
          0.048000000000   68811737.093073800206
          0.049000000000   66641577.346895240247
          0.050000000000   64496366.809187173843
          0.051000000000   62378203.411136515439
          0.052000000000   60289073.573247924447
          0.053000000000   58230850.199264578521
          0.054000000000   56205291.061058260500
          0.055000000000   54214037.570866383612
          0.056000000000   52258613.935806512833
          0.057000000000   50340426.688218757510
          0.058000000000   48460764.584040179849
          0.059000000000   46620798.860156744719
          0.060000000000   44821583.840474896133
          0.061000000000   43064057.879328846931
          0.062000000000   41349044.629790335894
          0.063000000000   39677254.623480387032
          0.064000000000   38049287.147588953376
          0.065000000000   36465632.404018044472
          0.066000000000   34926673.934841312468
          0.067000000000   33432691.297648694366
          0.068000000000   31983862.973813183606
          0.069000000000   30580269.492264874279
          0.070000000000   29221896.751001447439
          0.071000000000   27908639.518298268318
          0.072000000000   26640305.095396719873
          0.073000000000   25416617.122358586639
          0.074000000000   24237219.508762244135
          0.075000000000   23101680.470990121365
          0.076000000000   22009496.658006448299
          0.077000000000   20960097.347755759954
          0.078000000000   19952848.696609981358
          0.079000000000   18987058.024665966630
          0.080000000000   18061978.120128713548
          0.081000000000   17176811.546515606344
          0.082000000000   16330714.936968568712
          0.083000000000   15522803.260572073981
          0.084000000000   14752154.046225292608
          0.085000000000   14017811.550319140777
          0.086000000000   13318790.855201398954
          0.087000000000   12654081.886185603216
          0.088000000000   12022653.335654724389
          0.089000000000   11423456.483633782715
          0.090000000000   10855428.905043670908
          0.091000000000   10317498.054702384397
          0.092000000000    9808584.722003048286
          0.093000000000    9327606.348061615601
          0.094000000000    8873480.198996633291
          0.095000000000    8445126.389862392098
          0.096000000000    8041470.754610993899
          0.097000000000    7661447.558297466487
          0.098000000000    7304002.048566753976
          0.099000000000    6968092.844263163395
          0.100000000000    6652694.159784512594
          0.101000000000    6356797.864554713480
          0.102000000000    6079415.377714712173
          0.103000000000    5819579.398822755553
          0.104000000000    5576345.476014725864
          0.105000000000    5348793.413697264157
          0.106000000000    5136028.522431867197
          0.107000000000    4937182.714214470237
          0.108000000000    4751415.446860619821
          0.109000000000    4577914.521671601571
          0.110000000000    4415896.738980623893
          0.111000000000    4264608.416559187695
          0.112000000000    4123325.776203571353
          0.113000000000    3991355.204119349364
          0.114000000000    3868033.390977507923
          0.115000000000    3752727.357731862459
          0.116000000000    3644834.373462230898
          0.117000000000    3543781.771644677036
          0.118000000000    3449026.671348412987
          0.119000000000    3360055.609921074938
          0.120000000000    3276384.093751083594
          0.121000000000    3197556.073689550161
          0.122000000000    3123143.351675992832
          0.123000000000    3052744.925044660922
          0.124000000000    2985986.274892198853
          0.125000000000    2922518.604766146280
          0.126000000000    2862018.035788082983
          0.127000000000    2804184.764158240985
          0.128000000000    2748742.186801311094
          0.129000000000    2695436.000708734617
          0.130000000000    2644033.281312941574
          0.131000000000    2594321.544995395932
          0.132000000000    2546107.800585844554
          0.133000000000    2499217.594455681741
          0.134000000000    2453494.053547232412
          0.135000000000    2408796.930413465016
          0.136000000000    2365001.654071731493
          0.137000000000    2321998.390202792827
          0.138000000000    2279691.113952601794
          0.139000000000    2237996.698322993703
          0.140000000000    2196844.020867481362
          0.141000000000    2156173.091143477242
          0.142000000000    2115934.201111669187
          0.143000000000    2076087.100419775816
          0.144000000000    2036600.198261082172
          0.145000000000    1997449.793260176433
          0.146000000000    1958619.332608922152
          0.147000000000    1920098.701456283219
          0.148000000000    1881883.543346533552
          0.149000000000    1843974.612301937304
          0.150000000000    1806377.156958830310
          0.151000000000    1769100.336990336189
          0.152000000000    1732156.671884775395
          0.153000000000    1695561.521996477153
          0.154000000000    1659332.601645127870
          0.155000000000    1623489.523910703603
          0.156000000000    1588053.376653714105
          0.157000000000    1553046.329184434377
          0.158000000000    1518491.268909652019
          0.159000000000    1484411.467201405438
          0.160000000000    1450830.273658211576
          0.161000000000    1417770.837865459966
          0.162000000000    1385255.857707384741
          0.163000000000    1353307.353237757692
          0.164000000000    1321946.465079817688
          0.165000000000    1291193.276297419798
          0.166000000000    1261066.656658306252
          0.167000000000    1231584.128196477424
          0.168000000000    1202761.750973090529
          0.169000000000    1174614.027933724923
          0.170000000000    1147153.827763781184
          0.171000000000    1120392.324652468320
          0.172000000000    1094338.953889061464
          0.173000000000    1069001.382232175674
          0.174000000000    1044385.492013309849
          0.175000000000    1020495.377959481440
          0.176000000000     997333.355745864916
          0.177000000000     974899.981317590456
          0.178000000000     953194.080049997428
          0.179000000000     932212.784848130890
          0.180000000000     911951.582318954519
          0.181000000000     892404.366183251957
          0.182000000000     873563.497128291405
          0.183000000000     855419.868336772197
          0.184000000000     837962.975962048862
          0.185000000000     821180.993854232831
          0.186000000000     805060.851875967695
          0.187000000000     789588.317180595594
          0.188000000000     774748.077858920442
          0.189000000000     760523.828393579228
          0.190000000000     746898.356392258080
          0.191000000000     733853.630102558061
          0.192000000000     721370.886241961969
          0.193000000000     709430.717706389609
          0.194000000000     698013.160749987117
          0.195000000000     687097.781257082941
          0.196000000000     676663.759754849249
          0.197000000000     666689.974841872812
          0.198000000000     657155.084733806434
          0.199000000000     648037.606652412331
          0.200000000000     639315.993808723288
          0.201000000000     630968.709754684940
          0.202000000000     622974.299900612212
          0.203000000000     615311.460018064477
          0.204000000000     607959.101569289109
          0.205000000000     600896.413725330494
          0.206000000000     594102.921955227852
          0.207000000000     587558.543088277453
          0.208000000000     581243.636770528741
          0.209000000000     575139.053254926810
          0.210000000000     569226.177482455620
          0.211000000000     563486.969428728684
          0.212000000000     557904.000707067666
          0.213000000000     552460.487434978364
          0.214000000000     547140.319386211573
          0.215000000000     541928.085465201642
          0.216000000000     536809.095554456697
          0.217000000000     531769.398798791575
          0.218000000000     526795.798402607325
          0.219000000000     521875.863028174557
          0.220000000000     516997.934893697267
          0.221000000000     512151.134680086863
          0.222000000000     507325.363364564604
          0.223000000000     502511.301107631996
          0.224000000000     497700.403327475186
          0.225000000000     492884.894102501275
          0.226000000000     488057.757048443425
          0.227000000000     483212.723821312713
          0.228000000000     478344.260401379724
          0.229000000000     473447.551316398778
          0.230000000000     468518.481964341074
          0.231000000000     463553.619197180495
          0.232000000000     458550.190327518969
          0.233000000000     453506.060719331843
          0.234000000000     448419.710122744262
          0.235000000000     443290.207910532074
          0.236000000000     438117.187371121778
          0.237000000000     432900.819209137233
          0.238000000000     427641.784400233882
          0.239000000000     422341.246541886067
          0.240000000000     417000.823836281896
          0.241000000000     411622.560835336801
          0.242000000000     406208.900071283802
          0.243000000000     400762.653689334402
          0.244000000000     395286.975191613485
          0.245000000000     389785.331393983390
          0.246000000000     384261.474689630733
          0.247000000000     378719.415705370368
          0.248000000000     373163.396428646345
          0.249000000000     367597.863875248237
          0.250000000000     362027.444359848858
          0.251000000000     356456.918423653813
          0.252000000000     350891.196465889574
          0.253000000000     345335.295118445123
          0.254000000000     339794.314395914029
          0.255000000000     334273.415646563051
          0.256000000000     328777.800323331961
          0.257000000000     323312.689588077832
          0.258000000000     317883.304756740225
          0.259000000000     312494.848588088469
          0.260000000000     307152.487414205214
          0.261000000000     301861.334106811963
          0.262000000000     296626.431870102999
          0.263000000000     291452.738847748667
          0.264000000000     286345.113529324415
          0.265000000000     281308.300939493696
          0.266000000000     276346.919591865735
          0.267000000000     271465.449188530503
          0.268000000000     266668.219045802020
          0.269000000000     261959.397226697038
          0.270000000000     257342.980361045367
          0.271000000000     252822.784134900372
          0.272000000000     248402.434431973874
          0.273000000000     244085.359111239348
          0.274000000000     239874.780406420323
          0.275000000000     235773.707934944541
          0.276000000000     231784.932305897266
          0.277000000000     227911.019318598701
          0.278000000000     224154.304745571513
          0.279000000000     220516.889695821505
          0.280000000000     217000.636556478799
          0.281000000000     213607.165512874548
          0.282000000000     210337.851649075572
          0.283000000000     207193.822632634314
          0.284000000000     204175.956988900463
          0.285000000000     201284.882971536979
          0.286000000000     198520.978036988323
          0.287000000000     195884.368931405334
          0.288000000000     193374.932398981648
          0.289000000000     190992.296520836418
          0.290000000000     188735.842693324550
          0.291000000000     186604.708254122001
          0.292000000000     184597.789763510751
          0.293000000000     182713.746947012114
          0.294000000000     180951.007303904335
          0.295000000000     179307.771384189429
          0.296000000000     177782.018734290119
          0.297000000000     176371.514509164204
          0.298000000000     175073.816745646211
          0.299000000000     173886.284288687311
          0.300000000000     172806.085358799988
