          0.001000000000  149893998.895611554384
          0.002000000000  149737986.181449294090
          0.003000000000  149478309.580826669931
          0.004000000000  149115484.855674266815
          0.005000000000  148650231.832314163446
          0.006000000000  148083472.172019809484
          0.007000000000  147416326.520149797201
          0.008000000000  146650111.045446217060
          0.009000000000  145786333.383496642113
          0.010000000000  144826688.000786185265
          0.011000000000  143773050.998051702976
          0.012000000000  142627474.373865574598
          0.013000000000  141392179.771492749453
          0.014000000000  140069551.734060347080
          0.015000000000  138662130.494972050190
          0.016000000000  137172604.332224369049
          0.017000000000  135603801.516920596361
          0.018000000000  133958681.887708246708
          0.019000000000  132240328.084228515625
          0.020000000000  130451936.473766416311
          0.021000000000  128596807.806334808469
          0.022000000000  126678337.634219229221
          0.023000000000  124700006.532683059573
          0.024000000000  122665370.159025013447
          0.025000000000  120578049.187494769692
          0.026000000000  118441719.157705813646
          0.027000000000  116260100.274182885885
          0.028000000000  114036947.194453865290
          0.029000000000  111776038.842767626047
          0.030000000000  109481168.285952731967
          0.031000000000  107156132.707287445664
          0.032000000000  104804723.513371795416
          0.033000000000  102430716.608028739691
          0.034000000000  100037862.866125315428
          0.035000000000   97629878.838917002082
          0.036000000000   95210437.721165314317
          0.037000000000   92783160.608722463250
          0.038000000000   90351608.073690310121
          0.039000000000   87919272.082515180111
          0.040000000000   85489568.280588880181
          0.041000000000   83065828.665016144514
          0.042000000000   80651294.665258824825
          0.043000000000   78249110.649348482490
          0.044000000000   75862317.871286913753
          0.045000000000   73493848.873148486018
          0.046000000000   71146522.353284016252
          0.047000000000   68823038.509856954217
          0.048000000000   66525974.866822436452
          0.049000000000   64257782.587299026549
          0.050000000000   62020783.277170389891
          0.051000000000   59817166.279661990702
          0.052000000000   57648986.459568433464
          0.053000000000   55518162.473818212748
          0.054000000000   53426475.523089282215
          0.055000000000   51375568.577321901917
          0.056000000000   49366946.066146813333
          0.057000000000   47401974.023524098098
          0.058000000000   45481880.674243159592
          0.059000000000   43607757.448383823037
          0.060000000000   41780560.408389605582
          0.061000000000   40001112.072066612542
          0.062000000000   38270103.613582789898
          0.063000000000   36588097.423427224159
          0.064000000000   34955530.007287003100
          0.065000000000   33372715.202913511544
          0.066000000000   31839847.693290483207
          0.067000000000   30357006.793773587793
          0.068000000000   28924160.490355048329
          0.069000000000   27541169.705806344748
          0.070000000000   26207792.770175252110
          0.071000000000   24923690.071958929300
          0.072000000000   23688428.866227626801
          0.073000000000   22501488.216045659035
          0.074000000000   21362264.043721187860
          0.075000000000   20270074.268695965409
          0.076000000000   19224164.009280588478
          0.077000000000   18223710.825920969248
          0.078000000000   17267829.984258599579
          0.079000000000   16355579.716908697039
          0.080000000000   15485966.463617181405
          0.081000000000   14657950.070274937898
          0.082000000000   13870448.928143231198
          0.083000000000   13122345.035586129874
          0.084000000000   12412488.965597532690
          0.085000000000   11739704.723447795957
          0.086000000000   11102794.479854445904
          0.087000000000   10500543.166189434007
          0.088000000000    9931722.919371072203
          0.089000000000    9395097.365241192281
          0.090000000000    8889425.730394210666
          0.091000000000    8413466.773591984063
          0.092000000000    7965982.529068816453
          0.093000000000    7545741.855190010741
          0.094000000000    7151523.783074879088
          0.095000000000    6782120.660922666080
          0.096000000000    6436341.090883140452
          0.097000000000    6113012.656387264840
          0.098000000000    5810984.438892498612
          0.099000000000    5529129.323998993263
          0.100000000000    5266346.097850755788
          0.101000000000    5021561.335648973472
          0.102000000000    4793731.084968603216
          0.103000000000    4581842.347381073050
          0.104000000000    4384914.362644026987
          0.105000000000    4201999.700421732850
          0.106000000000    4032185.165143945254
          0.107000000000    3874592.520198194776
          0.108000000000    3728379.038177464623
          0.109000000000    3592737.884373343550
          0.110000000000    3466898.341113465838
          0.111000000000    3350125.880891786423
          0.112000000000    3241722.096531839576
          0.113000000000    3141024.496857835446
          0.114000000000    3047406.176527068485
          0.115000000000    2960275.368802168872
          0.116000000000    2879074.890114253853
          0.117000000000    2803281.485290781595
          0.118000000000    2732405.082296922337
          0.119000000000    2665987.965269148815
          0.120000000000    2603603.874507383443
          0.121000000000    2544857.041939720511
          0.122000000000    2489381.170385240577
          0.123000000000    2436838.364717792254
          0.124000000000    2386918.022780966479
          0.125000000000    2339335.693623898551
          0.126000000000    2293831.910322985612
          0.127000000000    2250171.004328865092
          0.128000000000    2208139.907934003510
          0.129000000000    2167546.951097596902
          0.130000000000    2128220.658493388910
          0.131000000000    2090008.552266241983
          0.132000000000    2052775.965596943162
          0.133000000000    2016404.871784874471
          0.134000000000    1980792.733167242259
          0.135000000000    1945851.373804118251
          0.136000000000    1911505.879472500412
          0.137000000000    1877693.528132728068
          0.138000000000    1844362.753658056259
          0.139000000000    1811472.145255507668
          0.140000000000    1778989.484654296655
          0.141000000000    1746890.822799176909
          0.142000000000    1715159.597460753284
          0.143000000000    1683785.792864451185
          0.144000000000    1652765.142145509133
          0.145000000000    1622098.373159505660
          0.146000000000    1591790.497917268192
          0.147000000000    1561850.145670104073
          0.148000000000    1532288.939446175471
          0.149000000000    1503120.915631779004
          0.150000000000    1474361.986002258258
          0.151000000000    1446029.441436151741
          0.152000000000    1418141.496392592555
          0.153000000000    1390716.873095747316
          0.154000000000    1363774.424250541255
          0.155000000000    1337332.793010699330
          0.156000000000    1311410.108832370723
          0.157000000000    1286023.717773963232
          0.158000000000    1261189.945743944962
          0.159000000000    1236923.893153251614
          0.160000000000    1213239.259395845467
          0.161000000000    1190148.195559846703
          0.162000000000    1167661.183761015534
          0.163000000000    1145786.941489544231
          0.164000000000    1124532.349369364791
          0.165000000000    1103902.400745190680
          0.166000000000    1083900.171535864938
          0.167000000000    1064526.808822129387
          0.168000000000    1045781.536671892623
          0.169000000000    1027661.677745806985
          0.170000000000    1010162.689269499038
          0.171000000000     993278.212005569600
          0.172000000000     977000.130907808198
          0.173000000000     961318.646191243897
          0.174000000000     946222.353604264907
          0.175000000000     931698.332742386963
          0.176000000000     917732.242297059973
          0.177000000000     904308.421186653781
          0.178000000000     891409.994570026989
          0.179000000000     879018.983795865439
          0.180000000000     867116.419392547687
          0.181000000000     855682.456253950950
          0.182000000000     844696.490225738962
          0.183000000000     834137.275344523834
          0.184000000000     823983.041028558044
          0.185000000000     814211.608563252143
          0.186000000000     804800.506268026191
          0.187000000000     795727.082772508496
          0.188000000000     786968.617870178190
          0.189000000000     778502.430456162314
          0.190000000000     770305.983093108283
          0.191000000000     762356.982785036205
          0.192000000000     754633.477573869983
          0.193000000000     747113.948607074795
          0.194000000000     739777.397357631358
          0.195000000000     732603.427709563402
          0.196000000000     725572.322653465671
          0.197000000000     718665.115367144463
          0.198000000000     711863.654486624408
          0.199000000000     705150.663402470644
          0.200000000000     698509.793445740943
          0.201000000000     691925.670856973855
          0.202000000000     685383.937460395740
          0.203000000000     678871.284994206741
          0.204000000000     672375.483076145640
          0.205000000000     665885.400811788393
          0.206000000000     659391.022080949158
          0.207000000000     652883.454565310967
          0.208000000000     646354.932607758907
          0.209000000000     639798.814020837191
          0.210000000000     633209.570988375111
          0.211000000000     626582.775230136816
          0.212000000000     619915.077624693280
          0.213000000000     613204.182510146755
          0.214000000000     606448.816905881860
          0.215000000000     599648.694920993294
          0.216000000000     592804.477636366035
          0.217000000000     585917.728767320863
          0.218000000000     578990.866432278766
          0.219000000000     572027.111369774677
          0.220000000000     565030.431961396243
          0.221000000000     558005.486431493075
          0.222000000000     550957.562605924788
          0.223000000000     543892.515621409751
          0.224000000000     536816.703984144842
          0.225000000000     529736.924381323392
          0.226000000000     522660.345651705691
          0.227000000000     515594.442321660172
          0.228000000000     508546.928110945446
          0.229000000000     501525.689807913732
          0.230000000000     494538.721906872699
          0.231000000000     487594.062391003710
          0.232000000000     480699.730032565014
          0.233000000000     473863.663568159391
          0.234000000000     467093.663090698421
          0.235000000000     460397.333981491975
          0.236000000000     453782.033685643459
          0.237000000000     447254.821611896972
          0.238000000000     440822.412414315389
          0.239000000000     434491.132887886488
          0.240000000000     428266.882683486212
          0.241000000000     422155.099019830755
          0.242000000000     416160.725541265914
          0.243000000000     410288.185440640140
          0.244000000000     404541.358936479373
          0.245000000000     398923.565163174120
          0.246000000000     393437.548502410122
          0.247000000000     388085.469353572349
          0.248000000000     382868.899310826906
          0.249000000000     377788.820684978622
          0.250000000000     372845.630279448116
          0.251000000000     368039.147301915509
          0.252000000000     363368.625266509480
          0.253000000000     358832.767716164701
          0.254000000000     354429.747571046348
          0.255000000000     350157.229886848421
          0.256000000000     346012.397786640504
          0.257000000000     341991.981311691459
          0.258000000000     338092.288920589548
          0.259000000000     334309.241352089390
          0.260000000000     330638.407555448881
          0.261000000000     327075.042382745421
          0.262000000000     323614.125730741536
          0.263000000000     320250.402815350564
          0.264000000000     316978.425259657030
          0.265000000000     313792.592676747066
          0.266000000000     310687.194431226526
          0.267000000000     307656.451268280565
          0.268000000000     304694.556506285153
          0.269000000000     301795.716498339083
          0.270000000000     298954.190079423657
          0.271000000000     296164.326729198161
          0.272000000000     293420.603195517557
          0.273000000000     290717.658340479946
          0.274000000000     288050.325989003759
          0.275000000000     285413.665579463006
          0.276000000000     282802.990436614084
          0.277000000000     280213.893508617766
          0.278000000000     277642.270432448830
          0.279000000000     275084.339814942854
          0.280000000000     272536.660640173068
          0.281000000000     269996.146737440897
          0.282000000000     267460.078267852077
          0.283000000000     264926.110210861079
          0.284000000000     262392.277855386375
          0.285000000000     259856.999322649906
          0.286000000000     257319.075169858435
          0.287000000000     254777.685144926741
          0.288000000000     252232.382182534697
          0.289000000000     249683.083750776597
          0.290000000000     247130.060675372253
          0.291000000000     244573.923584731179
          0.292000000000     242015.607134058897
          0.293000000000     239456.352179980546
          0.294000000000     236897.686088851769
          0.295000000000     234341.401371942397
          0.296000000000     231789.532848931442
          0.297000000000     229244.333547704475
          0.298000000000     226708.249553179630
          0.299000000000     224183.894020907348
          0.300000000000     221674.020572422392
