          0.001000000000  146899656.123845040798
          0.002000000000  146751623.521496653557
          0.003000000000  146505225.261704623699
          0.004000000000  146160944.403096824884
          0.005000000000  145719455.117158532143
          0.006000000000  145181620.588158756495
          0.007000000000  144548490.328019201756
          0.008000000000  143821296.917237579823
          0.009000000000  143001452.185352504253
          0.010000000000  142090542.846710711718
          0.011000000000  141090325.609486609697
          0.012000000000  140002721.778075098991
          0.013000000000  138829811.370930552483
          0.014000000000  137573826.777884930372
          0.015000000000  136237145.982727736235
          0.016000000000  134822285.378513365984
          0.017000000000  133331892.204561293125
          0.018000000000  131768736.635518804193
          0.019000000000  130135703.554051756859
          0.020000000000  128435784.039842426777
          0.021000000000  126672066.608457416296
          0.022000000000  124847728.234411403537
          0.023000000000  122966025.193359583616
          0.024000000000  121030283.758741617203
          0.025000000000  119043890.788473486900
          0.026000000000  117010284.237375006080
          0.027000000000  114932943.630921170115
          0.028000000000  112815380.535687372088
          0.029000000000  110661129.061423972249
          0.030000000000  108473736.429172605276
          0.031000000000  106256753.639075085521
          0.032000000000  104013726.270708039403
          0.033000000000  101748185.447737872601
          0.034000000000   99463638.997569933534
          0.035000000000   97163562.835401430726
          0.036000000000   94851392.600687026978
          0.037000000000   92530515.572548314929
          0.038000000000   90204262.889057204127
          0.039000000000   87875902.093623906374
          0.040000000000   85548630.029977023602
          0.041000000000   83225566.105349421501
          0.042000000000   80909745.939612001181
          0.043000000000   78604115.416132524610
          0.044000000000   76311525.148140832782
          0.045000000000   74034725.372380256653
          0.046000000000   71776361.279774054885
          0.047000000000   69538968.790794685483
          0.048000000000   67324970.781195595860
          0.049000000000   65136673.761726833880
          0.050000000000   62976265.013464577496
          0.051000000000   60845810.178415916860
          0.052000000000   58747251.303137034178
          0.053000000000   56682405.331239275634
          0.054000000000   54652963.038839548826
          0.055000000000   52660488.405285842717
          0.056000000000   50706418.409815587103
          0.057000000000   48792063.243235245347
          0.058000000000   46918606.922216497362
          0.059000000000   45087108.292416065931
          0.060000000000   43298502.405332133174
          0.061000000000   41553602.252629473805
          0.062000000000   39853100.840578377247
          0.063000000000   38197573.586299687624
          0.064000000000   36587481.016645669937
          0.065000000000   35023171.749811835587
          0.066000000000   33504885.739161632955
          0.067000000000   32032757.758231185377
          0.068000000000   30606821.105501230806
          0.069000000000   29227011.507243841887
          0.070000000000   27893171.196597527713
          0.071000000000   26605053.146964397281
          0.072000000000   25362325.437891744077
          0.073000000000   24164575.731751941144
          0.074000000000   23011315.839800529182
          0.075000000000   21901986.356550969183
          0.076000000000   20835961.341847416013
          0.077000000000   19812553.030555829406
          0.078000000000   18831016.550402689725
          0.079000000000   17890554.629181992263
          0.080000000000   16990322.273303154856
          0.081000000000   16129431.400472642854
          0.082000000000   15306955.410173425451
          0.083000000000   14521933.676526784897
          0.084000000000   13773375.949085539207
          0.085000000000   13060266.648104490712
          0.086000000000   12381569.041862150654
          0.087000000000   11736229.294654935598
          0.088000000000   11123180.375151727349
          0.089000000000   10541345.815866854042
          0.090000000000    9989643.315589139238
          0.091000000000    9466988.177675025538
          0.092000000000    8972296.578179465607
          0.093000000000    8504488.658847820014
          0.094000000000    8062491.441021716222
          0.095000000000    7645241.557518075220
          0.096000000000    7251687.800516525283
          0.097000000000    6880793.484434165061
          0.098000000000    6531538.623672701418
          0.099000000000    6202921.925988129340
          0.100000000000    5893962.603055593558
          0.101000000000    5603702.000576783903
          0.102000000000    5331205.051004379988
          0.103000000000    5075561.552633831277
          0.104000000000    4835887.279436863959
          0.105000000000    4611324.926581205800
          0.106000000000    4401044.897098033689
          0.107000000000    4204245.935620187782
          0.108000000000    4020155.615521654487
          0.109000000000    3848030.686142247636
          0.110000000000    3687157.287080476992
          0.111000000000    3536851.036784650292
          0.112000000000    3396457.002867304254
          0.113000000000    3265349.561713200994
          0.114000000000    3142932.155047750100
          0.115000000000    3028636.951183127705
          0.116000000000    2921924.418665120378
          0.117000000000    2822282.820007782895
          0.118000000000    2729227.633127039298
          0.119000000000    2642300.907972021960
          0.120000000000    2561070.565705578309
          0.121000000000    2485129.647606946994
          0.122000000000    2414095.520662266295
          0.123000000000    2347609.046575301792
          0.124000000000    2285333.720674675889
          0.125000000000    2226954.786917312536
          0.126000000000    2172178.334894352127
          0.127000000000    2120730.384437342640
          0.128000000000    2072355.963102863636
          0.129000000000    2026818.181484218687
          0.130000000000    1983897.310963660246
          0.131000000000    1943389.868178418605
          0.132000000000    1905107.710132642882
          0.133000000000    1868877.143546124222
          0.134000000000    1834538.051692345180
          0.135000000000    1801943.041644217912
          0.136000000000    1770956.614518406102
          0.137000000000    1741454.360989075853
          0.138000000000    1713322.184031699551
          0.139000000000    1686455.550557797309
          0.140000000000    1660758.773313634796
          0.141000000000    1636144.324141158490
          0.142000000000    1612532.179438106949
          0.143000000000    1589849.198407680495
          0.144000000000    1568028.534456430236
          0.145000000000    1547009.079882652732
          0.146000000000    1526734.943797163432
          0.147000000000    1507154.963033378590
          0.148000000000    1488222.245635017520
          0.149000000000    1469893.746356340824
          0.150000000000    1452129.873472593958
          0.151000000000    1434894.126075936016
          0.152000000000    1418152.760924858507
          0.153000000000    1401874.487822240917
          0.154000000000    1386030.192418233957
          0.155000000000    1370592.685268502450
          0.156000000000    1355536.475925467443
          0.157000000000    1340837.570799244102
          0.158000000000    1326473.293495239923
          0.159000000000    1312422.126316399779
          0.160000000000    1298663.571608637692
          0.161000000000    1285178.031627727207
          0.162000000000    1271946.705613741418
          0.163000000000    1258951.502774683293
          0.164000000000    1246174.969902809942
          0.165000000000    1233600.232375325169
          0.166000000000    1221210.947324363282
          0.167000000000    1208991.267798997927
          0.168000000000    1196925.816783682676
          0.169000000000    1184999.669982500840
          0.170000000000    1173198.346326130675
          0.171000000000    1161507.805208132137
          0.172000000000    1149914.449508266523
          0.173000000000    1138405.133512941422
          0.174000000000    1126967.174895656761
          0.175000000000    1115588.369973520050
          0.176000000000    1104257.011508832686
          0.177000000000    1092961.908377299784
          0.178000000000    1081692.406476158183
          0.179000000000    1070438.410296350019
          0.180000000000    1059190.404632439837
          0.181000000000    1047939.475952212117
          0.182000000000    1036677.332994590397
          0.183000000000    1025396.326209597173
          0.184000000000    1014089.465697469888
          0.185000000000    1002750.437345582177
          0.186000000000     991373.616901624715
          0.187000000000     979954.081759416033
          0.188000000000     968487.620269754436
          0.189000000000     956970.738423017436
          0.190000000000     945400.663782559219
          0.191000000000     933775.346578641562
          0.192000000000     922093.457901527174
          0.193000000000     910354.384959456860
          0.194000000000     898558.223392889835
          0.195000000000     886705.766660158755
          0.196000000000     874798.492532190983
          0.197000000000     862838.546754652751
          0.198000000000     850828.723955396330
          0.199000000000     838772.445892963326
          0.200000000000     826673.737158541218
          0.201000000000     814537.198458989384
          0.202000000000     802367.977622544626
          0.203000000000     790171.738481389359
          0.204000000000     777954.627796781133
          0.205000000000     765723.240402480820
          0.206000000000     753484.582751264214
          0.207000000000     741246.035056914901
          0.208000000000     729015.312230698415
          0.209000000000     716800.423816562165
          0.210000000000     704609.633133434225
          0.211000000000     692451.415835907450
          0.212000000000     680334.418106317986
          0.213000000000     668267.414691734128
          0.214000000000     656259.266998734791
          0.215000000000     644318.881457010284
          0.216000000000     632455.168359803269
          0.217000000000     620677.001385083306
          0.218000000000     608993.177995996783
          0.219000000000     597412.380912804510
          0.220000000000     585943.140840965789
          0.221000000000     574593.800631536054
          0.222000000000     563372.481040513027
          0.223000000000     552287.048243260593
          0.224000000000     541345.083248770912
          0.225000000000     530553.853346307296
          0.226000000000     519920.285703982459
          0.227000000000     509450.943225153838
          0.228000000000     499152.002754252462
          0.229000000000     489029.235708846361
          0.230000000000     479087.991199542885
          0.231000000000     469333.181683756877
          0.232000000000     459769.271183651872
          0.233000000000     450400.266082608374
          0.234000000000     441229.708498746215
          0.235000000000     432260.672218170948
          0.236000000000     423495.761155065906
          0.237000000000     414937.110290490207
          0.238000000000     406586.389026847959
          0.239000000000     398444.806880781427
          0.240000000000     390513.121423494886
          0.241000000000     382791.648364646593
          0.242000000000     375280.273663809872
          0.243000000000     367978.467542361177
          0.244000000000     360885.300258448522
          0.245000000000     353999.459498594631
          0.246000000000     347319.269231527869
          0.247000000000     340842.709863033146
          0.248000000000     334567.439525090624
          0.249000000000     328490.816328294866
          0.250000000000     322609.921403558517
          0.251000000000     316921.582557473390
          0.252000000000     311422.398365331814
          0.253000000000     306108.762526778912
          0.254000000000     300976.888311337156
          0.255000000000     296022.832924535614
          0.256000000000     291242.521630123432
          0.257000000000     286631.771469776053
          0.258000000000     282186.314428675803
          0.259000000000     277901.819903480180
          0.260000000000     273773.916338173964
          0.261000000000     269798.211903260322
          0.262000000000     265970.314104442718
          0.263000000000     262285.848218374886
          0.264000000000     258740.474465058011
          0.265000000000     255329.903838950617
          0.266000000000     252049.912533769151
          0.267000000000     248896.354909048823
          0.268000000000     245865.174959870637
          0.269000000000     242952.416264476109
          0.270000000000     240154.230397770414
          0.271000000000     237466.883811794251
          0.272000000000     234886.763197032065
          0.273000000000     232410.379350846080
          0.274000000000     230034.369591222377
          0.275000000000     227755.498765346420
          0.276000000000     225570.658913179097
          0.277000000000     223476.867656111484
          0.278000000000     221471.265389846230
          0.279000000000     219551.111368845362
          0.280000000000     217713.778776934923
          0.281000000000     215956.748884899076
          0.282000000000     214277.604401130491
          0.283000000000     212674.022125576739
          0.284000000000     211143.765020310762
          0.285000000000     209684.673812086927
          0.286000000000     208294.658243171114
          0.287000000000     206971.688086614799
          0.288000000000     205713.784040964412
          0.289000000000     204519.008617217041
          0.290000000000     203385.457127650909
          0.291000000000     202311.248882081360
          0.292000000000     201294.518692091515
          0.293000000000     200333.408778017241
          0.294000000000     199426.061166904663
          0.295000000000     198570.610662449006
          0.296000000000     197765.178460108553
          0.297000000000     197007.866472236492
          0.298000000000     196296.752419330267
          0.299000000000     195629.885734358511
          0.300000000000     195005.284317778191
