          0.001000000000  142931379.498204380274
          0.002000000000  142795039.406800270081
          0.003000000000  142568081.786022901535
          0.004000000000  142250919.613139331341
          0.005000000000  141844129.419296175241
          0.006000000000  141348449.659770399332
          0.007000000000  140764778.628942638636
          0.008000000000  140094171.927701473236
          0.009000000000  139337839.492621481419
          0.010000000000  138497142.197880595922
          0.011000000000  137573588.042405843735
          0.012000000000  136568827.936254411936
          0.013000000000  135484651.101662993431
          0.014000000000  134322980.105551511049
          0.015000000000  133085865.541588500142
          0.016000000000  131775480.381100535393
          0.017000000000  130394114.013260796666
          0.018000000000  128944165.996011197567
          0.019000000000  127428139.540130048990
          0.020000000000  125848634.749688372016
          0.021000000000  124208341.642893493176
          0.022000000000  122510032.977948874235
          0.023000000000  120756556.909107774496
          0.024000000000  118950829.498512014747
          0.025000000000  117095827.109745174646
          0.026000000000  115194578.709212362766
          0.027000000000  113250158.101594895124
          0.028000000000  111265676.125593930483
          0.029000000000  109244272.836074173450
          0.030000000000  107189109.698496460915
          0.031000000000  105103361.821206152439
          0.032000000000  102990210.250708118081
          0.033000000000  100852834.354544550180
          0.034000000000   98694404.315769687295
          0.035000000000   96518073.762291476130
          0.036000000000   94326972.553569003940
          0.037000000000   92124199.746260806918
          0.038000000000   89912816.759457871318
          0.039000000000   87695840.759114786983
          0.040000000000   85476238.280181050301
          0.041000000000   83256919.103777915239
          0.042000000000   81040730.405559107661
          0.043000000000   78830451.190116763115
          0.044000000000   76628787.024999603629
          0.045000000000   74438365.086558505893
          0.046000000000   72261729.528469949961
          0.047000000000   70101337.182393953204
          0.048000000000   67959553.598803922534
          0.049000000000   65838649.434619925916
          0.050000000000   63740797.192840889096
          0.051000000000   61668068.317963011563
          0.052000000000   59622430.649556897581
          0.053000000000   57605746.234980218112
          0.054000000000   55619769.500846378505
          0.055000000000   53666145.781502529979
          0.056000000000   51746410.201487973332
          0.057000000000   49861986.907652616501
          0.058000000000   48014188.645398661494
          0.059000000000   46204216.672326520085
          0.060000000000   44433161.001444786787
          0.061000000000   42702000.965030357242
          0.062000000000   41011606.089217431843
          0.063000000000   39362737.268455952406
          0.064000000000   37756048.228094674647
          0.065000000000   36192087.262539215386
          0.066000000000   34671299.235701888800
          0.067000000000   33194027.829791359603
          0.068000000000   31760518.027903340757
          0.069000000000   30370918.815362885594
          0.070000000000   29025286.084325194359
          0.071000000000   27723585.725787539035
          0.072000000000   26465696.892875295132
          0.073000000000   25251415.419054780155
          0.074000000000   24080457.374796032906
          0.075000000000   22952462.746137853712
          0.076000000000   21866999.218626312912
          0.077000000000   20823566.050169713795
          0.078000000000   19821598.016504615545
          0.079000000000   18860469.413177084178
          0.080000000000   17939498.098218288273
          0.081000000000   17057949.560026355088
          0.082000000000   16215040.995356991887
          0.083000000000   15409945.382766257972
          0.084000000000   14641795.537341484800
          0.085000000000   13909688.133091444150
          0.086000000000   13212687.679948540404
          0.087000000000   12549830.442947406322
          0.088000000000   11920128.291799576953
          0.089000000000   11322572.469758555293
          0.090000000000   10756137.271378641948
          0.091000000000   10219783.619495622814
          0.092000000000    9712462.532503170893
          0.093000000000    9233118.473754862323
          0.094000000000    8780692.575691528618
          0.095000000000    8354125.732064048760
          0.096000000000    7952361.552398431115
          0.097000000000    7574349.173621678725
          0.098000000000    7219045.924535550177
          0.099000000000    6885419.839582584798
          0.100000000000    6572452.019096607342
          0.101000000000    6279138.833960914984
          0.102000000000    6004493.973310078494
          0.103000000000    5747550.334604477510
          0.104000000000    5507361.756075786427
          0.105000000000    5283004.592184548266
          0.106000000000    5073579.133347357623
          0.107000000000    4878210.871776972897
          0.108000000000    4696051.615833365358
          0.109000000000    4526280.455805994570
          0.110000000000    4368104.584535020404
          0.111000000000    4220759.976732669398
          0.112000000000    4083511.931282484438
          0.113000000000    3955655.481174952816
          0.114000000000    3836515.676081784070
          0.115000000000    3725447.742877636105
          0.116000000000    3621837.129687746987
          0.117000000000    3525099.439272913616
          0.118000000000    3434680.257759331726
          0.119000000000    3350054.884881490842
          0.120000000000    3270727.972031378187
          0.121000000000    3196233.074498212896
          0.122000000000    3126132.124340619892
          0.123000000000    3060014.830358017702
          0.124000000000    2997498.011623100378
          0.125000000000    2938224.871001331601
          0.126000000000    2881864.215020630043
          0.127000000000    2828109.626363928430
          0.128000000000    2776678.595142834354
          0.129000000000    2727311.614971920382
          0.130000000000    2679771.249703577720
          0.131000000000    2633841.176503572613
          0.132000000000    2589325.210749629885
          0.133000000000    2546046.318021638785
          0.134000000000    2503845.618223253172
          0.135000000000    2462581.386634076945
          0.136000000000    2422128.056439440232
          0.137000000000    2382375.227023981977
          0.138000000000    2343226.682047001552
          0.139000000000    2304599.421043676324
          0.140000000000    2266422.708018396981
          0.141000000000    2228637.140216215048
          0.142000000000    2191193.739977464546
          0.143000000000    2154053.072300073225
          0.144000000000    2117184.390455751680
          0.145000000000    2080564.811731206952
          0.146000000000    2044178.525095079327
          0.147000000000    2008016.032326628221
          0.148000000000    1972073.423884348944
          0.149000000000    1936351.690542685101
          0.150000000000    1900856.071583610959
          0.151000000000    1865595.440098300809
          0.152000000000    1830581.725732308347
          0.153000000000    1795829.374997247709
          0.154000000000    1761354.849072653800
          0.155000000000    1727176.158834379865
          0.156000000000    1693312.436670750612
          0.157000000000    1659783.544485150604
          0.158000000000    1626609.717133891769
          0.159000000000    1593811.240411018487
          0.160000000000    1561408.162567859981
          0.161000000000    1529420.038243585732
          0.162000000000    1497865.703584735980
          0.163000000000    1466763.081245629117
          0.164000000000    1436129.013888223562
          0.165000000000    1405979.124738334911
          0.166000000000    1376327.703705733409
          0.167000000000    1347187.617537164828
          0.168000000000    1318570.242444142699
          0.169000000000    1290485.417630536947
          0.170000000000    1262941.418138150591
          0.171000000000    1235944.945431177272
          0.172000000000    1209501.134151973296
          0.173000000000    1183613.573500525672
          0.174000000000    1158284.341717638308
          0.175000000000    1133514.052186687244
          0.176000000000    1109301.909710100386
          0.177000000000    1085645.775563961826
          0.178000000000    1062542.239986619679
          0.179000000000    1039986.700814462616
          0.180000000000    1017973.447039106977
          0.181000000000     996495.746125046979
          0.182000000000     975545.933994296007
          0.183000000000     955115.506654373021
          0.184000000000     935195.212517542997
          0.185000000000     915775.144531917642
          0.186000000000     896844.831318446435
          0.187000000000     878393.326581332949
          0.188000000000     860409.296132751508
          0.189000000000     842881.101945178816
          0.190000000000     825796.882716130232
          0.191000000000     809144.630499878083
          0.192000000000     792912.263028717134
          0.193000000000     777087.691412149230
          0.194000000000     761658.882965576253
          0.195000000000     746613.918980654445
          0.196000000000     731941.047307020752
          0.197000000000     717628.729669401771
          0.198000000000     703665.683695253101
          0.199000000000     690040.919675517594
          0.200000000000     676743.772125142044
          0.201000000000     663763.926250268705
          0.202000000000     651091.439465625444
          0.203000000000     638716.758138517616
          0.204000000000     626630.729764972581
          0.205000000000     614824.610809053527
          0.206000000000     603290.070458123111
          0.207000000000     592019.190565113793
          0.208000000000     581004.462063573999
          0.209000000000     570238.778152651386
          0.210000000000     559715.424557274673
          0.211000000000     549428.067173868534
          0.212000000000     539370.737413957948
          0.213000000000     529537.815557346563
          0.214000000000     519924.012423264736
          0.215000000000     510524.349662128778
          0.216000000000     501334.138962648227
          0.217000000000     492348.960459014459
          0.218000000000     483564.640611174342
          0.219000000000     474977.229817728861
          0.220000000000     466582.980006220052
          0.221000000000     458378.322429536667
          0.222000000000     450359.845880108769
          0.223000000000     442524.275515753659
          0.224000000000     434868.452472549223
          0.225000000000     427389.314421211137
          0.226000000000     420083.877204349265
          0.227000000000     412949.217672710598
          0.228000000000     405982.457819427364
          0.229000000000     399180.750292397744
          0.230000000000     392541.265346403525
          0.231000000000     386061.179278637632
          0.232000000000     379737.664373954758
          0.233000000000     373567.880369595543
          0.234000000000     367548.967433421523
          0.235000000000     361678.040634932986
          0.236000000000     355952.185874578368
          0.237000000000     350368.457224208687
          0.238000000000     344923.875619997852
          0.239000000000     339615.428838793305
          0.240000000000     334440.072679711098
          0.241000000000     329394.733264866925
          0.242000000000     324476.310366412217
          0.243000000000     319681.681661603448
          0.244000000000     315007.707813315850
          0.245000000000     310451.238270373491
          0.246000000000     306009.117680102412
          0.247000000000     301678.192804714490
          0.248000000000     297455.319833382790
          0.249000000000     293337.371983107529
          0.250000000000     289321.247283687873
          0.251000000000     285403.876445239526
          0.252000000000     281582.230710546486
          0.253000000000     277853.329599241144
          0.254000000000     274214.248456106056
          0.255000000000     270662.125721651013
          0.256000000000     267194.169849589351
          0.257000000000     263807.665802616044
          0.258000000000     260499.981065068831
          0.259000000000     257268.571118502907
          0.260000000000     254110.984333809523
          0.261000000000     251024.866241234733
          0.262000000000     248007.963147403876
          0.263000000000     245058.125076178578
          0.264000000000     242173.308017757605
          0.265000000000     239351.575477879844
          0.266000000000     236591.099326168187
          0.267000000000     233890.159949567926
          0.268000000000     231247.145723398105
          0.269000000000     228660.551818705018
          0.270000000000     226128.978370385885
          0.271000000000     223651.128035821544
          0.272000000000     221225.802978570224
          0.273000000000     218851.901316000411
          0.274000000000     216528.413073441363
          0.275000000000     214254.415690717869
          0.276000000000     212029.069129563839
          0.277000000000     209851.610632537864
          0.278000000000     207721.349185637257
          0.279000000000     205637.659737835260
          0.280000000000     203599.977231242752
          0.281000000000     201607.790495615016
          0.282000000000     199660.636060380173
          0.283000000000     197758.091936410608
          0.284000000000     195899.771418334334
          0.285000000000     194085.316956350202
          0.286000000000     192314.394144304912
          0.287000000000     190586.685868245549
          0.288000000000     188901.886656775343
          0.289000000000     187259.697271453508
          0.290000000000     185659.819572067499
          0.291000000000     184101.951688104105
          0.292000000000     182585.783523997146
          0.293000000000     181110.992621938640
          0.294000000000     179677.240402134892
          0.295000000000     178284.168796459009
          0.296000000000     176931.397287525208
          0.297000000000     175618.520361306204
          0.298000000000     174345.105377601809
          0.299000000000     173110.690858917515
          0.300000000000     171914.785194745404
