          0.001000000000  144383225.130991727114
          0.002000000000  144242182.028685897589
          0.003000000000  144007407.239539295435
          0.004000000000  143679345.396651387215
          0.005000000000  143258617.112366765738
          0.006000000000  142746017.113337159157
          0.007000000000  142142511.855643212795
          0.008000000000  141449236.629548639059
          0.009000000000  140667492.165506780148
          0.010000000000  139798740.755007326603
          0.011000000000  138844601.901750415564
          0.012000000000  137806847.520483583212
          0.013000000000  136687396.702571570873
          0.014000000000  135488310.069007366896
          0.015000000000  134211783.733157768846
          0.016000000000  132860142.896937802434
          0.017000000000  131435835.105469480157
          0.018000000000  129941423.186455026269
          0.019000000000  128379577.901598125696
          0.020000000000  126753070.338339805603
          0.021000000000  125064764.070996269584
          0.022000000000  123317607.121044322848
          0.023000000000  121514623.746868893504
          0.024000000000  119658906.093644171953
          0.025000000000  117753605.734294548631
          0.026000000000  115801925.132582351565
          0.027000000000  113807109.059344992042
          0.028000000000  111772435.992718279362
          0.029000000000  109701209.532900989056
          0.030000000000  107596749.861537903547
          0.031000000000  105462385.275262668729
          0.032000000000  103301443.822214603424
          0.033000000000  101117245.069546058774
          0.034000000000   98913092.028978466988
          0.035000000000   96692263.266456440091
          0.036000000000   94458005.220765724778
          0.037000000000   92213524.754766285419
          0.038000000000   89961981.961561560631
          0.039000000000   87706483.246501311660
          0.040000000000   85450074.704460546374
          0.041000000000   83195735.810276925564
          0.042000000000   80946373.438646480441
          0.043000000000   78704816.228132948279
          0.044000000000   76473809.302271649241
          0.045000000000   74256009.359049215913
          0.046000000000   72053980.138316631317
          0.047000000000   69870188.274965226650
          0.048000000000   67706999.543974578381
          0.049000000000   65566675.501702852547
          0.050000000000   63451370.526111088693
          0.051000000000   61363129.256914049387
          0.052000000000   59303884.435020804405
          0.053000000000   57275455.139014422894
          0.054000000000   55279545.414871789515
          0.055000000000   53317743.293618381023
          0.056000000000   51391520.190175950527
          0.057000000000   49502230.675286024809
          0.058000000000   47651112.611089095473
          0.059000000000   45839287.639718264341
          0.060000000000   44067762.013119824231
          0.061000000000   42337427.751252420247
          0.062000000000   40649064.114850535989
          0.063000000000   39003339.378050662577
          0.064000000000   37400812.885393470526
          0.065000000000   35841937.377021074295
          0.066000000000   34327061.565282680094
          0.067000000000   32856432.945463974029
          0.068000000000   31430200.822936180979
          0.069000000000   30048419.538711365312
          0.070000000000   28711051.875160221010
          0.071000000000   27417972.623516656458
          0.072000000000   26168972.294750414789
          0.073000000000   24963760.955426335335
          0.074000000000   23801972.170296020806
          0.075000000000   22683167.033568564802
          0.076000000000   21606838.271088324487
          0.077000000000   20572414.395999185741
          0.078000000000   19579263.900891538709
          0.079000000000   18626699.469911143184
          0.080000000000   17713982.194851178676
          0.081000000000   16840325.779838182032
          0.082000000000   16004900.719867372885
          0.083000000000   15206838.439127113670
          0.084000000000   14445235.375774156302
          0.085000000000   13719157.000579670072
          0.086000000000   13027641.757646143436
          0.087000000000   12369704.916204201058
          0.088000000000   11744342.323320634663
          0.089000000000   11150534.048184420913
          0.090000000000   10587247.909482846037
          0.091000000000   10053442.878223532811
          0.092000000000    9548072.349206572399
          0.093000000000    9070087.275187795982
          0.094000000000    8618439.158604370430
          0.095000000000    8192082.896549529396
          0.096000000000    7789979.475481417030
          0.097000000000    7411098.512928578071
          0.098000000000    7054420.644208597951
          0.099000000000    6718939.752903372981
          0.100000000000    6403665.044533664361
          0.101000000000    6107622.963541821577
          0.102000000000    5829858.954326242208
          0.103000000000    5569439.067670560442
          0.104000000000    5325451.414473123848
          0.105000000000    5097007.469209535979
          0.106000000000    4883243.226048164070
          0.107000000000    4683320.210989097133
          0.108000000000    4496426.353807798587
          0.109000000000    4321776.723956793547
          0.110000000000    4158614.134912976995
          0.111000000000    4006209.621753406711
          0.112000000000    3863862.797000687569
          0.113000000000    3730902.090000474360
          0.114000000000    3606684.875279435888
          0.115000000000    3490597.495482733008
          0.116000000000    3382055.184608538169
          0.117000000000    3280501.897342054639
          0.118000000000    3185410.050347617827
          0.119000000000    3096280.181403381750
          0.120000000000    3012640.532262591645
          0.121000000000    2934046.561099156272
          0.122000000000    2860080.390344730578
          0.123000000000    2790350.195652925875
          0.124000000000    2724489.541633282788
          0.125000000000    2662156.669887112454
          0.126000000000    2603033.744749341160
          0.127000000000    2546826.061998033896
          0.128000000000    2493261.225637047552
          0.129000000000    2442088.297689741943
          0.130000000000    2393076.925763599109
          0.131000000000    2346016.452959582675
          0.132000000000    2300715.014506113715
          0.133000000000    2256998.625298620202
          0.134000000000    2214710.262321737129
          0.135000000000    2173708.945724288002
          0.136000000000    2133868.822108211461
          0.137000000000    2095078.253382468829
          0.138000000000    2057238.914322797442
          0.139000000000    2020264.901768825948
          0.140000000000    1984081.858182330383
          0.141000000000    1948626.112084822729
          0.142000000000    1913843.837690310553
          0.143000000000    1879690.235849861288
          0.144000000000    1846128.738229653332
          0.145000000000    1813130.236453550868
          0.146000000000    1780672.337755273329
          0.147000000000    1748738.648504523793
          0.148000000000    1717318.086795733776
          0.149000000000    1686404.225118184229
          0.150000000000    1655994.663961748360
          0.151000000000    1626090.437053930946
          0.152000000000    1596695.448770954274
          0.153000000000    1567815.944118835730
          0.154000000000    1539460.011539254570
          0.155000000000    1511637.118659989443
          0.156000000000    1484357.680980465142
          0.157000000000    1457632.663359762635
          0.158000000000    1431473.214056852041
          0.159000000000    1405890.330961465370
          0.160000000000    1380894.559548073914
          0.161000000000    1356495.721985616488
          0.162000000000    1332702.676741297822
          0.163000000000    1309523.107928403420
          0.164000000000    1286963.343565196963
          0.165000000000    1265028.201835012063
          0.166000000000    1243720.864366165595
          0.167000000000    1223042.775484762620
          0.168000000000    1202993.566333323019
          0.169000000000    1183571.002693986753
          0.170000000000    1164770.955306431977
          0.171000000000    1146587.391427753726
          0.172000000000    1129012.386344503844
          0.173000000000    1112036.153515584068
          0.174000000000    1095647.091999241151
          0.175000000000    1079831.849797348492
          0.176000000000    1064575.401736225467
          0.177000000000    1049861.140494666062
          0.178000000000    1035670.979387375410
          0.179000000000    1021985.465514803422
          0.180000000000    1008783.901899073622
          0.181000000000     996044.477239828324
          0.182000000000     983744.401943302131
          0.183000000000     971860.049102905905
          0.184000000000     960367.099139653728
          0.185000000000     949240.686845859513
          0.186000000000     938455.549615552649
          0.187000000000     927986.175689603318
          0.188000000000     917806.951292588958
          0.189000000000     907892.305591665441
          0.190000000000     898216.852464662050
          0.191000000000     888755.528125361772
          0.192000000000     879483.723717769957
          0.193000000000     870377.412057999871
          0.194000000000     861413.267771779327
          0.195000000000     852568.780147132231
          0.196000000000     843822.358095109928
          0.197000000000     835153.426686131163
          0.198000000000     826542.514805203653
          0.199000000000     817971.333545449888
          0.200000000000     809422.845035701175
          0.201000000000     800881.321473907097
          0.202000000000     792332.394213344785
          0.203000000000     783763.092822679551
          0.204000000000     775161.874113422469
          0.205000000000     766518.641198805999
          0.206000000000     757824.752716209856
          0.207000000000     749073.022410596721
          0.208000000000     740257.709338651388
          0.209000000000     731374.499012112617
          0.210000000000     722420.475853749784
          0.211000000000     713394.087390506058
          0.212000000000     704295.100654901937
          0.213000000000     695124.551308082649
          0.214000000000     685884.686035270803
          0.215000000000     676578.898797082831
          0.216000000000     667211.661547738826
          0.217000000000     657788.450053835288
          0.218000000000     648315.665464814869
          0.219000000000     638800.552298601135
          0.220000000000     629251.113513202639
          0.221000000000     619676.023337284685
          0.222000000000     610084.538530069287
          0.223000000000     600486.408733418211
          0.224000000000     590891.786566866678
          0.225000000000     581311.138099819073
          0.226000000000     571755.154314368381
          0.227000000000     562234.664147455129
          0.228000000000     552760.549672740279
          0.229000000000     543343.663950692979
          0.230000000000     533994.752040652907
          0.231000000000     524724.375630957191
          0.232000000000     515542.841703311831
          0.233000000000     506460.135605661781
          0.234000000000     497485.858864097274
          0.235000000000     488629.172019572987
          0.236000000000     479898.742729346210
          0.237000000000     471302.699326798960
          0.238000000000     462848.589986839157
          0.239000000000     454543.347597860440
          0.240000000000     446393.260395577236
          0.241000000000     438403.948369297897
          0.242000000000     430580.345407692890
          0.243000000000     422926.687109144172
          0.244000000000     415446.504141616402
          0.245000000000     408142.620998969360
          0.246000000000     401017.159964919905
          0.247000000000     394071.550062730326
          0.248000000000     387306.540738323005
          0.249000000000     380722.219997044594
          0.250000000000     374318.036689880770
          0.251000000000     368092.826623701258
          0.252000000000     362044.842152048193
          0.253000000000     356171.784888301685
          0.254000000000     350470.841171615291
          0.255000000000     344938.719907924416
          0.256000000000     339571.692403453286
          0.257000000000     334365.633806588303
          0.258000000000     329316.065775418305
          0.259000000000     324418.199992794485
          0.260000000000     319666.982158174913
          0.261000000000     315057.136095627211
          0.262000000000     310583.207630111370
          0.263000000000     306239.607899197203
          0.264000000000     302020.655784681032
          0.265000000000     297920.619167756755
          0.266000000000     293933.754732354952
          0.267000000000     290054.346063753765
          0.268000000000     286276.739813263586
          0.269000000000     282595.379724583356
          0.270000000000     279004.838342920411
          0.271000000000     275499.846254081931
          0.272000000000     272075.318727109756
          0.273000000000     268726.379660469014
          0.274000000000     265448.382758087420
          0.275000000000     262236.929887451523
          0.276000000000     259087.886597258504
          0.277000000000     255997.394796667999
          0.278000000000     252961.882621736848
          0.279000000000     249978.071537044307
          0.280000000000     247042.980741643929
          0.281000000000     244153.928968170891
          0.282000000000     241308.533782080136
          0.283000000000     238504.708504508628
          0.284000000000     235740.656896997767
          0.285000000000     233014.865759309090
          0.286000000000     230326.095602668618
          0.287000000000     227673.369570043345
          0.288000000000     225055.960782409529
          0.289000000000     222473.378295469534
          0.290000000000     219925.351854891313
          0.291000000000     217411.815639982640
          0.292000000000     214932.891185746033
          0.293000000000     212488.869671626482
          0.294000000000     210080.193762013863
          0.295000000000     207707.439178784669
          0.296000000000     205371.296179973840
          0.297000000000     203072.551111175882
          0.298000000000     200812.068187594181
          0.299000000000     198590.771654928074
          0.300000000000     196409.628466615162
