          0.001000000000  148132195.659520894289
          0.002000000000  147985577.915497183800
          0.003000000000  147741523.145107865334
          0.004000000000  147400492.586492747068
          0.005000000000  146963130.044346481562
          0.006000000000  146430259.970480173826
          0.007000000000  145802885.009136468172
          0.008000000000  145082183.016856759787
          0.009000000000  144269503.568768501282
          0.010000000000  143366363.965160936117
          0.011000000000  142374444.754195958376
          0.012000000000  141295584.788455933332
          0.013000000000  140131775.834802359343
          0.014000000000  138885156.758741110563
          0.015000000000  137558007.306032717228
          0.016000000000  136152741.505808562040
          0.017000000000  134671900.720765024424
          0.018000000000  133118146.371275871992
          0.019000000000  131494252.361350208521
          0.020000000000  129803097.235345348716
          0.021000000000  128047656.095167815685
          0.022000000000  126230992.308400318027
          0.023000000000  124356249.038349866867
          0.024000000000  122426640.627397656441
          0.025000000000  120445443.865323320031
          0.026000000000  118415989.174372062087
          0.027000000000  116341651.742836296558
          0.028000000000  114225842.638720124960
          0.029000000000  112071999.934786647558
          0.030000000000  109883579.875824987888
          0.031000000000  107664048.118402391672
          0.032000000000  105416871.072671383619
          0.033000000000  103145507.374968215823
          0.034000000000  100853399.519006013870
          0.035000000000   98543965.672401547432
          0.036000000000   96220591.704130485654
          0.037000000000   93886623.447240620852
          0.038000000000   91545359.219817504287
          0.039000000000   89200042.625777348876
          0.040000000000   86853855.655548930168
          0.041000000000   84509912.105170562863
          0.042000000000   82171251.330694764853
          0.043000000000   79840832.353144139051
          0.044000000000   77521528.327559173107
          0.045000000000   75216121.387952625751
          0.046000000000   72927297.878254041076
          0.047000000000   70657643.977553308010
          0.048000000000   68409641.726223453879
          0.049000000000   66185665.457733005285
          0.050000000000   63987978.639251135290
          0.051000000000   61818731.122428394854
          0.052000000000   59679956.804076597095
          0.053000000000   57573571.694828689098
          0.054000000000   55501372.392287790775
          0.055000000000   53465034.953639447689
          0.056000000000   51466114.161230981350
          0.057000000000   49506043.173226110637
          0.058000000000   47586133.550106950104
          0.059000000000   45707575.646545656025
          0.060000000000   43871439.356993697584
          0.061000000000   42078675.202247880399
          0.062000000000   40330115.743252217770
          0.063000000000   38626477.307484865189
          0.064000000000   36968362.012459978461
          0.065000000000   35356260.070149384439
          0.066000000000   33790552.355498567224
          0.067000000000   32271513.221677836031
          0.068000000000   30799313.544266067445
          0.069000000000   29374023.976219654083
          0.070000000000   27995618.395220100880
          0.071000000000   26663977.524840526283
          0.072000000000   25378892.710882838815
          0.073000000000   24140069.834261611104
          0.074000000000   22947133.341897472739
          0.075000000000   21799630.377261966467
          0.076000000000   20697034.992464583367
          0.077000000000   19638752.424098543823
          0.078000000000   18624123.415452521294
          0.079000000000   17652428.568150423467
          0.080000000000   16722892.706797756255
          0.081000000000   15834689.240780528635
          0.082000000000   14986944.507981900126
          0.083000000000   14178742.085844099522
          0.084000000000   13409127.055904898793
          0.085000000000   12677110.208674957976
          0.086000000000   11981672.176487969235
          0.087000000000   11321767.482743205503
          0.088000000000   10696328.496771914884
          0.089000000000   10104269.284379450604
          0.090000000000    9544489.344949493185
          0.091000000000    9015877.226833654568
          0.092000000000    8517314.013588564470
          0.093000000000    8047676.674456862733
          0.094000000000    7605841.273316538893
          0.095000000000    7190686.031137589365
          0.096000000000    6801094.237787053920
          0.097000000000    6435957.009805151261
          0.098000000000    6094175.891536972485
          0.099000000000    5774665.297741288319
          0.100000000000    5476354.796508784406
          0.101000000000    5198191.232003836893
          0.102000000000    4939140.687195219100
          0.103000000000    4698190.287359775975
          0.104000000000    4474349.845728201792
          0.105000000000    4266653.353191654198
          0.106000000000    4074160.314502426889
          0.107000000000    3895956.933879198972
          0.108000000000    3731157.153367887251
          0.109000000000    3578903.547713156324
          0.110000000000    3438368.079861583188
          0.111000000000    3308752.721547490451
          0.112000000000    3189289.943705782760
          0.113000000000    3079243.081713669002
          0.114000000000    2977906.580685653724
          0.115000000000    2884606.126235184725
          0.116000000000    2798698.666271347553
          0.117000000000    2719572.329523556400
          0.118000000000    2646646.246579765342
          0.119000000000    2579370.279288404156
          0.120000000000    2517224.664410315920
          0.121000000000    2459719.577417423017
          0.122000000000    2406394.622320079245
          0.123000000000    2356818.253367682453
          0.124000000000    2310587.134407817852
          0.125000000000    2267325.441610242706
          0.126000000000    2226684.115164447576
          0.127000000000    2188340.065445537679
          0.128000000000    2151995.339013618883
          0.129000000000    2117376.249668865930
          0.130000000000    2084232.479629091686
          0.131000000000    2052336.155730644474
          0.132000000000    2021480.905377935851
          0.133000000000    1991480.896783340024
          0.134000000000    1962169.867848943686
          0.135000000000    1933400.147845653584
          0.136000000000    1905041.675844769459
          0.137000000000    1876981.019653306808
          0.138000000000    1849120.398798315553
          0.139000000000    1821376.714897555765
          0.140000000000    1793680.592545903753
          0.141000000000    1765975.433638690040
          0.142000000000    1738216.487846065778
          0.143000000000    1710369.941747135483
          0.144000000000    1682412.028929242399
          0.145000000000    1654328.163157368544
          0.146000000000    1626112.096521383384
          0.147000000000    1597765.104275553022
          0.148000000000    1569295.197895207675
          0.149000000000    1540716.367690870771
          0.150000000000    1512047.856140012853
          0.151000000000    1483313.462921736762
          0.152000000000    1454540.882470224053
          0.153000000000    1425761.074698715471
          0.154000000000    1397007.669387565693
          0.155000000000    1368316.404577773297
          0.156000000000    1339724.599164953455
          0.157000000000    1311270.659748892533
          0.158000000000    1282993.621659958502
          0.159000000000    1254932.723956425674
          0.160000000000    1227127.018065898912
          0.161000000000    1199615.009629714303
          0.162000000000    1172434.333001590101
          0.163000000000    1145621.457750659203
          0.164000000000    1119211.426424831385
          0.165000000000    1093237.622742693173
          0.166000000000    1067731.569301371928
          0.167000000000    1042722.753813676885
          0.168000000000    1018238.482820372097
          0.169000000000     994303.761762996204
          0.170000000000     970941.200248566456
          0.171000000000     948170.941290477524
          0.172000000000     926010.613269221503
          0.173000000000     904475.303322731750
          0.174000000000     883577.550848616287
          0.175000000000     863327.359779660357
          0.176000000000     843732.228279281524
          0.177000000000     824797.194495213102
          0.178000000000     806524.897007382591
          0.179000000000     788915.648609535536
          0.180000000000     771967.522073561326
          0.181000000000     755676.446560443263
          0.182000000000     740036.313362052431
          0.183000000000     725039.089683601982
          0.184000000000     710674.939206819166
          0.185000000000     696932.348209138378
          0.186000000000     683798.256053462159
          0.187000000000     671258.188906676834
          0.188000000000     659296.395592284738
          0.189000000000     647895.984533271287
          0.190000000000     637039.060795139056
          0.191000000000     626706.862295603729
          0.192000000000     616879.894306440023
          0.193000000000     607538.061433962081
          0.194000000000     598660.796327318414
          0.195000000000     590227.184427730041
          0.196000000000     582216.084136689897
          0.197000000000     574606.241846540361
          0.198000000000     567376.401342447964
          0.199000000000     560505.407150121871
          0.200000000000     553972.301468474907
          0.201000000000     547756.414390271297
          0.202000000000     541837.447176474729
          0.203000000000     536195.548411012394
          0.204000000000     530811.382921918994
          0.205000000000     525666.193411689717
          0.206000000000     520741.854794330546
          0.207000000000     516020.921288361948
          0.208000000000     511486.666363956523
          0.209000000000     507123.115688217687
          0.210000000000     502915.073255054769
          0.211000000000     498848.140925203974
          0.212000000000     494908.731637382647
          0.213000000000     491084.076583385759
          0.214000000000     487362.226668019721
          0.215000000000     483732.048599056026
          0.216000000000     480183.215972919483
          0.217000000000     476706.195738573500
          0.218000000000     473292.230435088510
          0.219000000000     469933.316607749031
          0.220000000000     466622.179813341005
          0.221000000000     463352.246627606160
          0.222000000000     460117.614066881535
          0.223000000000     456913.016831784102
          0.224000000000     453733.792773695255
          0.225000000000     450575.846974865883
          0.226000000000     447435.614820440824
          0.227000000000     444310.024425848562
          0.228000000000     441196.458765937481
          0.229000000000     438092.717833330506
          0.230000000000     434996.981132866116
          0.231000000000     431907.770796974306
          0.232000000000     428823.915583659487
          0.233000000000     425744.515994658228
          0.234000000000     422668.910726561968
          0.235000000000     419596.644642488100
          0.236000000000     416527.438426466077
          0.237000000000     413461.160057332134
          0.238000000000     410397.798213795759
          0.239000000000     407337.437697638816
          0.240000000000     404280.236937983194
          0.241000000000     401226.407616340148
          0.242000000000     398176.196429909847
          0.243000000000     395129.868989522744
          0.244000000000     392087.695828749100
          0.245000000000     389049.940482272767
          0.246000000000     386016.849574634107
          0.247000000000     382988.644845016417
          0.248000000000     379965.517019934370
          0.249000000000     376947.621433554741
          0.250000000000     373935.075284856430
          0.251000000000     370927.956412119791
          0.252000000000     367926.303458086797
          0.253000000000     364930.117293745861
          0.254000000000     361939.363564849074
          0.255000000000     358953.976223071688
          0.256000000000     355973.861902988225
          0.257000000000     352998.905006735818
          0.258000000000     350028.973360322008
          0.259000000000     347063.924308830756
          0.260000000000     344103.611122261849
          0.261000000000     341147.889589228085
          0.262000000000     338196.624682211841
          0.263000000000     335249.697185284516
          0.264000000000     332307.010183197970
          0.265000000000     329368.495319232403
          0.266000000000     326434.118738172227
          0.267000000000     323503.886640107259
          0.268000000000     320577.850380254618
          0.269000000000     317656.111059638206
          0.270000000000     314738.823561112862
          0.271000000000     311826.199994709634
          0.272000000000     308918.512525652070
          0.273000000000     306016.095567385666
          0.274000000000     303119.347330681572
          0.275000000000     300228.730728069029
          0.276000000000     297344.773640611442
          0.277000000000     294468.068561173743
          0.278000000000     291599.271634931385
          0.279000000000     288739.101123740198
          0.280000000000     285888.335326292028
          0.281000000000     283047.809990484908
          0.282000000000     280218.415258342982
          0.283000000000     277401.092186932161
          0.284000000000     274596.828891233017
          0.285000000000     271806.656356661697
          0.286000000000     269031.643970085424
          0.287000000000     266272.894818641944
          0.288000000000     263531.540805577999
          0.289000000000     260808.737631622440
          0.290000000000     258105.659689235268
          0.291000000000     255423.494915381394
          0.292000000000     252763.439646396466
          0.293000000000     250126.693516037893
          0.294000000000     247514.454435037682
          0.295000000000     244927.913687402324
          0.296000000000     242368.251175452984
          0.297000000000     239836.630842183571
          0.298000000000     237334.196295975678
          0.299000000000     234862.066659135278
          0.300000000000     232421.332658131636
