          0.001000000000  144316153.237140387297
          0.002000000000  144184012.912873715162
          0.003000000000  143964031.730110406876
          0.004000000000  143656588.020041942596
          0.005000000000  143262210.038183927536
          0.006000000000  142781574.562082946301
          0.007000000000  142215505.096696823835
          0.008000000000  141564969.693664848804
          0.009000000000  140831078.391985356808
          0.010000000000  140015080.288937211037
          0.011000000000  139118360.251314401627
          0.012000000000  138142435.278279602528
          0.013000000000  137088950.528305977583
          0.014000000000  135959675.023781955242
          0.015000000000  134756497.047924160957
          0.016000000000  133481419.249667957425
          0.017000000000  132136553.473080322146
          0.018000000000  130724115.328783899546
          0.019000000000  129246418.525621771812
          0.020000000000  127705868.981544226408
          0.021000000000  126104958.733336701989
          0.022000000000  124446259.665381431580
          0.023000000000  122732417.078122928739
          0.024000000000  120966143.117318660021
          0.025000000000  119150210.085490405560
          0.026000000000  117287443.657181382179
          0.027000000000  115380716.019846007228
          0.028000000000  113432938.962201282382
          0.029000000000  111447056.931886509061
          0.030000000000  109426040.084177240729
          0.031000000000  107372877.343287453055
          0.032000000000  105290569.497571259737
          0.033000000000  103182122.349547788501
          0.034000000000  101050539.941292986274
          0.035000000000   98898817.875211834908
          0.036000000000   96729936.749665349722
          0.037000000000   94546855.728270590305
          0.038000000000   92352506.261007100344
          0.039000000000   90149785.974491938949
          0.040000000000   87941552.747971504927
          0.041000000000   85730618.990703642368
          0.042000000000   83519746.135479554534
          0.043000000000   81311639.362077683210
          0.044000000000   79108942.563420400023
          0.045000000000   76914233.566184431314
          0.046000000000   74730019.616518139839
          0.047000000000   72558733.140445992351
          0.048000000000   70402727.787407845259
          0.049000000000   68264274.764251574874
          0.050000000000   66145559.465856686234
          0.051000000000   64048678.407412983477
          0.052000000000   61975636.462235331535
          0.053000000000   59928344.407839827240
          0.054000000000   57908616.781883478165
          0.055000000000   55918170.048436246812
          0.056000000000   53958621.073955118656
          0.057000000000   52031485.911249257624
          0.058000000000   50138178.888665504754
          0.059000000000   48280012.000704430044
          0.060000000000   46458194.595286212862
          0.061000000000   44673833.351930722594
          0.062000000000   42927932.544212557375
          0.063000000000   41221394.578979924321
          0.064000000000   39555020.804011158645
          0.065000000000   37929512.575015403330
          0.066000000000   36345472.572164408863
          0.067000000000   34803406.355683736503
          0.068000000000   33303724.149420913309
          0.069000000000   31846742.840764489025
          0.070000000000   30432688.184792373329
          0.071000000000   29061697.200097411871
          0.072000000000   27733820.743368659168
          0.073000000000   26449026.249490048736
          0.074000000000   25207200.623669669032
          0.075000000000   24008153.271919246763
          0.076000000000   22851619.256068702787
          0.077000000000   21737262.559426546097
          0.078000000000   20664679.449177123606
          0.079000000000   19633401.921645719558
          0.080000000000   18642901.216649390757
          0.081000000000   17692591.387302428484
          0.082000000000   16781832.911831639707
          0.083000000000   15909936.334207497537
          0.084000000000   15076165.920680101961
          0.085000000000   14279743.319645114243
          0.086000000000   13519851.212636239827
          0.087000000000   12795636.944653328508
          0.088000000000   12106216.122481964529
          0.089000000000   11450676.170139083639
          0.090000000000   10828079.831089878455
          0.091000000000   10237468.607413286343
          0.092000000000    9677866.126654550433
          0.093000000000    9148281.427680535242
          0.094000000000    8647712.157448427752
          0.095000000000    8175147.671209067106
          0.096000000000    7729572.029284780845
          0.097000000000    7309966.884191014804
          0.098000000000    6915314.252501280978
          0.099000000000    6544599.166491786018
          0.100000000000    6196812.201232973486
          0.101000000000    5870951.873425835744
          0.102000000000    5566026.908903264441
          0.103000000000    5281058.376330204308
          0.104000000000    5015081.685239022598
          0.105000000000    4767148.447124504484
          0.106000000000    4536328.198895716108
          0.107000000000    4321709.988536533900
          0.108000000000    4122403.823361256626
          0.109000000000    3937541.981765102595
          0.110000000000    3766280.189859783277
          0.111000000000    3607798.664849927183
          0.112000000000    3461303.027446615510
          0.113000000000    3326025.086027687881
          0.114000000000    3201223.495640450157
          0.115000000000    3086184.295300280210
          0.116000000000    2980221.327367305290
          0.117000000000    2882676.543083100114
          0.118000000000    2792920.198619414587
          0.119000000000    2710350.946231564041
          0.120000000000    2634395.825320170727
          0.121000000000    2564510.158386555966
          0.122000000000    2500177.357019972987
          0.123000000000    2440908.643178924453
          0.124000000000    2386242.691125109326
          0.125000000000    2335745.195437456015
          0.126000000000    2289008.370576172601
          0.127000000000    2245650.387483882252
          0.128000000000    2205314.752702880185
          0.129000000000    2167669.635456774384
          0.130000000000    2132407.148091088049
          0.131000000000    2099242.585192591883
          0.132000000000    2067913.626612883061
          0.133000000000    2038179.509508152492
          0.134000000000    2009820.174376973417
          0.135000000000    1982635.389931468759
          0.136000000000    1956443.861476469552
          0.137000000000    1931082.327297396027
          0.138000000000    1906404.647372058593
          0.139000000000    1882280.888525868999
          0.140000000000    1858596.409945091698
          0.141000000000    1835250.952750886790
          0.142000000000    1812157.737118442543
          0.143000000000    1789242.570202548523
          0.144000000000    1766442.967904338147
          0.145000000000    1743707.293285201769
          0.146000000000    1720993.914203887107
          0.147000000000    1698270.382523185108
          0.148000000000    1675512.637003897922
          0.149000000000    1652704.231777644251
          0.150000000000    1629835.592066805577
          0.151000000000    1606903.298601156799
          0.152000000000    1583909.401966700330
          0.153000000000    1560860.767914119409
          0.154000000000    1537768.454452710925
          0.155000000000    1514647.121361113153
          0.156000000000    1491514.472559559857
          0.157000000000    1468390.731609879993
          0.158000000000    1445298.150439792313
          0.159000000000    1422260.551227398682
          0.160000000000    1399302.901230588323
          0.161000000000    1376450.920204473427
          0.162000000000    1353730.719918286195
          0.163000000000    1331168.475161391310
          0.164000000000    1308790.125516426517
          0.165000000000    1286621.107075779932
          0.166000000000    1264686.113186199451
          0.167000000000    1243008.883224313147
          0.168000000000    1221612.018334164750
          0.169000000000    1200516.822995309718
          0.170000000000    1179743.171237210976
          0.171000000000    1159309.396271693753
          0.172000000000    1139232.202280316735
          0.173000000000    1119526.597066916525
          0.174000000000    1100205.844267257489
          0.175000000000    1081281.433797111269
          0.176000000000    1062763.069216919132
          0.177000000000    1044658.670694918488
          0.178000000000    1026974.392260963796
          0.179000000000    1009714.652059652144
          0.180000000000     992882.174333461444
          0.181000000000     976478.041893917485
          0.182000000000     960501.757870821282
          0.183000000000     944951.315565939294
          0.184000000000     929823.275277774432
          0.185000000000     915112.847007668810
          0.186000000000     900813.978004052187
          0.187000000000     886919.444150849944
          0.188000000000     873420.944257314433
          0.189000000000     860309.196359518799
          0.190000000000     847574.035198192694
          0.191000000000     835204.510092754615
          0.192000000000     823188.982487414032
          0.193000000000     811515.222501348122
          0.194000000000     800170.503871071269
          0.195000000000     789141.696728912881
          0.196000000000     778415.357716623694
          0.197000000000     767977.816987349885
          0.198000000000     757815.261702345335
          0.199000000000     747913.815680465312
          0.200000000000     738259.614908659714
          0.201000000000     728838.878670142498
          0.202000000000     719637.976093390374
          0.203000000000     710643.487969624111
          0.204000000000     701842.263728764607
          0.205000000000     693221.473503891029
          0.206000000000     684768.655251979828
          0.207000000000     676471.756934017292
          0.208000000000     668319.173790421220
          0.209000000000     660299.780778115964
          0.210000000000     652402.960263486602
          0.211000000000     644618.625090813497
          0.212000000000     636937.237168678315
          0.213000000000     629349.821737301187
          0.214000000000     621847.977497765562
          0.215000000000     614423.882799734245
          0.216000000000     607070.298097607214
          0.217000000000     599780.564896136057
          0.218000000000     592548.601415484096
          0.219000000000     585368.895212502684
          0.220000000000     578236.492999890703
          0.221000000000     571146.987907843897
          0.222000000000     564096.504433998489
          0.223000000000     557081.681326871621
          0.224000000000     550099.652646054514
          0.225000000000     543148.027238679468
          0.226000000000     536224.866866891971
          0.227000000000     529328.663214885048
          0.228000000000     522458.313996712794
          0.229000000000     515613.098377906135
          0.230000000000     508792.651914664952
          0.231000000000     501996.941204453353
          0.232000000000     495226.238431200909
          0.233000000000     488481.095977078716
          0.234000000000     481762.321261161705
          0.235000000000     475070.951953251555
          0.236000000000     468408.231698850635
          0.237000000000     461775.586478789686
          0.238000000000     455174.601714497781
          0.239000000000     448607.000217355555
          0.240000000000     442074.621068091074
          0.241000000000     435579.399499949301
          0.242000000000     429123.347847257566
          0.243000000000     422708.537609268620
          0.244000000000     416337.082667772542
          0.245000000000     410011.123685979052
          0.246000000000     403732.813705629320
          0.247000000000     397504.304949314508
          0.248000000000     391327.736825482338
          0.249000000000     385205.225124739925
          0.250000000000     379138.852387769264
          0.251000000000     373130.659417534480
          0.252000000000     367182.637901456270
          0.253000000000     361296.724102897686
          0.254000000000     355474.793575632852
          0.255000000000     349718.656850005209
          0.256000000000     344030.056035149668
          0.257000000000     338410.662278036587
          0.258000000000     332862.074017096078
          0.259000000000     327385.815965881222
          0.260000000000     321983.338760520041
          0.261000000000     316656.019203640230
          0.262000000000     311405.161036964448
          0.263000000000     306231.996174865053
          0.264000000000     301137.686331770266
          0.265000000000     296123.324977491284
          0.266000000000     291189.939556087891
          0.267000000000     286338.493906019663
          0.268000000000     281569.890821709414
          0.269000000000     276884.974699546234
          0.270000000000     272284.534214486252
          0.271000000000     267769.304976856336
          0.272000000000     263339.972122721898
          0.273000000000     258997.172795065941
          0.274000000000     254741.498477144487
          0.275000000000     250573.497143649060
          0.276000000000     246493.675199617137
          0.277000000000     242502.499181455001
          0.278000000000     238600.397198853403
          0.279000000000     234787.760100807587
          0.280000000000     231064.942353313323
          0.281000000000     227432.262620612019
          0.282000000000     223890.004046031827
          0.283000000000     220438.414232540381
          0.284000000000     217077.704926986335
          0.285000000000     213808.051415699709
          0.286000000000     210629.591642623593
          0.287000000000     207542.425064359530
          0.288000000000     204546.611259531608
          0.289000000000     201642.168312578171
          0.290000000000     198829.070994545153
          0.291000000000     196107.248765592289
          0.292000000000     193476.583625776548
          0.293000000000     190936.907842244458
          0.294000000000     188488.001582175551
          0.295000000000     186129.590481774037
          0.296000000000     183861.343182206969
          0.297000000000     181682.868863715965
          0.298000000000     179593.714809146622
          0.299000000000     177593.364027853822
          0.300000000000     175681.232970409648
