          0.001000000000  147226945.385744720697
          0.002000000000  147085113.402894794941
          0.003000000000  146849011.410774886608
          0.004000000000  146519065.547169446945
          0.005000000000  146095870.745748370886
          0.006000000000  145580189.084023773670
          0.007000000000  144972947.669539153576
          0.008000000000  144275236.071896612644
          0.009000000000  143488303.309867620468
          0.010000000000  142613554.404416859150
          0.011000000000  141652546.510001003742
          0.012000000000  140606984.637991428375
          0.013000000000  139478716.987503677607
          0.014000000000  138269729.900257796049
          0.015000000000  136982142.457402437925
          0.016000000000  135618200.737436771393
          0.017000000000  134180271.755488380790
          0.018000000000  132670837.105270147324
          0.019000000000  131092486.325968250632
          0.020000000000  129447910.017191991210
          0.021000000000  127739892.725866153836
          0.022000000000  125971305.629626333714
          0.023000000000  124145099.041809633374
          0.024000000000  122264294.763628453016
          0.025000000000  120331978.309426307678
          0.026000000000  118351291.031196892262
          0.027000000000  116325422.168652549386
          0.028000000000  114257600.851193830371
          0.029000000000  112151088.078031644225
          0.030000000000  110009168.702555194497
          0.031000000000  107835143.446749493480
          0.032000000000  105632320.971101745963
          0.033000000000  103404010.024921774864
          0.034000000000  101153511.701491817832
          0.035000000000   98884111.821725860238
          0.036000000000   96599073.469327151775
          0.037000000000   94301629.699559435248
          0.038000000000   91994976.442857891321
          0.039000000000   89682265.623503267765
          0.040000000000   87366598.512539148331
          0.041000000000   85051019.332983076572
          0.042000000000   82738509.134211510420
          0.043000000000   80431979.951171755791
          0.044000000000   78134269.262794032693
          0.045000000000   75848134.762669831514
          0.046000000000   73576249.453708484769
          0.047000000000   71321197.077118977904
          0.048000000000   69085467.884659618139
          0.049000000000   66871454.761702179909
          0.050000000000   64681449.707225859165
          0.051000000000   62517640.675453372300
          0.052000000000   60382108.782420843840
          0.053000000000   58276825.879367776215
          0.054000000000   56203652.493463642895
          0.055000000000   54164336.135004274547
          0.056000000000   52160509.968898274004
          0.057000000000   50193691.846943147480
          0.058000000000   48265283.696151673794
          0.059000000000   46376571.257150098681
          0.060000000000   44528724.165511786938
          0.061000000000   42722796.367775261402
          0.062000000000   40959726.862821474671
          0.063000000000   39240340.758301585913
          0.064000000000   37565350.630853094161
          0.065000000000   35935358.177984416485
          0.066000000000   34350856.148690968752
          0.067000000000   32812230.539147626609
          0.068000000000   31319763.039152994752
          0.069000000000   29873633.714416656643
          0.070000000000   28473923.909273717552
          0.071000000000   27120619.353969596326
          0.072000000000   25813613.460301648825
          0.073000000000   24552710.789117503911
          0.074000000000   23337630.672962587327
          0.075000000000   22168010.977031398565
          0.076000000000   21043411.981516540051
          0.077000000000   19963320.368458978832
          0.078000000000   18927153.296280637383
          0.079000000000   17934262.545328080654
          0.080000000000   16983938.717967741191
          0.081000000000   16075415.477048020810
          0.082000000000   15207873.806876989082
          0.083000000000   14380446.281257193536
          0.084000000000   13592221.323562128469
          0.085000000000   12842247.444334020838
          0.086000000000   12129537.442424042150
          0.087000000000   11453072.556278888136
          0.088000000000   10811806.552600508556
          0.089000000000   10204669.740263596177
          0.090000000000    9630572.898062426597
          0.091000000000    9088411.105575589463
          0.092000000000    8577067.467173667625
          0.093000000000    8095416.719952791929
          0.094000000000    7642328.717148073018
          0.095000000000    7216671.779363720678
          0.096000000000    6817315.906746374443
          0.097000000000    6443135.846019316465
          0.098000000000    6093014.007089396939
          0.099000000000    5765843.224723495543
          0.100000000000    5460529.361573591828
          0.101000000000    5175993.749596372247
          0.102000000000    4911175.467669490725
          0.103000000000    4665033.453942323104
          0.104000000000    4436548.452177873813
          0.105000000000    4224724.792035359889
          0.106000000000    4028592.003913969733
          0.107000000000    3847206.269618527964
          0.108000000000    3679651.710721965879
          0.109000000000    3525041.517079274636
          0.110000000000    3382518.918497246690
          0.111000000000    3251258.003077828325
          0.112000000000    3130464.386232052464
          0.113000000000    3019375.734804078471
          0.114000000000    2917262.151150290389
          0.115000000000    2823426.422386461403
          0.116000000000    2737204.140346045606
          0.117000000000    2657963.698084760923
          0.118000000000    2585106.169020798057
          0.119000000000    2518065.075016586110
          0.120000000000    2456306.049887492787
          0.121000000000    2399326.404965464491
          0.122000000000    2346654.603452864103
          0.123000000000    2297849.650373768061
          0.124000000000    2252500.404968417715
          0.125000000000    2210224.822382254060
          0.126000000000    2170669.131475685164
          0.127000000000    2133506.955525026657
          0.128000000000    2098438.382501762826
          0.129000000000    2065188.991506658262
          0.130000000000    2033508.841799814254
          0.131000000000    2003171.430709119653
          0.132000000000    1973972.626518988982
          0.133000000000    1945729.582241463242
          0.134000000000    1918279.635953593533
          0.135000000000    1891479.203151176684
          0.136000000000    1865202.666320668766
          0.137000000000    1839341.266670702025
          0.138000000000    1813802.002693513874
          0.139000000000    1788506.539947093232
          0.140000000000    1763390.136162190465
          0.141000000000    1738400.585486598080
          0.142000000000    1713497.185383965261
          0.143000000000    1688649.729407220380
          0.144000000000    1663837.528769334313
          0.145000000000    1639048.465337983565
          0.146000000000    1614278.078386972658
          0.147000000000    1589528.687147750054
          0.148000000000    1564808.550919812405
          0.149000000000    1540131.068220767193
          0.150000000000    1515514.016186187277
          0.151000000000    1490978.831167225493
          0.152000000000    1466549.931221171049
          0.153000000000    1442254.080947400071
          0.154000000000    1418119.798889491474
          0.155000000000    1394176.807503865100
          0.156000000000    1370455.525487189181
          0.157000000000    1346986.602058891440
          0.158000000000    1323800.492612251779
          0.159000000000    1300927.074977670796
          0.160000000000    1278395.305385129526
          0.161000000000    1256232.913069758099
          0.162000000000    1234466.132334566675
          0.163000000000    1213119.470768198837
          0.164000000000    1192215.512212310685
          0.165000000000    1171774.752983292099
          0.166000000000    1151815.469775879290
          0.167000000000    1132353.617611577967
          0.168000000000    1113402.756142534316
          0.169000000000    1094974.002580898581
          0.170000000000    1077076.009494497674
          0.171000000000    1059714.965691558784
          0.172000000000    1042894.618409198709
          0.173000000000    1026616.315022474504
          0.174000000000    1010879.062502151006
          0.175000000000     995679.602869298309
          0.176000000000     981012.502923069522
          0.177000000000     966870.256553604151
          0.178000000000     953243.397994661587
          0.179000000000     940120.624419363448
          0.180000000000     927488.926336990087
          0.181000000000     915333.724308280041
          0.182000000000     903639.010560672963
          0.183000000000     892387.494152774336
          0.184000000000     881560.748408290441
          0.185000000000     871139.359413463855
          0.186000000000     861103.074447848601
          0.187000000000     851430.949295611354
          0.188000000000     842101.493463089108
          0.189000000000     833092.812407277874
          0.190000000000     824382.745959119173
          0.191000000000     815949.002204194316
          0.192000000000     807769.286161516211
          0.193000000000     799821.422677956522
          0.194000000000     792083.473031288828
          0.195000000000     784533.844808362424
          0.196000000000     777151.394696388277
          0.197000000000     769915.523894341197
          0.198000000000     762806.265917854267
          0.199000000000     755804.366634593229
          0.200000000000     748891.356427470804
          0.201000000000     742049.614440457895
          0.202000000000     735262.424915612675
          0.203000000000     728514.025680474471
          0.204000000000     721789.648891984834
          0.205000000000     715075.554186399328
          0.206000000000     708359.054424540722
          0.207000000000     701628.534257794381
          0.208000000000     694873.461772846524
          0.209000000000     688084.393502081977
          0.210000000000     681252.973111908766
          0.211000000000     674371.924103308935
          0.212000000000     667435.036877280800
          0.213000000000     660437.150533180451
          0.214000000000     653374.129779888433
          0.215000000000     646242.837348750792
          0.216000000000     639041.102303107386
          0.217000000000     631767.684642547276
          0.218000000000     624422.236600377015
          0.219000000000     617005.261030947091
          0.220000000000     609518.067278992035
          0.221000000000     601962.724916712381
          0.222000000000     594342.015725702979
          0.223000000000     586659.384290449438
          0.224000000000     578918.887558039161
          0.225000000000     571125.143705092487
          0.226000000000     563283.280638042954
          0.227000000000     555398.884436723194
          0.228000000000     547477.948034137604
          0.229000000000     539526.820407330757
          0.230000000000     531552.156535597751
          0.231000000000     523560.868363111978
          0.232000000000     515560.076983507024
          0.233000000000     507557.066244103946
          0.234000000000     499559.237947589543
          0.235000000000     491574.068809090764
          0.236000000000     483609.069306810154
          0.237000000000     475671.744544984365
          0.238000000000     467769.557228783669
          0.239000000000     459909.892832173849
          0.240000000000     452100.027021727990
          0.241000000000     444347.095381927735
          0.242000000000     436658.065470871865
          0.243000000000     429039.711219366116
          0.244000000000     421498.589671396883
          0.245000000000     414041.020049803832
          0.246000000000     406673.065117823367
          0.247000000000     399400.514794945426
          0.248000000000     392228.871974334877
          0.249000000000     385163.340478893544
          0.250000000000     378208.815083905181
          0.251000000000     371369.873526097974
          0.252000000000     364650.770411914506
          0.253000000000     358055.432931755611
          0.254000000000     351587.458281917614
          0.255000000000     345250.112691970658
          0.256000000000     339046.331952222390
          0.257000000000     332978.723333830480
          0.258000000000     327049.568792862585
          0.259000000000     321260.829349269217
          0.260000000000     315614.150532145693
          0.261000000000     310110.868783880491
          0.262000000000     304752.018717703933
          0.263000000000     299538.341125698702
          0.264000000000     294470.291637527174
          0.265000000000     289548.049933844886
          0.266000000000     284771.529422535968
          0.267000000000     280140.387290579907
          0.268000000000     275654.034849283053
          0.269000000000     271311.648095955199
          0.270000000000     267112.178420600831
          0.271000000000     263054.363391928375
          0.272000000000     259136.737562841270
          0.273000000000     255357.643241453770
          0.274000000000     251715.241179660428
          0.275000000000     248207.521137135394
          0.276000000000     244832.312284502696
          0.277000000000     241587.293415071530
          0.278000000000     238470.002940067381
          0.279000000000     235477.848647582083
          0.280000000000     232608.117210517288
          0.281000000000     229857.983433565038
          0.282000000000     227224.519233734434
          0.283000000000     224704.702353028726
          0.284000000000     222295.424805664079
          0.285000000000     219993.501065573859
          0.286000000000     217795.676002958644
          0.287000000000     215698.632581203507
          0.288000000000     213698.999327690690
          0.289000000000     211793.357593786874
          0.290000000000     209978.248620666098
          0.291000000000     208250.180428577791
          0.292000000000     206605.634547751979
          0.293000000000     205041.072609308176
          0.294000000000     203552.942814360111
          0.295000000000     202137.686298990244
          0.296000000000     200791.743411891570
          0.297000000000     199511.559920332948
          0.298000000000     198293.593158654839
          0.299000000000     197134.318131804728
          0.300000000000     196030.233584516187
