          0.001000000000  143028629.393824547529
          0.002000000000  142891255.547828495502
          0.003000000000  142662583.508751362562
          0.004000000000  142343038.954952746630
          0.005000000000  141933216.083609819412
          0.006000000000  141433875.866361230612
          0.007000000000  140845943.818178027868
          0.008000000000  140170507.288114279509
          0.009000000000  139408812.282410979271
          0.010000000000  138562259.832216352224
          0.011000000000  137632401.919920891523
          0.012000000000  136620936.979780346155
          0.013000000000  135529704.990057259798
          0.014000000000  134360682.175470292568
          0.015000000000  133115975.340125143528
          0.016000000000  131797815.852456495166
          0.017000000000  130408553.304926440120
          0.018000000000  128950648.872366040945
          0.019000000000  127426668.393852904439
          0.020000000000  125839275.203922331333
          0.021000000000  124191222.739703357220
          0.022000000000  122485346.951235637069
          0.023000000000  120724558.542757973075
          0.024000000000  118911835.073192566633
          0.025000000000  117050212.944333434105
          0.026000000000  115142779.305425375700
          0.027000000000  113192663.902851954103
          0.028000000000  111203030.903584346175
          0.029000000000  109177070.720825612545
          0.030000000000  107117991.869972005486
          0.031000000000  105029012.882559031248
          0.032000000000  102913354.305311262608
          0.033000000000  100774230.810742273927
          0.034000000000   98614843.444974035025
          0.035000000000   96438372.037570029497
          0.036000000000   94247967.797205463052
          0.037000000000   92046746.115919411182
          0.038000000000   89837779.603576689959
          0.039000000000   87624091.372890159488
          0.040000000000   85408648.594110488892
          0.041000000000   83194356.337089180946
          0.042000000000   80984051.717018306255
          0.043000000000   78780498.358680441976
          0.044000000000   76586381.192529857159
          0.045000000000   74404301.594388112426
          0.046000000000   72236772.878966912627
          0.047000000000   70086216.155836403370
          0.048000000000   67954956.554880186915
          0.049000000000   65845219.826657272875
          0.050000000000   63759129.321513816714
          0.051000000000   61698703.349704116583
          0.052000000000   59665852.923217669129
          0.053000000000   57662379.878479130566
          0.054000000000   55689975.377592466772
          0.055000000000   53750218.784341678023
          0.056000000000   51844576.909751579165
          0.057000000000   49974403.620656885207
          0.058000000000   48140939.803427621722
          0.059000000000   46345313.673768244684
          0.060000000000   44588541.422336645424
          0.061000000000   42871528.184842623770
          0.062000000000   41195069.324257567525
          0.063000000000   39559852.011840544641
          0.064000000000   37966457.092821329832
          0.065000000000   36415361.221812590957
          0.066000000000   34906939.252337679267
          0.067000000000   33441466.864262808114
          0.068000000000   32019123.412412784994
          0.069000000000   30639994.979228507727
          0.070000000000   29304077.613991282880
          0.071000000000   28011280.740898568183
          0.072000000000   26761430.718111205846
          0.073000000000   25554274.529828425497
          0.074000000000   24389483.593451086432
          0.075000000000   23266657.663991708308
          0.076000000000   22185328.818056430668
          0.077000000000   21144965.499973867089
          0.078000000000   20144976.612963255495
          0.079000000000   19184715.638620246202
          0.080000000000   18263484.768451690674
          0.081000000000   17380539.031703639776
          0.082000000000   16535090.404291564599
          0.083000000000   15726311.884264839813
          0.084000000000   14953341.519901279360
          0.085000000000   14215286.377237495035
          0.086000000000   13511226.434585392475
          0.087000000000   12840218.392362203449
          0.088000000000   12201299.387366814539
          0.089000000000   11593490.601461872458
          0.090000000000   11015800.755464542657
          0.091000000000   10467229.479905828834
          0.092000000000    9946770.555181583390
          0.093000000000    9453415.014485821128
          0.094000000000    8986154.103781154379
          0.095000000000    8543982.093921054155
          0.096000000000    8125898.940886255354
          0.097000000000    7730912.790932927281
          0.098000000000    7358042.328265583143
          0.099000000000    7006318.963643057272
          0.100000000000    6674788.863094712608
          0.101000000000    6362514.816665764898
          0.102000000000    6068577.947821371257
          0.103000000000    5792079.264815920964
          0.104000000000    5532141.055975775234
          0.105000000000    5287908.131447399035
          0.106000000000    5058548.914527826943
          0.107000000000    4843256.386217849329
          0.108000000000    4641248.887120938860
          0.109000000000    4451770.781250261702
          0.110000000000    4274092.986702458933
          0.111000000000    4107513.378510417882
          0.112000000000    3951357.069295866415
          0.113000000000    3804976.573609851766
          0.114000000000    3667751.862072264776
          0.115000000000    3539090.311603115406
          0.116000000000    3418426.558178825770
          0.117000000000    3305222.258647368755
          0.118000000000    3198965.768197286408
          0.119000000000    3099171.740100807510
          0.120000000000    3005380.654339734931
          0.121000000000    2917158.281678124797
          0.122000000000    2834095.089669048786
          0.123000000000    2755805.596975855064
          0.124000000000    2681927.682254198939
          0.125000000000    2612121.853680594359
          0.126000000000    2546070.485030032694
          0.127000000000    2483477.024000244681
          0.128000000000    2424065.178256649990
          0.129000000000    2367578.084431729279
          0.130000000000    2313777.465058122296
          0.131000000000    2262442.778147849254
          0.132000000000    2213370.363853832241
          0.133000000000    2166372.592365419958
          0.134000000000    2121277.016900067683
          0.135000000000    2077925.535359825008
          0.136000000000    2036173.563926587347
          0.137000000000    1995889.225575186079
          0.138000000000    1956952.556191171752
          0.139000000000    1919254.730690991040
          0.140000000000    1882697.311258901842
          0.141000000000    1847191.519537950167
          0.142000000000    1812657.534343577223
          0.143000000000    1779023.816208631964
          0.144000000000    1746226.459819275420
          0.145000000000    1714208.575162905967
          0.146000000000    1682919.697983159451
          0.147000000000    1652315.229923376814
          0.148000000000    1622355.908539762720
          0.149000000000    1593007.307178739225
          0.150000000000    1564239.364540489158
          0.151000000000    1536025.943592268974
          0.152000000000    1508344.419350906974
          0.153000000000    1481175.294924189104
          0.154000000000    1454501.845085179433
          0.155000000000    1428309.786551808473
          0.156000000000    1402586.974056250183
          0.157000000000    1377323.121213874081
          0.158000000000    1352509.545139841968
          0.159000000000    1328138.933712121565
          0.160000000000    1304205.134342083707
          0.161000000000    1280702.963087570854
          0.162000000000    1257628.032927566674
          0.163000000000    1234976.600011589937
          0.164000000000    1212745.426700352225
          0.165000000000    1190931.660225668689
          0.166000000000    1169532.725817058701
          0.167000000000    1148546.233168547507
          0.168000000000    1127969.895151590928
          0.169000000000    1107801.457717644749
          0.170000000000    1088038.639976281906
          0.171000000000    1068679.083480899455
          0.172000000000    1049720.309803499840
          0.173000000000    1031159.685531864874
          0.174000000000    1012994.393876200076
          0.175000000000     995221.412127261283
          0.176000000000     977837.494263485889
          0.177000000000     960839.158060414135
          0.178000000000     944222.676110771485
          0.179000000000     927984.070218000212
          0.180000000000     912119.108678966993
          0.181000000000     896623.306022866396
          0.182000000000     881491.924822662142
          0.183000000000     866719.979242194677
          0.184000000000     852302.240026594023
          0.185000000000     838233.240685072145
          0.186000000000     824507.284653887269
          0.187000000000     811118.453262777417
          0.188000000000     798060.614360648440
          0.189000000000     785327.431485488429
          0.190000000000     772912.373489586171
          0.191000000000     760808.724553989596
          0.192000000000     749009.594545923523
          0.193000000000     737507.929689647164
          0.194000000000     726296.523535092245
          0.195000000000     715368.028219606262
          0.196000000000     704714.966026657261
          0.197000000000     694329.741251215106
          0.198000000000     684204.652385279653
          0.199000000000     674331.904638580862
          0.200000000000     664703.622809224180
          0.201000000000     655311.864517052891
          0.202000000000     646148.633809162537
          0.203000000000     637205.895142228226
          0.204000000000     628475.587740729447
          0.205000000000     619949.640323553118
          0.206000000000     611619.986184359994
          0.207000000000     603478.578603517031
          0.208000000000     595517.406561620999
          0.209000000000     587728.510716795572
          0.210000000000     580103.999600140029
          0.211000000000     572636.065976319951
          0.212000000000     565317.003309131251
          0.213000000000     558139.222265377757
          0.214000000000     551095.267184462398
          0.215000000000     544177.832435933873
          0.216000000000     537379.778582860949
          0.217000000000     530694.148265465978
          0.218000000000     524114.181716874940
          0.219000000000     517633.331821266620
          0.220000000000     511245.278624154569
          0.221000000000     504943.943204908515
          0.222000000000     498723.500823015638
          0.223000000000     492578.393251979200
          0.224000000000     486503.340218021243
          0.225000000000     480493.349864973163
          0.226000000000     474543.728171776107
          0.227000000000     468650.087254830752
          0.228000000000     462808.352494004474
          0.229000000000     457014.768428266281
          0.230000000000     451265.903374666872
          0.231000000000     445558.652732643764
          0.232000000000     439890.240944190708
          0.233000000000     434258.222089406394
          0.234000000000     428660.479106012615
          0.235000000000     423095.221630726650
          0.236000000000     417560.982469608367
          0.237000000000     412056.612713739800
          0.238000000000     406581.275525673060
          0.239000000000     401134.438630895456
          0.240000000000     395715.865557155688
          0.241000000000     390325.605672596546
          0.242000000000     384963.983081408951
          0.243000000000     379631.584442910505
          0.244000000000     374329.245786595682
          0.245000000000     369058.038401769765
          0.246000000000     363819.253885733779
          0.247000000000     358614.388439205359
          0.248000000000     353445.126501649327
          0.249000000000     348313.323822408915
          0.250000000000     343220.990066067083
          0.251000000000     338170.271052184224
          0.252000000000     333163.430730556487
          0.253000000000     328202.832993387652
          0.254000000000     323290.923425266170
          0.255000000000     318430.211090637371
          0.256000000000     313623.250456584792
          0.257000000000     308872.623546157381
          0.258000000000     304180.922414326225
          0.259000000000     299550.732034888235
          0.260000000000     294984.613682355324
          0.261000000000     290485.088888051047
          0.262000000000     286054.624044439173
          0.263000000000     281695.615726047661
          0.264000000000     277410.376789427130
          0.265000000000     273201.123308309878
          0.266000000000     269069.962393656140
          0.267000000000     265018.880941660027
          0.268000000000     261049.735345979105
          0.269000000000     257164.242203630129
          0.270000000000     253363.970037170657
          0.271000000000     249650.332048945478
          0.272000000000     246024.579916491813
          0.273000000000     242487.798631597572
          0.274000000000     239040.902379118808
          0.275000000000     235684.631445477076
          0.276000000000     232419.550140847365
          0.277000000000     229246.045713421510
          0.278000000000     226164.328228833270
          0.279000000000     223174.431382903276
          0.280000000000     220276.214211279090
          0.281000000000     217469.363655400783
          0.282000000000     214753.397940466966
          0.283000000000     212127.670717745408
          0.284000000000     209591.375920699560
          0.285000000000     207143.553281962173
          0.286000000000     204783.094456161401
          0.287000000000     202508.749692079960
          0.288000000000     200319.134996473353
          0.289000000000     198212.739731193666
          0.290000000000     196187.934584983188
          0.291000000000     194242.979861410422
          0.292000000000     192376.034024940076
          0.293000000000     190585.162447999377
          0.294000000000     188868.346303105005
          0.295000000000     187223.491545672237
          0.296000000000     185648.437934952351
          0.297000000000     184140.968042659108
          0.298000000000     182698.816201188427
          0.299000000000     181319.677345921897
          0.300000000000     180001.215708857722
