          0.001000000000  147482619.080758601427
          0.002000000000  147343496.924489647150
          0.003000000000  147111903.469055473804
          0.004000000000  146788253.111100316048
          0.005000000000  146373124.387207359076
          0.006000000000  145867258.362268209457
          0.007000000000  145271556.567471802235
          0.008000000000  144587078.495418041945
          0.009000000000  143815038.661458432674
          0.010000000000  142956803.241929084063
          0.011000000000  142013886.301459223032
          0.012000000000  140987945.622987270355
          0.013000000000  139880778.155531764030
          0.014000000000  138694315.096087783575
          0.015000000000  137430616.623297452927
          0.016000000000  136091866.301720440388
          0.017000000000  134680365.176640957594
          0.018000000000  133198525.580378398299
          0.019000000000  131648864.671983689070
          0.020000000000  130033997.733065903187
          0.021000000000  128356631.243202552199
          0.022000000000  126619555.759067565203
          0.023000000000  124825638.621922209859
          0.024000000000  122977816.518567889929
          0.025000000000  121079087.921185508370
          0.026000000000  119132505.431719109416
          0.027000000000  117141168.056584313512
          0.028000000000  115108213.437489420176
          0.029000000000  113036810.064087972045
          0.030000000000  110930149.493972241879
          0.031000000000  108791438.605242967606
          0.032000000000  106623891.906478539109
          0.033000000000  104430723.928466588259
          0.034000000000  102215141.721450790763
          0.035000000000   99980337.480998218060
          0.036000000000   97729481.324819460511
          0.037000000000   95465714.242044717073
          0.038000000000   93192141.235531225801
          0.039000000000   90911824.676806345582
          0.040000000000   88627777.892170503736
          0.041000000000   86342958.997390449047
          0.042000000000   84060264.997225925326
          0.043000000000   81782526.164805427194
          0.044000000000   79512500.714617490768
          0.045000000000   77252869.781558915973
          0.046000000000   75006232.717154130340
          0.047000000000   72775102.712699055672
          0.048000000000   70561902.757698655128
          0.049000000000   68368961.940576493740
          0.050000000000   66198512.097236789763
          0.051000000000   64052684.811658553779
          0.052000000000   61933508.771317325532
          0.053000000000   59842907.478840239346
          0.054000000000   57782697.319956995547
          0.055000000000   55754585.986453361809
          0.056000000000   53760171.251551538706
          0.057000000000   51800940.093854971230
          0.058000000000   49878268.164775893092
          0.059000000000   47993419.593176290393
          0.060000000000   46147547.119822971523
          0.061000000000   44341692.553172945976
          0.062000000000   42576787.536987662315
          0.063000000000   40853654.619313746691
          0.064000000000   39173008.611466757953
          0.065000000000   37535458.224833875895
          0.066000000000   35941507.972545288503
          0.067000000000   34391560.322376459837
          0.068000000000   32885918.086634159088
          0.069000000000   31424787.034232113510
          0.070000000000   30008278.709701459855
          0.071000000000   28636413.443487636745
          0.072000000000   27309123.537574689835
          0.073000000000   26026256.610239271075
          0.074000000000   24787579.083566859365
          0.075000000000   23592779.797280862927
          0.076000000000   22441473.732411470264
          0.077000000000   21333205.828384153545
          0.078000000000   20267454.877231072634
          0.079000000000   19243637.478814031929
          0.080000000000   18261112.041199225932
          0.081000000000   17319182.810637257993
          0.082000000000   16417103.915968753397
          0.083000000000   15554083.412704857066
          0.084000000000   14729287.312502948567
          0.085000000000   13941843.584284432232
          0.086000000000   13190846.113806320354
          0.087000000000   12475358.609106181189
          0.088000000000   11794418.439881920815
          0.089000000000   11147040.399542694911
          0.090000000000   10532220.379369102418
          0.091000000000    9948938.944946428761
          0.092000000000    9396164.805780239403
          0.093000000000    8872858.169762868434
          0.094000000000    8377973.974932428449
          0.095000000000    7910464.991743193939
          0.096000000000    7469284.789849524386
          0.097000000000    7053390.564185449854
          0.098000000000    6661745.815900491551
          0.099000000000    6293322.884480335750
          0.100000000000    5947105.328139333054
          0.101000000000    5622090.150314482860
          0.102000000000    5317289.870816260576
          0.103000000000    5031734.440896285698
          0.104000000000    4764473.002172890119
          0.105000000000    4514575.490011585876
          0.106000000000    4281134.082584461197
          0.107000000000    4063264.497429904994
          0.108000000000    3860107.137898733374
          0.109000000000    3670828.092404944357
          0.110000000000    3494619.989894991275
          0.111000000000    3330702.715410241392
          0.112000000000    3178323.990040140226
          0.113000000000    3036759.819949212018
          0.114000000000    2905314.819507952780
          0.115000000000    2783322.413866520859
          0.116000000000    2670144.926580377854
          0.117000000000    2565173.558128531091
          0.118000000000    2467828.261359390337
          0.119000000000    2377557.520055554342
          0.120000000000    2293838.036928628571
          0.121000000000    2216174.337439651601
          0.122000000000    2144098.295890103094
          0.123000000000    2077168.590244411957
          0.124000000000    2014970.092129315715
          0.125000000000    1957113.198408531025
          0.126000000000    1903233.110655820230
          0.127000000000    1852989.068746660370
          0.128000000000    1806063.544660104439
          0.129000000000    1762161.402430482209
          0.130000000000    1721009.030014296994
          0.131000000000    1682353.448643824784
          0.132000000000    1645961.405026955530
          0.133000000000    1611618.451524809701
          0.134000000000    1579128.019196716137
          0.135000000000    1548310.488348134328
          0.136000000000    1519002.260952896904
          0.137000000000    1491054.839048925322
          0.138000000000    1464333.912927900208
          0.139000000000    1438718.462656295160
          0.140000000000    1414099.876179507235
          0.141000000000    1390381.086973889498
          0.142000000000    1367475.733925680630
          0.143000000000    1345307.345831607934
          0.144000000000    1323808.552636043867
          0.145000000000    1302920.325244194129
          0.146000000000    1282591.245482117869
          0.147000000000    1262776.807512989268
          0.148000000000    1243438.751766235800
          0.149000000000    1224544.432193118613
          0.150000000000    1206066.217429432087
          0.151000000000    1187980.926224536961
          0.152000000000    1170269.297286123503
          0.153000000000    1152915.493492858019
          0.154000000000    1135906.640242447145
          0.155000000000    1119232.397531452356
          0.156000000000    1102884.565205191495
          0.157000000000    1086856.720671812771
          0.158000000000    1071143.888243884314
          0.159000000000    1055742.239153814735
          0.160000000000    1040648.821185777895
          0.161000000000    1025861.316776527325
          0.162000000000    1011377.828360260464
          0.163000000000     997196.689668079489
          0.164000000000     983316.301640352467
          0.165000000000     969734.991569898557
          0.166000000000     956450.894064814434
          0.167000000000     943461.852401596261
          0.168000000000     930765.338831063127
          0.169000000000     918358.392401324469
          0.170000000000     906237.572872403776
          0.171000000000     894398.929316125694
          0.172000000000     882837.982021210017
          0.173000000000     871549.716356965015
          0.174000000000     860528.587288575480
          0.175000000000     849768.533282125136
          0.176000000000     839262.998387546744
          0.177000000000     829004.961341845687
          0.178000000000     818986.970592685509
          0.179000000000     809201.184203001787
          0.180000000000     799639.413660111371
          0.181000000000     790293.170677289250
          0.182000000000     781153.716141338809
          0.183000000000     772212.110425739666
          0.184000000000     763459.264355110470
          0.185000000000     754885.990172362886
          0.186000000000     746483.051924721338
          0.187000000000     738241.214748269995
          0.188000000000     730151.292592527345
          0.189000000000     722204.193986391649
          0.190000000000     714390.965504385764
          0.191000000000     706702.832647201838
          0.192000000000     699131.237902811728
          0.193000000000     691667.875803862349
          0.194000000000     684304.724843342323
          0.195000000000     677034.076153723174
          0.196000000000     669848.558894625632
          0.197000000000     662741.162330732564
          0.198000000000     655705.254614926293
          0.199000000000     648734.598321675556
          0.200000000000     641823.362802415504
          0.201000000000     634966.133458256721
          0.202000000000     628157.918045750586
          0.203000000000     621394.150148918037
          0.204000000000     614670.689965278958
          0.205000000000     607983.822565364535
          0.206000000000     601330.253794456017
          0.207000000000     594707.103991942015
          0.208000000000     588111.899708205485
          0.209000000000     581542.563601245871
          0.210000000000     574997.402695677127
          0.211000000000     568475.095185407205
          0.212000000000     561974.675958376029
          0.213000000000     555495.521017446415
          0.214000000000     549037.330966027803
          0.215000000000     542600.113720460446
          0.216000000000     536184.166603758698
          0.217000000000     529790.057967198896
          0.218000000000     523418.608477525820
          0.219000000000     517070.872198453057
          0.220000000000     510748.117585797329
          0.221000000000     504451.808506001311
          0.222000000000     498183.585378287302
          0.223000000000     491945.246531211364
          0.224000000000     485738.729855017213
          0.225000000000     479566.094822206243
          0.226000000000     473429.504939927778
          0.227000000000     467331.210689489031
          0.228000000000     461273.533000356401
          0.229000000000     455258.847298553446
          0.230000000000     449289.568162504525
          0.231000000000     443368.134612865397
          0.232000000000     437496.996057143551
          0.233000000000     431678.598904509505
          0.234000000000     425915.373861484695
          0.235000000000     420209.723914961156
          0.236000000000     414564.013005257526
          0.237000000000     408980.555388754758
          0.238000000000     403461.605686859344
          0.239000000000     398009.349615767656
          0.240000000000     392625.895389584242
          0.241000000000     387313.265787815792
          0.242000000000     382073.390877074620
          0.243000000000     376908.101375891769
          0.244000000000     371819.122650905105
          0.245000000000     366808.069332226587
          0.246000000000     361876.440535527945
          0.247000000000     357025.615678244736
          0.248000000000     352256.850877273770
          0.249000000000     347571.275915561768
          0.250000000000     342969.891765042499
          0.251000000000     338453.568653481663
          0.252000000000     334023.044662801258
          0.253000000000     329678.924846513895
          0.254000000000     325421.680853795726
          0.255000000000     321251.651047673426
          0.256000000000     317169.041104511183
          0.257000000000     313173.925081717200
          0.258000000000     309266.246940190787
          0.259000000000     305445.822507472476
          0.260000000000     301712.341866970179
          0.261000000000     298065.372157901933
          0.262000000000     294504.360769798921
          0.263000000000     291028.638914501877
          0.264000000000     287637.425557635084
          0.265000000000     284329.831690494088
          0.266000000000     281104.864922262786
          0.267000000000     277961.434371328913
          0.268000000000     274898.355833420355
          0.269000000000     271914.357203150634
          0.270000000000     269008.084124546614
          0.271000000000     266178.105845065904
          0.272000000000     263422.921246734855
          0.273000000000     260740.965027095197
          0.274000000000     258130.614001964772
          0.275000000000     255590.193501323287
          0.276000000000     253117.983829149365
          0.277000000000     250712.226757666358
          0.278000000000     248371.132026256935
          0.279000000000     246092.883815262525
          0.280000000000     243875.647165033035
          0.281000000000     241717.574310908531
          0.282000000000     239616.810905336897
          0.283000000000     237571.502099016710
          0.284000000000     235579.798453847296
          0.285000000000     233639.861661539238
          0.286000000000     231749.870042987575
          0.287000000000     229908.023804930708
          0.288000000000     228112.550032012019
          0.289000000000     226361.707394095836
          0.290000000000     224653.790550573874
          0.291000000000     222987.134235410776
          0.292000000000     221360.117008778121
          0.293000000000     219771.164663370640
          0.294000000000     218218.753275749885
          0.295000000000     216701.411895441794
          0.296000000000     215217.724866868200
          0.297000000000     213766.333781625784
          0.298000000000     212345.939060988807
          0.299000000000     210955.301170937280
          0.300000000000     209593.241474301147
