          0.001000000000  145395166.607142835855
          0.002000000000  145258390.115999847651
          0.003000000000  145030696.419380933046
          0.004000000000  144712485.442572861910
          0.005000000000  144304315.568443953991
          0.006000000000  143806902.131246924400
          0.007000000000  143221115.489149212837
          0.008000000000  142547978.682202279568
          0.009000000000  141788664.683931291103
          0.010000000000  140944493.256118327379
          0.011000000000  140016927.417733520269
          0.012000000000  139007569.540262013674
          0.013000000000  137918157.082968264818
          0.014000000000  136750557.982834666967
          0.015000000000  135506765.715062975883
          0.016000000000  134188894.041131436825
          0.017000000000  132799171.462375298142
          0.018000000000  131339935.398051738739
          0.019000000000  129813626.107657164335
          0.020000000000  128222780.378101140261
          0.021000000000  126570024.996998906136
          0.022000000000  124858070.033968135715
          0.023000000000  123089701.952359527349
          0.024000000000  121267776.574251875281
          0.025000000000  119395211.921909108758
          0.026000000000  117474980.959138914943
          0.027000000000  115510104.256147533655
          0.028000000000  113503642.601558297873
          0.029000000000  111458689.585229381919
          0.030000000000  109378364.175388470292
          0.031000000000  107265803.313395336270
          0.032000000000  105124154.549155682325
          0.033000000000  102956568.739805415273
          0.034000000000  100766192.833841443062
          0.035000000000   98556162.762313604355
          0.036000000000   96329596.458077043295
          0.037000000000   94089587.023383781314
          0.038000000000   91839196.065347880125
          0.039000000000   89581447.217965468764
          0.040000000000   87319319.868461504579
          0.041000000000   85055743.104797929525
          0.042000000000   82793589.900152742863
          0.043000000000   80535671.549107328057
          0.044000000000   78284732.369206592441
          0.045000000000   76043444.680380508304
          0.046000000000   73814404.073558092117
          0.047000000000   71600124.978605747223
          0.048000000000   69403036.540478393435
          0.049000000000   67225478.811254516244
          0.050000000000   65069699.264453113079
          0.051000000000   62937849.636785715818
          0.052000000000   60831983.101235084236
          0.053000000000   58754051.774100050330
          0.054000000000   56705904.557400509715
          0.055000000000   54689285.316819317639
          0.056000000000   52705831.394140385091
          0.057000000000   50757072.451974295080
          0.058000000000   48844429.647400774062
          0.059000000000   46969215.130054354668
          0.060000000000   45132631.859087690711
          0.061000000000   43335773.732430353761
          0.062000000000   41579626.020752944052
          0.063000000000   39865066.097626812756
          0.064000000000   38192864.456467434764
          0.065000000000   36563686.004032328725
          0.066000000000   34978091.619460970163
          0.067000000000   33436539.967140372843
          0.068000000000   31939389.551025696099
          0.069000000000   30486900.997457399964
          0.070000000000   29079239.552999977022
          0.071000000000   27716477.783365227282
          0.072000000000   26398598.459097359329
          0.073000000000   25125497.613372825086
          0.074000000000   23896987.757009841502
          0.075000000000   22712801.235594853759
          0.076000000000   21572593.713504657149
          0.077000000000   20475947.769544109702
          0.078000000000   19422376.588923569769
          0.079000000000   18411327.736359771341
          0.080000000000   17442186.995213810354
          0.081000000000   16514282.257758490741
          0.082000000000   15626887.451906446368
          0.083000000000   14779226.490022737533
          0.084000000000   13970477.225786292925
          0.085000000000   13199775.405456544831
          0.086000000000   12466218.600333718583
          0.087000000000   11768870.107682147995
          0.088000000000   11106762.807897154242
          0.089000000000   10478902.966249274090
          0.090000000000    9884273.968123136088
          0.091000000000    9321839.977275375277
          0.092000000000    8790549.507276603952
          0.093000000000    8289338.896956970915
          0.094000000000    7817135.681350380182
          0.095000000000    7372861.850322426297
          0.096000000000    6955436.987767430954
          0.097000000000    6563781.284966580570
          0.098000000000    6196818.422411645763
          0.099000000000    5853478.315110255964
          0.100000000000    5532699.717098418623
          0.101000000000    5233432.681589382701
          0.102000000000    4954640.873883345164
          0.103000000000    4695303.734845343977
          0.104000000000    4454418.493427791633
          0.105000000000    4231002.027366384864
          0.106000000000    4024092.571810366120
          0.107000000000    3832751.276259304956
          0.108000000000    3656063.610766145866
          0.109000000000    3493140.622927633580
          0.110000000000    3343120.047718054149
          0.111000000000    3205167.272727750707
          0.112000000000    3078476.161843390204
          0.113000000000    2962269.740851184819
          0.114000000000    2855800.748856335413
          0.115000000000    2758352.059790967032
          0.116000000000    2669236.978628195822
          0.117000000000    2587799.417231433559
          0.118000000000    2513413.955045550130
          0.119000000000    2445485.790079507977
          0.120000000000    2383450.585839171428
          0.121000000000    2326774.220044539310
          0.122000000000    2274952.441107571591
          0.123000000000    2227510.438456394710
          0.124000000000    2184002.332869118080
          0.125000000000    2144010.593027032446
          0.126000000000    2107145.384513700381
          0.127000000000    2073043.857473765733
          0.128000000000    2041369.379105676431
          0.129000000000    2011810.717095984844
          0.130000000000    1984081.180011712713
          0.131000000000    1957917.720552629326
          0.132000000000    1933080.007428608369
          0.133000000000    1909349.471470424905
          0.134000000000    1886528.331406611018
          0.135000000000    1864438.604546532268
          0.136000000000    1842921.107401718851
          0.137000000000    1821834.451055952813
          0.138000000000    1801054.035861033481
          0.139000000000    1780471.049791245488
          0.140000000000    1759991.474537163274
          0.141000000000    1739535.103160015075
          0.142000000000    1719034.572863084963
          0.143000000000    1698434.416168114869
          0.144000000000    1677690.133513960522
          0.145000000000    1656767.290023186244
          0.146000000000    1635640.638911416754
          0.147000000000    1614293.273745296290
          0.148000000000    1592715.811489404179
          0.149000000000    1570905.608021035092
          0.150000000000    1548866.007536370307
          0.151000000000    1526605.627022430534
          0.152000000000    1504137.676727825543
          0.153000000000    1481479.317332407227
          0.154000000000    1458651.054292205954
          0.155000000000    1435676.169622219400
          0.156000000000    1412580.191176661989
          0.157000000000    1389390.399293954484
          0.158000000000    1366135.370493424591
          0.159000000000    1342844.557741998229
          0.160000000000    1319547.906652686186
          0.161000000000    1296275.506832805462
          0.162000000000    1273057.277468149317
          0.163000000000    1249922.686110480456
          0.164000000000    1226900.499529222958
          0.165000000000    1204018.565394208301
          0.166000000000    1181303.623474599561
          0.167000000000    1158781.144969414687
          0.168000000000    1136475.198527134489
          0.169000000000    1114408.341465456178
          0.170000000000    1092601.534666814376
          0.171000000000    1071074.079600550234
          0.172000000000    1049843.575908096973
          0.173000000000    1028925.897982641822
          0.174000000000    1008335.188979134662
          0.175000000000     988083.870703388005
          0.176000000000     968182.667850130121
          0.177000000000     948640.645088309073
          0.178000000000     929465.255527420086
          0.179000000000     910662.399140229099
          0.180000000000     892236.489764635568
          0.181000000000     874190.529359872919
          0.182000000000     856526.188249032013
          0.183000000000     839243.890140671749
          0.184000000000     822342.900786267594
          0.185000000000     805821.419196911971
          0.186000000000     789676.670411525643
          0.187000000000     773904.998879281338
          0.188000000000     758501.961590362829
          0.189000000000     743462.420161330490
          0.190000000000     728780.631153474329
          0.191000000000     714450.333974383073
          0.192000000000     700464.835784043069
          0.193000000000     686817.092896599323
          0.194000000000     673499.788237408386
          0.195000000000     660505.404481436242
          0.196000000000     647826.292563515948
          0.197000000000     635454.735312855104
          0.198000000000     623383.006023539929
          0.199000000000     611603.421829153085
          0.200000000000     600108.391802952974
          0.201000000000     588890.459755262127
          0.202000000000     577942.341746474500
          0.203000000000     567256.958377483999
          0.204000000000     556827.461959247245
          0.205000000000     546647.258699527360
          0.206000000000     536710.026077666902
          0.207000000000     527009.725607499015
          0.208000000000     517540.611214243807
          0.209000000000     508297.233473486674
          0.210000000000     499274.439979211893
          0.211000000000     490467.372123402311
          0.212000000000     481871.458582050574
          0.213000000000     473482.405811659351
          0.214000000000     465296.185866572021
          0.215000000000     457309.021850904974
          0.216000000000     449517.371319629427
          0.217000000000     441917.907941556768
          0.218000000000     434507.501732915058
          0.219000000000     427283.198163868568
          0.220000000000     420242.196432066965
          0.221000000000     413381.827187183371
          0.222000000000     406699.529978621402
          0.223000000000     400192.830685369147
          0.224000000000     393859.319172432821
          0.225000000000     387696.627402689192
          0.226000000000     381702.408216434473
          0.227000000000     375874.314973592001
          0.228000000000     370209.982235641859
          0.229000000000     364707.007646009792
          0.230000000000     359362.935149011901
          0.231000000000     354175.239668738330
          0.232000000000     349141.313350507233
          0.233000000000     344258.453448949382
          0.234000000000     339523.851928457385
          0.235000000000     334934.586823807738
          0.236000000000     330487.615391331725
          0.237000000000     326179.769064169144
          0.238000000000     322007.750208966550
          0.239000000000     317968.130666012876
          0.240000000000     314057.352040214522
          0.241000000000     310271.727696671092
          0.242000000000     306607.446401877562
          0.243000000000     303060.577539898630
          0.244000000000     299627.077822124818
          0.245000000000     296302.799399631505
          0.246000000000     293083.499278602074
          0.247000000000     289964.849931812263
          0.248000000000     286942.450992806058
          0.249000000000     284011.841914133809
          0.250000000000     281168.515466812067
          0.251000000000     278407.931955051841
          0.252000000000     275725.534018194710
          0.253000000000     273116.761890740716
          0.254000000000     270577.068991258915
          0.255000000000     268101.937711803068
          0.256000000000     265686.895281229459
          0.257000000000     263327.529578401416
          0.258000000000     261019.504774684116
          0.259000000000     258758.576689290261
          0.260000000000     256540.607745904650
          0.261000000000     254361.581424501783
          0.262000000000     252217.616108360933
          0.263000000000     250104.978232881258
          0.264000000000     248020.094649855950
          0.265000000000     245959.564128318481
          0.266000000000     243920.167920876760
          0.267000000000     241898.879332499928
          0.268000000000     239892.872237009840
          0.269000000000     237899.528494956030
          0.270000000000     235916.444235065574
          0.271000000000     233941.434970017464
          0.272000000000     231972.539525822736
          0.273000000000     230008.022772537835
          0.274000000000     228046.377152372763
          0.275000000000     226086.323009385815
          0.276000000000     224126.807732892834
          0.277000000000     222167.003734353028
          0.278000000000     220206.305284829752
          0.279000000000     218244.324247116485
          0.280000000000     216280.884743208531
          0.281000000000     214316.016803984094
          0.282000000000     212349.949053694581
          0.283000000000     210383.100487116782
          0.284000000000     208416.071401994908
          0.285000000000     206449.633553659922
          0.286000000000     204484.719602428260
          0.287000000000     202522.411927593523
          0.288000000000     200563.930884463247
          0.289000000000     198610.622582986718
          0.290000000000     196663.946268081287
          0.291000000000     194725.461382759328
          0.292000000000     192796.814395624271
          0.293000000000     190879.725474219245
          0.294000000000     188975.975085148675
          0.295000000000     187087.390600766812
          0.296000000000     185215.832990665716
          0.297000000000     183363.183674132801
          0.298000000000     181531.331607261556
          0.299000000000     179722.160675480729
          0.300000000000     177937.537458955194
