          0.001000000000  144987858.595718890429
          0.002000000000  144851472.227994650602
          0.003000000000  144624437.283834010363
          0.004000000000  144307166.432091593742
          0.005000000000  143900235.744024455547
          0.006000000000  143404383.035819768906
          0.007000000000  142820505.748475283384
          0.008000000000  142149658.373132586479
          0.009000000000  141393049.431717395782
          0.010000000000  140552038.024395644665
          0.011000000000  139628129.956984519958
          0.012000000000  138622973.463029265404
          0.013000000000  137538354.536746323109
          0.014000000000  136376191.894440054893
          0.015000000000  135138531.583371132612
          0.016000000000  133827541.258257269859
          0.017000000000  132445504.146797627211
          0.018000000000  130994812.726617723703
          0.019000000000  129477962.137037634850
          0.020000000000  127897543.349870607257
          0.021000000000  126256236.124237790704
          0.022000000000  124556801.770989537239
          0.023000000000  122802075.752844050527
          0.024000000000  120994960.146759107709
          0.025000000000  119138415.995309412479
          0.026000000000  117235455.574042290449
          0.027000000000  115289134.601800769567
          0.028000000000  113302544.420937642455
          0.029000000000  111278804.174178808928
          0.030000000000  109221053.004573747516
          0.031000000000  107132442.304579675198
          0.032000000000  105016128.039805158973
          0.033000000000  102875263.172326430678
          0.034000000000  100712990.207769125700
          0.035000000000   98532433.889547765255
          0.036000000000   96336694.062735587358
          0.037000000000   94128838.729083240032
          0.038000000000   91911897.313616335392
          0.039000000000   89688854.162119224668
          0.040000000000   87462642.287619560957
          0.041000000000   85236137.382712259889
          0.042000000000   83012152.113271132112
          0.043000000000   80793430.707719162107
          0.044000000000   78582643.854658529162
          0.045000000000   76382383.920209944248
          0.046000000000   74195160.494984611869
          0.047000000000   72023396.279138237238
          0.048000000000   69869423.312479481101
          0.049000000000   67735479.555134251714
          0.050000000000   65623705.822800226510
          0.051000000000   63536143.079157322645
          0.052000000000   61474730.086565464735
          0.053000000000   59441301.414774030447
          0.054000000000   57437585.805963881314
          0.055000000000   55465204.893120884895
          0.056000000000   53525672.267416134477
          0.057000000000   51620392.889025703073
          0.058000000000   49750662.834617599845
          0.059000000000   47917669.373583845794
          0.060000000000   46122491.364023506641
          0.061000000000   44366099.958453610539
          0.062000000000   42649359.608288221061
          0.063000000000   40973029.355238623917
          0.064000000000   39337764.396993219852
          0.065000000000   37744117.913804762065
          0.066000000000   36192543.141965091228
          0.067000000000   34683395.679577238858
          0.068000000000   33216936.009544551373
          0.069000000000   31793332.224283337593
          0.070000000000   30412662.936336893588
          0.071000000000   29074920.358812749386
          0.072000000000   27780013.539390500635
          0.073000000000   26527771.731551535428
          0.074000000000   25317947.886652693152
          0.075000000000   24150222.250519726425
          0.076000000000   23024206.048351317644
          0.077000000000   21939445.241912752390
          0.078000000000   20895424.343247715384
          0.079000000000   19891570.269450068474
          0.080000000000   18927256.223406150937
          0.081000000000   18001805.585842821747
          0.082000000000   17114495.804491076618
          0.083000000000   16264562.266695486382
          0.084000000000   15451202.142363423482
          0.085000000000   14673578.184749074280
          0.086000000000   13930822.477203398943
          0.087000000000   13222040.114685261622
          0.088000000000   12546312.809519881383
          0.089000000000   11902702.411602569744
          0.090000000000   11290254.333974100649
          0.091000000000   10708000.875434938818
          0.092000000000   10154964.432615552098
          0.093000000000    9630160.594674747437
          0.094000000000    9132601.114553509280
          0.095000000000    8661296.751462573186
          0.096000000000    8215259.980030819774
          0.097000000000    7793507.562273713760
          0.098000000000    7395062.979267428629
          0.099000000000    7018958.720118339173
          0.100000000000    6664238.426506904885
          0.101000000000    6329958.891750301234
          0.102000000000    6015191.913970944472
          0.103000000000    5719026.003573907539
          0.104000000000    5440567.945824923925
          0.105000000000    5178944.219878498465
          0.106000000000    4933302.276133977808
          0.107000000000    4702811.674291837960
          0.108000000000    4486665.084944141097
          0.109000000000    4284079.157961120829
          0.110000000000    4094295.261328160297
          0.111000000000    3916580.094445557799
          0.112000000000    3750226.180225780234
          0.113000000000    3594552.240610502660
          0.114000000000    3448903.460382221732
          0.115000000000    3312651.644363098312
          0.116000000000    3185195.273277984932
          0.117000000000    3065959.463709402364
          0.118000000000    2954395.837690831628
          0.119000000000    2849982.307572173420
          0.120000000000    2752222.781848275103
          0.121000000000    2660646.797669754829
          0.122000000000    2574809.085756101180
          0.123000000000    2494289.073405369651
          0.124000000000    2418690.331244790927
          0.125000000000    2347639.969293117523
          0.126000000000    2280787.987810562365
          0.127000000000    2217806.588297456969
          0.128000000000    2158389.449869163800
          0.129000000000    2102250.976085181814
          0.130000000000    2049125.517145021586
          0.131000000000    1998766.572185204132
          0.132000000000    1950945.976221462246
          0.133000000000    1905453.076079560677
          0.134000000000    1862093.899449280929
          0.135000000000    1820690.320979628246
          0.136000000000    1781079.229111432098
          0.137000000000    1743111.697117123986
          0.138000000000    1706652.161588429241
          0.139000000000    1671577.611381683964
          0.140000000000    1637776.789799303515
          0.141000000000    1605149.412555245217
          0.142000000000    1573605.403843685286
          0.143000000000    1543064.152603850234
          0.144000000000    1513453.790851990227
          0.145000000000    1484710.495733426185
          0.146000000000    1456777.816735505825
          0.147000000000    1429606.029295752058
          0.148000000000    1403151.515839920845
          0.149000000000    1377376.175092157209
          0.150000000000    1352246.860314700054
          0.151000000000    1327734.846957946196
          0.152000000000    1303815.330033359118
          0.153000000000    1280466.951362372143
          0.154000000000    1257671.356703830650
          0.155000000000    1235412.782621086808
          0.156000000000    1213677.672817786224
          0.157000000000    1192454.323548348388
          0.158000000000    1171732.557595625985
          0.159000000000    1151503.426203905372
          0.160000000000    1131758.938260091003
          0.161000000000    1112491.815930013545
          0.162000000000    1093695.275879435707
          0.163000000000    1075362.835141027113
          0.164000000000    1057488.140628519235
          0.165000000000    1040064.821247830638
          0.166000000000    1023086.361511169700
          0.167000000000    1006545.995524517493
          0.168000000000     990436.620190497139
          0.169000000000     974750.726447509835
          0.170000000000     959480.347351870500
          0.171000000000     944617.021801818511
          0.172000000000     930151.772700966801
          0.173000000000     916075.098363010795
          0.174000000000     902376.975969549036
          0.175000000000     889046.875907935668
          0.176000000000     876073.785836116993
          0.177000000000     863446.243345896248
          0.178000000000     851152.376124685397
          0.179000000000     839179.948548386805
          0.180000000000     827516.413673942327
          0.181000000000     816148.969639282906
          0.182000000000     805064.619520395063
          0.183000000000     794250.233739651507
          0.184000000000     783692.614166280138
          0.185000000000     773378.559098376543
          0.186000000000     763294.928366000997
          0.187000000000     753428.707846303354
          0.188000000000     743767.072734034969
          0.189000000000     734297.448963893461
          0.190000000000     725007.572234714753
          0.191000000000     715885.544139186386
          0.192000000000     706919.884956480353
          0.193000000000     698099.582718341146
          0.194000000000     689414.138212043210
          0.195000000000     680853.605635444983
          0.196000000000     672408.628670299775
          0.197000000000     664070.471789646661
          0.198000000000     655831.046663443442
          0.199000000000     647682.933573097223
          0.200000000000     639619.397790639661
          0.201000000000     631634.400921020075
          0.202000000000     623722.607247038279
          0.203000000000     615879.385154957883
          0.204000000000     608100.803755196510
          0.205000000000     600383.624846332124
          0.206000000000     592725.290401965729
          0.207000000000     585123.905788709759
          0.208000000000     577578.218949518399
          0.209000000000     570087.595809895429
          0.210000000000     562651.992184976581
          0.211000000000     555271.922483211150
          0.212000000000     547948.425517233438
          0.213000000000     540683.027744652703
          0.214000000000     533477.704270818620
          0.215000000000     526334.837952216738
          0.216000000000     519257.176943107159
          0.217000000000     512247.791029292217
          0.218000000000     505310.027091721364
          0.219000000000     498447.464038941951
          0.220000000000     491663.867541432031
          0.221000000000     484963.144892590703
          0.222000000000     478349.300310870225
          0.223000000000     471826.390985203616
          0.224000000000     465398.484151814075
          0.225000000000     459069.615474678460
          0.226000000000     452843.748984678765
          0.227000000000     446724.738813809992
          0.228000000000     440716.292941074644
          0.229000000000     434821.939145863988
          0.230000000000     429044.993343054317
          0.231000000000     423388.530451794562
          0.232000000000     417855.357927255915
          0.233000000000     412447.992061619821
          0.234000000000     407168.637137502199
          0.235000000000     402019.167493952846
          0.236000000000     397001.112542361778
          0.237000000000     392115.644747196115
          0.238000000000     387363.570564610942
          0.239000000000     382745.324310793309
          0.240000000000     378260.964911531191
          0.241000000000     373910.175465136999
          0.242000000000     369692.265532498306
          0.243000000000     365606.176050916838
          0.244000000000     361650.486752553668
          0.245000000000     357823.425953776634
          0.246000000000     354122.882568700647
          0.247000000000     350546.420188633143
          0.248000000000     347091.293059135438
          0.249000000000     343754.463777962897
          0.250000000000     340532.622530363209
          0.251000000000     337422.207672894932
          0.252000000000     334419.427473380929
          0.253000000000     331520.282812501013
          0.254000000000     328720.590652042476
          0.255000000000     326016.008075851190
          0.256000000000     323402.056711960060
          0.257000000000     320874.147348269937
          0.258000000000     318427.604559299187
          0.259000000000     316057.691167989105
          0.260000000000     313759.632374102424
          0.261000000000     311528.639389398799
          0.262000000000     309359.932429390028
          0.263000000000     307248.762921895774
          0.264000000000     305190.434803829936
          0.265000000000     303180.324789460516
          0.266000000000     301213.901505719929
          0.267000000000     299286.743402842432
          0.268000000000     297394.555361646053
          0.269000000000     295533.183931888489
          0.270000000000     293698.631149399793
          0.271000000000     291887.066892793693
          0.272000000000     290094.839753568638
          0.273000000000     288318.486406111915
          0.274000000000     286554.739476466028
          0.275000000000     284800.533920605201
          0.276000000000     283053.011934279057
          0.277000000000     281309.526427242730
          0.278000000000     279567.643104663875
          0.279000000000     277825.141207817767
          0.280000000000     276080.012974595709
          0.281000000000     274330.461888011196
          0.282000000000     272574.899787568080
          0.283000000000     270811.942924193689
          0.284000000000     269040.407044301159
          0.285000000000     267259.301592485863
          0.286000000000     265467.823125337949
          0.287000000000     263665.348030915135
          0.288000000000     261851.424649554130
          0.289000000000     260025.764891923318
          0.290000000000     258188.235449596890
          0.291000000000     256338.848691963300
          0.292000000000     254477.753341023374
          0.293000000000     252605.225012679002
          0.294000000000     250721.656709399831
          0.295000000000     248827.549344906001
          0.296000000000     246923.502376618708
          0.297000000000     245010.204616306146
          0.298000000000     243088.425283556746
          0.299000000000     241159.005360583920
          0.300000000000     239222.849300447706
