          0.001000000000  142836806.721139460802
          0.002000000000  142709422.912493735552
          0.003000000000  142497354.174493789673
          0.004000000000  142200956.272291332483
          0.005000000000  141820725.980441987514
          0.006000000000  141357299.791521877050
          0.007000000000  140811452.263294368982
          0.008000000000  140184094.010009437799
          0.009000000000  139476269.344631344080
          0.010000000000  138689153.579950064421
          0.011000000000  137824049.997668594122
          0.012000000000  136882386.495660573244
          0.013000000000  135865711.924648731947
          0.014000000000  134775692.126571267843
          0.015000000000  133614105.687863260508
          0.016000000000  132382839.421791866422
          0.017000000000  131083883.594842821360
          0.018000000000  129719326.912946969271
          0.019000000000  128291351.284058317542
          0.020000000000  126802226.374284371734
          0.021000000000  125254303.975335955620
          0.022000000000  123650012.201628461480
          0.023000000000  121991849.535782784224
          0.024000000000  120282378.741697102785
          0.025000000000  118524220.664638251066
          0.026000000000  116720047.938054203987
          0.027000000000  114872578.616958960891
          0.028000000000  112984569.757829740644
          0.029000000000  111058810.964951962233
          0.030000000000  109098117.923099175096
          0.031000000000  107105325.936279416084
          0.032000000000  105083283.492052480578
          0.033000000000  103034845.870683595538
          0.034000000000  100962868.817978590727
          0.035000000000   98870202.300284013152
          0.036000000000   96759684.359594762325
          0.037000000000   94634135.086213052273
          0.038000000000   92496350.725741788745
          0.039000000000   90349097.936568900943
          0.040000000000   88195108.213254362345
          0.041000000000   86037072.490477263927
          0.042000000000   83877635.941374823451
          0.043000000000   81719392.983250662684
          0.044000000000   79564882.502741679549
          0.045000000000   77416583.311590731144
          0.046000000000   75276909.843218579888
          0.047000000000   73148208.099315136671
          0.048000000000   71032751.854643493891
          0.049000000000   68932739.127242788672
          0.050000000000   66850288.920185379684
          0.051000000000   64787438.239985205233
          0.052000000000   62746139.395728483796
          0.053000000000   60728257.581938371062
          0.054000000000   58735568.747160539031
          0.055000000000   56769757.749213635921
          0.056000000000   54832416.797046512365
          0.057000000000   52925044.178139567375
          0.058000000000   51049043.269412219524
          0.059000000000   49205721.828648306429
          0.060000000000   47396291.562535613775
          0.061000000000   45621867.966512955725
          0.062000000000   43883470.430778011680
          0.063000000000   42182022.605984099209
          0.064000000000   40518353.021383121610
          0.065000000000   38893195.947435446084
          0.066000000000   37307192.494230329990
          0.067000000000   35760891.936411075294
          0.068000000000   34254753.254718221724
          0.069000000000   32789146.883724447340
          0.070000000000   31364356.654845919460
          0.071000000000   29980581.923287011683
          0.072000000000   28637939.867191851139
          0.073000000000   27336467.946956250817
          0.074000000000   26076126.512380734086
          0.075000000000   24856801.545132938772
          0.076000000000   23678307.523823533207
          0.077000000000   22540390.398897059262
          0.078000000000   21442730.664480865002
          0.079000000000   20384946.514337558299
          0.080000000000   19366597.069112394005
          0.081000000000   18387185.662165705115
          0.082000000000   17446163.171430025250
          0.083000000000   16542931.384919196367
          0.084000000000   15676846.387757346034
          0.085000000000   14847221.958873070776
          0.086000000000   14053332.965821180493
          0.087000000000   13294418.746552921832
          0.088000000000   12569686.467344822362
          0.089000000000   11878314.446519492194
          0.090000000000   11219455.434045635164
          0.091000000000   10592239.837583554909
          0.092000000000    9995778.886046515778
          0.093000000000    9429167.722273645923
          0.094000000000    8891488.416953677312
          0.095000000000    8381812.896497548558
          0.096000000000    7899205.778130101971
          0.097000000000    7442727.106052071787
          0.098000000000    7011434.983111848123
          0.099000000000    6604388.093019826338
          0.100000000000    6220648.108730426989
          0.101000000000    5859281.983211162500
          0.102000000000    5519364.119405300356
          0.103000000000    5199978.416778075509
          0.104000000000    4900220.192409159616
          0.105000000000    4619197.975157195702
          0.106000000000    4356035.171970986761
          0.107000000000    4109871.605956412852
          0.108000000000    3879864.926324375905
          0.109000000000    3665191.890843824018
          0.110000000000    3465049.521900287364
          0.111000000000    3278656.137716616038
          0.112000000000    3105252.260723742656
          0.113000000000    2944101.405477217864
          0.114000000000    2794490.748896822799
          0.115000000000    2655731.685962072108
          0.116000000000    2527160.274324580561
          0.117000000000    2408137.571598993614
          0.118000000000    2298049.869366358500
          0.119000000000    2196308.828168297652
          0.120000000000    2102351.517985603306
          0.121000000000    2015640.368882428156
          0.122000000000    1935663.036655983189
          0.123000000000    1861932.188462812221
          0.124000000000    1793985.213496207027
          0.125000000000    1731383.863865768537
          0.126000000000    1673713.830880553694
          0.127000000000    1620584.261961837532
          0.128000000000    1571627.223411629675
          0.129000000000    1526497.114239548566
          0.130000000000    1484870.036204318516
          0.131000000000    1446443.125158463139
          0.132000000000    1410933.848696613451
          0.133000000000    1378079.275000784546
          0.134000000000    1347635.317650830140
          0.135000000000    1319375.961027081590
          0.136000000000    1293092.470775563503
          0.137000000000    1268592.593635983532
          0.138000000000    1245699.750750413164
          0.139000000000    1224252.228377049789
          0.140000000000    1204102.369730901672
          0.141000000000    1185115.771462401841
          0.142000000000    1167170.488067535684
          0.143000000000    1150156.247300506569
          0.144000000000    1133973.679433395388
          0.145000000000    1118533.562978092115
          0.146000000000    1103756.089255355299
          0.147000000000    1089570.147965409327
          0.148000000000    1075912.635684854584
          0.149000000000    1062727.788987577194
          0.150000000000    1049966.543663370190
          0.151000000000    1037585.921288182843
          0.152000000000    1025548.444185611792
          0.153000000000    1013821.579610749381
          0.154000000000    1002377.213786029024
          0.155000000000     991191.156224891660
          0.156000000000     980242.674593395554
          0.157000000000     969514.060183199821
          0.158000000000     958990.223901909776
          0.159000000000     948658.322529186727
          0.160000000000     938507.414839591249
          0.161000000000     928528.147056075977
          0.162000000000     918712.466971821152
          0.163000000000     909053.365962460986
          0.164000000000     899544.648006320116
          0.165000000000     890180.724736439413
          0.166000000000     880956.435465551447
          0.167000000000     871866.891053036554
          0.168000000000     862907.340421653120
          0.169000000000     854073.058480805019
          0.170000000000     845359.254172427463
          0.171000000000     836760.997324601864
          0.172000000000     828273.162976721651
          0.173000000000     819890.391827727202
          0.174000000000     811607.065455456381
          0.175000000000     803417.294959952240
          0.176000000000     795314.921696110629
          0.177000000000     787293.528781001805
          0.178000000000     779346.462087865220
          0.179000000000     771466.859471767792
          0.180000000000     763647.687010681024
          0.181000000000     755881.781089534750
          0.182000000000     748161.895203533815
          0.183000000000     740480.750409494271
          0.184000000000     732831.088410321623
          0.185000000000     725205.726316907327
          0.186000000000     717597.612193413661
          0.187000000000     709999.880555641488
          0.188000000000     702405.907057283563
          0.189000000000     694809.361664972152
          0.190000000000     687204.259689664468
          0.191000000000     679585.010108574526
          0.192000000000     671946.460678182426
          0.193000000000     664283.939404391334
          0.194000000000     656593.292000310146
          0.195000000000     648870.915025050635
          0.196000000000     641113.784458041308
          0.197000000000     633319.479522337788
          0.198000000000     625486.201627039118
          0.199000000000     617612.788352962700
          0.200000000000     609698.722456857446
          0.201000000000     601744.135917713167
          0.202000000000     593749.809093724471
          0.203000000000     585717.165100253769
          0.204000000000     577648.259557558573
          0.205000000000     569545.765892024850
          0.206000000000     561412.956406084937
          0.207000000000     553253.679360067821
          0.208000000000     545072.332333618659
          0.209000000000     536873.832155426848
          0.210000000000     528663.581707523437
          0.211000000000     520447.433924666431
          0.212000000000     512231.653320284793
          0.213000000000     504022.875378250377
          0.214000000000     495828.064154457417
          0.215000000000     487654.468434018956
          0.216000000000     479509.576788918290
          0.217000000000     471401.071877394279
          0.218000000000     463336.784320239036
          0.219000000000     455324.646480929572
          0.220000000000     447372.646466014965
          0.221000000000     439488.782649860659
          0.222000000000     431681.019013746234
          0.223000000000     423957.241573628620
          0.224000000000     416325.216153934132
          0.225000000000     408792.547746507335
          0.226000000000     401366.641674709681
          0.227000000000     394054.666762682435
          0.228000000000     386863.520689206722
          0.229000000000     379799.797684569727
          0.230000000000     372869.758707515080
          0.231000000000     366079.304217970814
          0.232000000000     359433.949639859085
          0.233000000000     352938.803587087546
          0.234000000000     346598.548905030359
          0.235000000000     340417.426559340267
          0.236000000000     334399.222384194029
          0.237000000000     328547.256682928477
          0.238000000000     322864.376655687112
          0.239000000000     317352.951611326367
          0.240000000000     312014.870904289593
          0.241000000000     306851.544521787029
          0.242000000000     301863.906232261681
          0.243000000000     297052.419192941568
          0.244000000000     292417.083902294107
          0.245000000000     287957.448372407118
          0.246000000000     283672.620386804745
          0.247000000000     279561.281700908265
          0.248000000000     275621.704035314790
          0.249000000000     271851.766706313298
          0.250000000000     268248.975733480416
          0.251000000000     264810.484260890167
          0.252000000000     261533.114126323286
          0.253000000000     258413.378411851270
          0.254000000000     255447.504809330683
          0.255000000000     252631.459635485138
          0.256000000000     249960.972333482874
          0.257000000000     247431.560301070567
          0.258000000000     245038.553889371891
          0.259000000000     242777.121421383898
          0.260000000000     240642.294084847585
          0.261000000000     238628.990560563601
          0.262000000000     236732.041254230367
          0.263000000000     234946.212007460970
          0.264000000000     233266.227171708044
          0.265000000000     231686.791937318543
          0.266000000000     230202.613818806567
          0.267000000000     228808.423206533247
          0.268000000000     227498.992904365325
          0.269000000000     226269.156582345051
          0.270000000000     225113.826082987682
          0.271000000000     224028.007529409748
          0.272000000000     223006.816193022329
          0.273000000000     222045.490087972488
          0.274000000000     221139.402268782083
          0.275000000000     220284.071816698764
          0.276000000000     219475.173509083805
          0.277000000000     218708.546174642339
          0.278000000000     217980.199745468737
          0.279000000000     217286.321024613193
          0.280000000000     216623.278195242281
          0.281000000000     215987.624104322837
          0.282000000000     215376.098360195436
          0.283000000000     214785.628289290325
          0.284000000000     214213.328802631499
          0.285000000000     213656.501227637753
          0.286000000000     213112.631165035564
          0.287000000000     212579.385434435884
          0.288000000000     212054.608175373345
          0.289000000000     211536.316173204192
          0.290000000000     211022.693481389579
          0.291000000000     210512.085413221183
          0.292000000000     210002.991977074416
          0.293000000000     209494.060829752591
          0.294000000000     208984.079822475556
          0.295000000000     208471.969213574455
          0.296000000000     207956.773620948108
          0.297000000000     207437.653785959556
          0.298000000000     206913.878218571248
          0.299000000000     206384.814791306766
          0.300000000000     205849.922347010230
