          0.001000000000  145817916.704129219055
          0.002000000000  145683123.629781424999
          0.003000000000  145458727.569763600826
          0.004000000000  145145116.394636631012
          0.005000000000  144742831.675209224224
          0.006000000000  144252567.240581810474
          0.007000000000  143675167.332774996758
          0.008000000000  143011624.364319920540
          0.009000000000  142263076.286557316780
          0.010000000000  141430803.577723711729
          0.011000000000  140516225.861179947853
          0.012000000000  139520898.165417373180
          0.013000000000  138446506.838656634092
          0.014000000000  137294865.132007390261
          0.015000000000  136067908.466264665127
          0.016000000000  134767689.398425608873
          0.017000000000  133396372.305001810193
          0.018000000000  131956227.800065606833
          0.019000000000  130449626.906825542450
          0.020000000000  128879035.002247333527
          0.021000000000  127247005.554906874895
          0.022000000000  125556173.676867887378
          0.023000000000  123809249.510853186250
          0.024000000000  122009011.474411934614
          0.025000000000  120158299.383118629456
          0.026000000000  118260007.475079685450
          0.027000000000  116317077.359177798033
          0.028000000000  114332490.909573778510
          0.029000000000  112309263.128949075937
          0.030000000000  110250435.002877384424
          0.031000000000  108159066.367541432381
          0.032000000000  106038228.812715485692
          0.033000000000  103890998.641609221697
          0.034000000000  101720449.908711165190
          0.035000000000   99529647.556294649839
          0.036000000000   97321640.669631779194
          0.037000000000   95099455.870337352157
          0.038000000000   92866090.866535827518
          0.039000000000   90624508.177752926946
          0.040000000000   88377629.051606774330
          0.041000000000   86128327.588464513421
          0.042000000000   83879425.089282631874
          0.043000000000   81633684.640867128968
          0.044000000000   79393805.951727390289
          0.045000000000   77162420.450655996799
          0.046000000000   74942086.659036427736
          0.047000000000   72735285.846759989858
          0.048000000000   70544417.980484753847
          0.049000000000   68371797.971784338355
          0.050000000000   66219652.231575571001
          0.051000000000   64090115.536001168191
          0.052000000000   61985228.207784332335
          0.053000000000   59906933.615861564875
          0.054000000000   57857075.994945012033
          0.055000000000   55837398.585492864251
          0.056000000000   53849542.093430243433
          0.057000000000   51895043.467837505043
          0.058000000000   49975334.993735432625
          0.059000000000   48091743.696033991873
          0.060000000000   46245491.049682058394
          0.061000000000   44437692.990077055991
          0.062000000000   42669360.216837383807
          0.063000000000   40941398.783157825470
          0.064000000000   39254610.962099805474
          0.065000000000   37609696.380388259888
          0.066000000000   36007253.409530408680
          0.067000000000   34447780.803386025131
          0.068000000000   32931679.570691030473
          0.069000000000   31459255.070461206138
          0.070000000000   30030719.317692510784
          0.071000000000   28646193.486323297024
          0.072000000000   27305710.596039716154
          0.073000000000   26009218.369172856212
          0.074000000000   24756582.243679512292
          0.075000000000   23547588.527991581708
          0.076000000000   22381947.683380994946
          0.077000000000   21259297.719407498837
          0.078000000000   20179207.687995318323
          0.079000000000   19141181.261723637581
          0.080000000000   18144660.382008422166
          0.081000000000   17189028.963005203754
          0.082000000000   16273616.637262860313
          0.083000000000   15397702.529409654438
          0.084000000000   14560519.044457247481
          0.085000000000   13761255.657650992274
          0.086000000000   12999062.693187193945
          0.087000000000   12273055.079545017332
          0.088000000000   11582316.069649819285
          0.089000000000   10925900.914582217112
          0.090000000000   10302840.480082949623
          0.091000000000    9712144.795658491552
          0.092000000000    9152806.526680031791
          0.093000000000    8623804.360471237451
          0.094000000000    8124106.298004801385
          0.095000000000    7652672.843464977108
          0.096000000000    7208460.084582784213
          0.097000000000    6790422.657308395952
          0.098000000000    6397516.589047784917
          0.099000000000    6028702.015355580486
          0.100000000000    5682945.765639645047
          0.101000000000    5359223.814092912711
          0.102000000000    5056523.592720954679
          0.103000000000    4773846.163977644406
          0.104000000000    4510208.251152507029
          0.105000000000    4264644.125271486118
          0.106000000000    4036207.347872257233
          0.107000000000    3823972.369598112069
          0.108000000000    3627035.985114438925
          0.109000000000    3444518.645390800666
          0.110000000000    3275565.628905030433
          0.111000000000    3119348.073814707343
          0.112000000000    2975063.873601905536
          0.113000000000    2841938.439130857587
          0.114000000000    2719225.330461559817
          0.115000000000    2606206.762136846315
          0.116000000000    2502193.986003586557
          0.117000000000    2406527.555941706523
          0.118000000000    2318577.479155673180
          0.119000000000    2237743.258933467325
          0.120000000000    2163453.833996726200
          0.121000000000    2095167.419753355905
          0.122000000000    2032371.256921083899
          0.123000000000    1974581.273116857978
          0.124000000000    1921341.663104355102
          0.125000000000    1872224.393459717743
          0.126000000000    1826828.637455984950
          0.127000000000    1784780.145979451947
          0.128000000000    1745730.560278318822
          0.129000000000    1709356.672305821208
          0.130000000000    1675359.638358519878
          0.131000000000    1643464.151626204140
          0.132000000000    1613417.579164842609
          0.133000000000    1584989.068679112243
          0.134000000000    1557968.630358072231
          0.135000000000    1532166.198847777443
          0.136000000000    1507410.680269565200
          0.137000000000    1483548.989003994735
          0.138000000000    1460445.078759486554
          0.139000000000    1437978.972232822562
          0.140000000000    1416045.793447950156
          0.141000000000    1394554.806630624225
          0.142000000000    1373428.465241661761
          0.143000000000    1352601.474551644875
          0.144000000000    1332019.870896630222
          0.145000000000    1311640.120509091066
          0.146000000000    1291428.240571936592
          0.147000000000    1271358.944897697074
          0.148000000000    1251414.816390615189
          0.149000000000    1231585.508207834326
          0.150000000000    1211866.975297972560
          0.151000000000    1192260.737762280507
          0.152000000000    1172773.177256072173
          0.153000000000    1153414.867427026154
          0.154000000000    1134199.939173278399
          0.155000000000    1115145.481298155850
          0.156000000000    1096270.976941201137
          0.157000000000    1077597.775976790115
          0.158000000000    1059148.603392866673
          0.159000000000    1040947.103493520990
          0.160000000000    1023017.419610536890
          0.161000000000    1005383.808860956808
          0.162000000000     988070.291350252461
          0.163000000000     971100.333094063331
          0.164000000000     954496.561815708177
          0.165000000000     938280.514671626734
          0.166000000000     922472.416862760787
          0.167000000000     907090.990006283973
          0.168000000000     892153.289069037186
          0.169000000000     877674.566601122962
          0.170000000000     863668.162955363397
          0.171000000000     850145.421135075740
          0.172000000000     837115.624878937495
          0.173000000000     824585.958566831658
          0.174000000000     812561.487514452194
          0.175000000000     801045.157216336927
          0.176000000000     790037.810096829897
          0.177000000000     779538.218335365294
          0.178000000000     769543.131346378243
          0.179000000000     760047.336514208117
          0.180000000000     751043.731809418066
          0.181000000000     742523.408944258699
          0.182000000000     734475.745761205093
          0.183000000000     726888.506589133758
          0.184000000000     719747.949346101144
          0.185000000000     713038.938215671107
          0.186000000000     706745.060774504091
          0.187000000000     700848.748502359842
          0.188000000000     695331.399660999072
          0.189000000000     690173.503585590865
          0.190000000000     685354.765490490245
          0.191000000000     680854.230950402212
          0.192000000000     676650.409277547733
          0.193000000000     672721.395075263921
          0.194000000000     669044.987307961914
          0.195000000000     665598.805286467192
          0.196000000000     662360.401026111329
          0.197000000000     659307.367492131423
          0.198000000000     656417.442302988959
          0.199000000000     653668.606516743428
          0.200000000000     651039.178178413538
          0.201000000000     648507.900357322884
          0.202000000000     646054.023452434223
          0.203000000000     643657.381590578356
          0.204000000000     641298.462987178937
          0.205000000000     638958.474181490019
          0.206000000000     636619.398098337697
          0.207000000000     634264.045925999526
          0.208000000000     631876.102834951249
          0.209000000000     629440.167594927945
          0.210000000000     626941.786177898990
          0.211000000000     624367.479462314863
          0.212000000000     621704.765179254115
          0.213000000000     618942.174264028552
          0.214000000000     616069.261797292274
          0.215000000000     613076.612737934687
          0.216000000000     609955.842666085344
          0.217000000000     606699.593768310151
          0.218000000000     603301.526308869710
          0.219000000000     599756.305840632296
          0.220000000000     596059.586417026003
          0.221000000000     592207.990072463406
          0.222000000000     588199.082842881675
          0.223000000000     584031.347600692883
          0.224000000000     579704.153979542665
          0.225000000000     575217.725663912017
          0.226000000000     570573.105316936038
          0.227000000000     565772.117416872876
          0.228000000000     560817.329268616857
          0.229000000000     555712.010451518232
          0.230000000000     550460.090958732995
          0.231000000000     545066.118276352063
          0.232000000000     539535.213642968214
          0.233000000000     533873.027721807128
          0.234000000000     528085.695908716181
          0.235000000000     522179.793489680334
          0.236000000000     516162.290851641155
          0.237000000000     510040.508940066793
          0.238000000000     503822.075146028597
          0.239000000000     497514.879794763227
          0.240000000000     491127.033396557556
          0.241000000000     484666.824809680693
          0.242000000000     478142.680453857000
          0.243000000000     471563.124701494526
          0.244000000000     464936.741562731157
          0.245000000000     458272.137769181281
          0.246000000000     451577.907350319729
          0.247000000000     444862.597785527469
          0.248000000000     438134.677804259001
          0.249000000000     431402.506896296807
          0.250000000000     424674.306583941041
          0.251000000000     417958.133498072217
          0.252000000000     411261.854290486430
          0.253000000000     404593.122405613773
          0.254000000000     397959.356725868885
          0.255000000000     391367.722096333280
          0.256000000000     384825.111726319708
          0.257000000000     378338.131457607262
          0.258000000000     371913.085881772626
          0.259000000000     365555.966282109148
          0.260000000000     359272.440369088610
          0.261000000000     353067.843772211345
          0.262000000000     346947.173245434999
          0.263000000000     340915.081538112718
          0.264000000000     334975.873878568760
          0.265000000000     329133.506013048638
          0.266000000000     323391.583738844958
          0.267000000000     317753.363866864645
          0.268000000000     312221.756545794604
          0.269000000000     306799.328877359396
          0.270000000000     301488.309749842912
          0.271000000000     296290.595815227192
          0.272000000000     291207.758533754619
          0.273000000000     286241.052208664012
          0.274000000000     281391.422933096124
          0.275000000000     276659.518370791688
          0.276000000000     272045.698292182875
          0.277000000000     267550.045787788986
          0.278000000000     263172.379081428749
          0.279000000000     258912.263866720925
          0.280000000000     254769.026091514155
          0.281000000000     250741.765116416267
          0.282000000000     246829.367175280990
          0.283000000000     243030.519067521353
          0.284000000000     239343.722014280036
          0.285000000000     235767.305612881086
          0.286000000000     232299.441826563678
          0.287000000000     228938.158949217352
          0.288000000000     225681.355487712251
          0.289000000000     222526.813907431002
          0.290000000000     219472.214189679857
          0.291000000000     216515.147152883175
          0.292000000000     213653.127492697327
          0.293000000000     210883.606499497051
          0.294000000000     208203.984415037441
          0.295000000000     205611.622393438709
          0.296000000000     203103.854035007127
          0.297000000000     200677.996464740398
          0.298000000000     198331.360930675786
          0.299000000000     196061.262900503061
          0.300000000000     193865.031638052722
