          0.001000000000  144075829.499688357115
          0.002000000000  143936798.639538437128
          0.003000000000  143705379.233671039343
          0.004000000000  143382018.325541347265
          0.005000000000  142967339.784234255552
          0.006000000000  142462142.323133915663
          0.007000000000  141867396.967329025269
          0.008000000000  141184243.980766981840
          0.009000000000  140413989.266489803791
          0.010000000000  139558100.255534350872
          0.011000000000  138618201.302272468805
          0.012000000000  137596068.605995625257
          0.013000000000  136493624.680559873581
          0.014000000000  135312932.395728677511
          0.015000000000  134056188.615578353405
          0.016000000000  132725717.460934981704
          0.017000000000  131323963.224230915308
          0.018000000000  129853482.966491341591
          0.019000000000  128316938.827288508415
          0.020000000000  126717090.079475313425
          0.021000000000  125056784.961334675550
          0.022000000000  123338952.319431692362
          0.023000000000  121566593.095916718245
          0.024000000000  119742771.694341629744
          0.025000000000  117870607.258191674948
          0.026000000000  115953264.896290645003
          0.027000000000  113993946.889039352536
          0.028000000000  111995883.909074068069
          0.029000000000  109962326.289412796497
          0.030000000000  107896535.371452584863
          0.031000000000  105801774.964368537068
          0.032000000000  103681302.946466386318
          0.033000000000  101538363.037929907441
          0.034000000000   99376176.773169308901
          0.035000000000   97197935.699586659670
          0.036000000000   95006793.828135237098
          0.037000000000   92805860.359432160854
          0.038000000000   90598192.707557976246
          0.039000000000   88386789.841898143291
          0.040000000000   86174585.965582668781
          0.041000000000   83964444.547211244702
          0.042000000000   81759152.720616415143
          0.043000000000   79561416.065485656261
          0.044000000000   77373853.779667377472
          0.045000000000   75198994.252012208104
          0.046000000000   73039271.042611017823
          0.047000000000   70897019.275301977992
          0.048000000000   68774472.445381015539
          0.049000000000   66673759.643514312804
          0.050000000000   64596903.194968760014
          0.051000000000   62545816.711456879973
          0.052000000000   60522303.551108717918
          0.053000000000   58528055.680390603840
          0.054000000000   56564652.930167257786
          0.055000000000   54633562.636560164392
          0.056000000000   52736139.655803345144
          0.057000000000   50873626.740955531597
          0.058000000000   49047155.267064481974
          0.059000000000   47257746.290239982307
          0.060000000000   45506311.925056278706
          0.061000000000   43793657.023778140545
          0.062000000000   42120481.140098094940
          0.063000000000   40487380.759377144277
          0.064000000000   38894851.776801310480
          0.065000000000   37343292.204409383237
          0.066000000000   35833005.087594263256
          0.067000000000   34364201.611449033022
          0.068000000000   32937004.377205248922
          0.069000000000   31551450.828992746770
          0.070000000000   30207496.811243444681
          0.071000000000   28905020.237246371806
          0.072000000000   27643824.849646251649
          0.073000000000   26423644.054055128247
          0.074000000000   25244144.807403333485
          0.075000000000   24104931.543197877705
          0.076000000000   23005550.116465244442
          0.077000000000   21945491.751837968826
          0.078000000000   20924196.978977702558
          0.079000000000   19941059.540324982256
          0.080000000000   18995430.256997529417
          0.081000000000   18086620.839540332556
          0.082000000000   17213907.631138380617
          0.083000000000   16376535.271836407483
          0.084000000000   15573720.273265281692
          0.085000000000   14804654.494338491932
          0.086000000000   14068508.509353188798
          0.087000000000   13364434.860900027677
          0.088000000000   12691571.190948951989
          0.089000000000   12049043.244428709149
          0.090000000000   11435967.740551076829
          0.091000000000   10851455.108038417995
          0.092000000000   10294612.081299608573
          0.093000000000    9764544.155444554985
          0.094000000000    9260357.898847317323
          0.095000000000    8781163.122740326449
          0.096000000000    8326074.908057885244
          0.097000000000    7894215.490435220301
          0.098000000000    7484716.004913639277
          0.099000000000    7096718.092494284734
          0.100000000000    6729375.371230339631
          0.101000000000    6381854.775039576925
          0.102000000000    6053337.763864525594
          0.103000000000    5743021.409198839217
          0.104000000000    5450119.359341444448
          0.105000000000    5173862.689032500610
          0.106000000000    4913500.638368488289
          0.107000000000    4668301.246090992354
          0.108000000000    4437551.882493203506
          0.109000000000    4220559.687296675518
          0.110000000000    4016651.917914667632
          0.111000000000    3825176.213545297273
          0.112000000000    3645500.780526361428
          0.113000000000    3477014.504338848405
          0.114000000000    3319126.993569678627
          0.115000000000    3171268.561039177235
          0.116000000000    3032890.147168326657
          0.117000000000    2903463.190507482737
          0.118000000000    2782479.450175221078
          0.119000000000    2669450.784766329452
          0.120000000000    2563908.892083902378
          0.121000000000    2465405.013835971709
          0.122000000000    2373509.609213520773
          0.123000000000    2287812.001037647948
          0.124000000000    2207919.997931313701
          0.125000000000    2133459.495737424120
          0.126000000000    2064074.061172812246
          0.127000000000    1999424.500478362199
          0.128000000000    1939188.415601622779
          0.129000000000    1883059.750230347971
          0.130000000000    1830748.327786330367
          0.131000000000    1781979.383288590703
          0.132000000000    1736493.090805477928
          0.133000000000    1694044.088036822388
          0.134000000000    1654400.999401016161
          0.135000000000    1617345.958848016104
          0.136000000000    1582674.133478334174
          0.137000000000    1550193.248919976177
          0.138000000000    1519723.117300321348
          0.139000000000    1491095.168547696434
          0.140000000000    1464151.985667617992
          0.141000000000    1438746.844561151695
          0.142000000000    1414743.258886640426
          0.143000000000    1392014.530410962645
          0.144000000000    1370443.305251294747
          0.145000000000    1349921.136372793466
          0.146000000000    1330348.052680295426
          0.147000000000    1311632.135022461182
          0.148000000000    1293689.099413751857
          0.149000000000    1276441.887772151036
          0.150000000000    1259820.266467850422
          0.151000000000    1243760.432978892466
          0.152000000000    1228204.630953635788
          0.153000000000    1213100.773985219887
          0.154000000000    1198402.078409838025
          0.155000000000    1184066.705447027693
          0.156000000000    1170057.413006295217
          0.157000000000    1156341.217488900525
          0.158000000000    1142889.065916199004
          0.159000000000    1129675.518716063118
          0.160000000000    1116678.443495937157
          0.161000000000    1103878.720124655170
          0.162000000000    1091259.957435113378
          0.163000000000    1078808.221845787251
          0.164000000000    1066511.778180925874
          0.165000000000    1054360.842946994584
          0.166000000000    1042347.350296442979
          0.167000000000    1030464.730879376526
          0.168000000000    1018707.703749425011
          0.169000000000    1007072.081452047569
          0.170000000000     995554.588382203248
          0.171000000000     984152.692454083241
          0.172000000000     972864.450078661903
          0.173000000000     961688.364395885263
          0.174000000000     950623.256657690741
          0.175000000000     939668.150606276351
          0.176000000000     928822.169639738044
          0.177000000000     918084.446504725842
          0.178000000000     907454.045203942573
          0.179000000000     896929.894755377201
          0.180000000000     886510.734390897560
          0.181000000000     876195.069734660327
          0.182000000000     865981.139457164099
          0.183000000000     855866.891859244672
          0.184000000000     845849.970802270807
          0.185000000000     835927.710366664454
          0.186000000000     826097.137590914383
          0.187000000000     816354.982617968577
          0.188000000000     806697.695555235958
          0.189000000000     797121.469338928931
          0.190000000000     787622.267883068998
          0.191000000000     778195.858788233600
          0.192000000000     768837.849885296775
          0.193000000000     759543.728894746513
          0.194000000000     750308.905492653372
          0.195000000000     741128.755090001738
          0.196000000000     731998.663652536576
          0.197000000000     722914.072913355310
          0.198000000000     713870.525359979132
          0.199000000000     704863.708411189960
          0.200000000000     695889.497236123891
          0.201000000000     686943.995708728675
          0.202000000000     678023.575034180889
          0.203000000000     669124.909629808855
          0.204000000000     660245.009891081601
          0.205000000000     651381.251522794832
          0.206000000000     642531.401166176423
          0.207000000000     633693.638103906414
          0.208000000000     624866.571876429138
          0.209000000000     616049.255693911808
          0.210000000000     607241.195578426588
          0.211000000000     598442.355219988734
          0.212000000000     589653.156577274785
          0.213000000000     580874.476299187052
          0.214000000000     572107.638086229796
          0.215000000000     563354.401150702499
          0.216000000000     554616.944971736986
          0.217000000000     545897.850574848591
          0.218000000000     537200.078595785424
          0.219000000000     528526.944414813886
          0.220000000000     519882.090670089412
          0.221000000000     511269.457477159798
          0.222000000000     502693.250696223346
          0.223000000000     494157.908598989481
          0.224000000000     485668.067293427477
          0.225000000000     477228.525266983837
          0.226000000000     468844.207407315436
          0.227000000000     460520.128854332026
          0.228000000000     452261.359028489969
          0.229000000000     444072.986168063595
          0.230000000000     435960.082692770928
          0.231000000000     427927.671692953038
          0.232000000000     419980.694822627411
          0.233000000000     412123.981851682998
          0.234000000000     404362.222107363748
          0.235000000000     396699.938008447294
          0.236000000000     389141.460867460351
          0.237000000000     381690.909107206448
          0.238000000000     374352.169008209952
          0.239000000000     367128.878073644824
          0.240000000000     360024.411068360670
          0.241000000000     353041.868758961326
          0.242000000000     346184.069352900202
          0.243000000000     339453.542606506904
          0.244000000000     332852.526545030123
          0.245000000000     326382.966712375870
          0.246000000000     320046.517844602349
          0.247000000000     313844.547839406121
          0.248000000000     307778.143874160713
          0.249000000000     301848.120507634827
          0.250000000000     296055.029585371318
          0.251000000000     290399.171756100142
          0.252000000000     284880.609396379616
          0.253000000000     279499.180733151676
          0.254000000000     274254.514948786062
          0.255000000000     269146.048050808778
          0.256000000000     264173.039288470231
          0.257000000000     259334.587900797633
          0.258000000000     254629.649985503464
          0.259000000000     250057.055285173090
          0.260000000000     245615.523696142714
          0.261000000000     241303.681316486560
          0.262000000000     237120.075862207741
          0.263000000000     233063.191294982040
          0.264000000000     229131.461520392710
          0.265000000000     225323.283032310894
          0.266000000000     221637.026396732777
          0.267000000000     218071.046486708161
          0.268000000000     214623.691398818570
          0.269000000000     211293.310000718542
          0.270000000000     208078.258078349143
          0.271000000000     204976.903070355125
          0.272000000000     201987.627395727468
          0.273000000000     199108.830398677179
          0.274000000000     196338.928951861832
          0.275000000000     193676.356775338296
          0.276000000000     191119.562543709326
          0.277000000000     188667.006867823307
          0.278000000000     186317.158249870088
          0.279000000000     184068.488121756614
          0.280000000000     181919.465086098557
          0.281000000000     179868.548486999498
          0.282000000000     177914.181443935609
          0.283000000000     176054.783486490225
          0.284000000000     174288.742930410139
          0.285000000000     172614.409136436239
          0.286000000000     171030.084792681329
          0.287000000000     169534.018358996516
          0.288000000000     168124.396807842597
          0.289000000000     166799.338790780632
          0.290000000000     165556.888352856855
          0.291000000000     164395.009309010522
          0.292000000000     163311.580387332302
          0.293000000000     162304.391233573348
          0.294000000000     161371.139360017871
          0.295000000000     160509.428109695262
          0.296000000000     159716.765694193484
          0.297000000000     158990.565350078396
          0.298000000000     158328.146645373839
          0.299000000000     157726.737953815988
          0.300000000000     157183.480100811517
