          0.001000000000  146505642.260979682207
          0.002000000000  146361863.186381876469
          0.003000000000  146122540.537992835045
          0.004000000000  145788137.024710536003
          0.005000000000  145359298.433243215084
          0.006000000000  144836851.632305562496
          0.007000000000  144221802.020755976439
          0.008000000000  143515330.430174976587
          0.009000000000  142718789.494656026363
          0.010000000000  141833699.502705812454
          0.011000000000  140861743.748268157244
          0.012000000000  139804763.399876952171
          0.013000000000  138664751.908850371838
          0.014000000000  137443848.979253321886
          0.015000000000  136144334.124026149511
          0.016000000000  134768619.833278656006
          0.017000000000  133319244.382138013840
          0.018000000000  131798864.306909993291
          0.019000000000  130210246.579407870770
          0.020000000000  128556260.510373562574
          0.021000000000  126839869.413760662079
          0.022000000000  125064122.064357891679
          0.023000000000  123232143.981805041432
          0.024000000000  121347128.574439629912
          0.025000000000  119412328.176672369242
          0.026000000000  117431045.013646647334
          0.027000000000  115406622.126897364855
          0.028000000000  113342434.294473066926
          0.029000000000  111241878.978620097041
          0.030000000000  109108367.333588004112
          0.031000000000  106945315.305457055569
          0.032000000000  104756134.855071172118
          0.033000000000  102544225.334211513400
          0.034000000000  100312965.044084042311
          0.035000000000   98065703.003997713327
          0.036000000000   95805750.956816360354
          0.037000000000   93536375.636343628168
          0.038000000000   91260791.320327520370
          0.039000000000   88982152.691152974963
          0.040000000000   86703548.024656325579
          0.041000000000   84427992.725739538670
          0.042000000000   82158423.227699577808
          0.043000000000   79897691.270332574844
          0.044000000000   77648558.570013299584
          0.045000000000   75413691.893053635955
          0.046000000000   73195658.541724011302
          0.047000000000   70996922.260404556990
          0.048000000000   68819839.567418262362
          0.049000000000   66666656.516194000840
          0.050000000000   64539505.887524612248
          0.051000000000   62440404.812842190266
          0.052000000000   60371252.826624445617
          0.053000000000   58333830.344284296036
          0.054000000000   56329797.560200043023
          0.055000000000   54360693.758905351162
          0.056000000000   52427937.030894771218
          0.057000000000   50532824.383013159037
          0.058000000000   48676532.231997586787
          0.059000000000   46860117.268431507051
          0.060000000000   45084517.677139766514
          0.061000000000   43350554.698948889971
          0.062000000000   41658934.517700515687
          0.063000000000   40010250.455504760146
          0.064000000000   38404985.458395496011
          0.065000000000   36843514.853858105838
          0.066000000000   35326109.361097313464
          0.067000000000   33852938.334426775575
          0.068000000000   32424073.219784986228
          0.069000000000   31039491.204104319215
          0.070000000000   29699079.037092071027
          0.071000000000   28402637.004916891456
          0.072000000000   27149883.035328138620
          0.073000000000   25940456.913859743625
          0.074000000000   24773924.591000948101
          0.075000000000   23649782.560519974679
          0.076000000000   22567462.289526298642
          0.077000000000   21526334.681331980973
          0.078000000000   20525714.552720785141
          0.079000000000   19564865.107850372791
          0.080000000000   18643002.391699749976
          0.081000000000   17759299.706707775593
          0.082000000000   16912891.977042697370
          0.083000000000   16102880.045777330175
          0.084000000000   15328334.891123946756
          0.085000000000   14588301.748787162825
          0.086000000000   13881804.128436313942
          0.087000000000   13207847.713252909482
          0.088000000000   12565424.132485013455
          0.089000000000   11953514.597923979163
          0.090000000000   11371093.396206518635
          0.091000000000   10817131.229833021760
          0.092000000000   10290598.400771632791
          0.093000000000    9790467.831487784162
          0.094000000000    9315717.919191692024
          0.095000000000    8865335.220026664436
          0.096000000000    8438316.960830023512
          0.097000000000    8033673.376977097243
          0.098000000000    7650429.875663730316
          0.099000000000    7287629.024796743877
          0.100000000000    6944332.368432966061
          0.101000000000    6619622.070441990159
          0.102000000000    6312602.388757339679
          0.103000000000    6022400.983227093704
          0.104000000000    5748170.060674992390
          0.105000000000    5489087.361336107366
          0.106000000000    5244356.991337310523
          0.107000000000    5013210.106348987669
          0.108000000000    4794905.451944582164
          0.109000000000    4588729.766564690508
          0.110000000000    4393998.053295586258
          0.111000000000    4210053.726938327774
          0.112000000000    4036268.643064138945
          0.113000000000    3872043.015926771332
          0.114000000000    3716805.232233779039
          0.115000000000    3570011.567867770325
          0.116000000000    3431145.814697690774
          0.117000000000    3299718.824630310759
          0.118000000000    3175267.978026420344
          0.119000000000    3057356.583545454312
          0.120000000000    2945573.216390016489
          0.121000000000    2839531.001799435820
          0.122000000000    2738866.850491480902
          0.123000000000    2643240.652576495428
          0.124000000000    2552334.436270498671
          0.125000000000    2465851.497515581548
          0.126000000000    2383515.506379909813
          0.127000000000    2305069.595857897773
          0.128000000000    2230275.438425811008
          0.129000000000    2158912.315432109404
          0.130000000000    2090776.184116094140
          0.131000000000    2025678.746756914305
          0.132000000000    1963446.526157451794
          0.133000000000    1903919.951368054142
          0.134000000000    1846952.457253635395
          0.135000000000    1792409.601207397645
          0.136000000000    1740168.200015596347
          0.137000000000    1690115.489583251532
          0.138000000000    1642148.309940427309
          0.139000000000    1596172.317665172508
          0.140000000000    1552101.227582516847
          0.141000000000    1509856.085330886068
          0.142000000000    1469364.572128030472
          0.143000000000    1430560.342819695594
          0.144000000000    1393382.398055436322
          0.145000000000    1357774.491208837368
          0.146000000000    1323684.570443319855
          0.147000000000    1291064.256121090380
          0.148000000000    1259868.353560808580
          0.149000000000    1230054.400970443618
          0.150000000000    1201582.252214687644
          0.151000000000    1174413.693922030739
          0.152000000000    1148512.096294418443
          0.153000000000    1123842.096852746326
          0.154000000000    1100369.316233796300
          0.155000000000    1078060.105048468336
          0.156000000000    1056881.320716925198
          0.157000000000    1036800.133113577263
          0.158000000000    1017783.857782831881
          0.159000000000     999799.815425196313
          0.160000000000     982815.216302269371
          0.161000000000     966797.068167726859
          0.162000000000     951712.106299311621
          0.163000000000     937526.744183788891
          0.164000000000     924207.043391934829
          0.165000000000     911718.701174012618
          0.166000000000     900027.054306781734
          0.167000000000     889097.097731061629
          0.168000000000     878893.516533145914
          0.169000000000     869380.729843999608
          0.170000000000     860522.945256491541
          0.171000000000     852284.222392409225
          0.172000000000     844628.544287507306
          0.173000000000     837519.895303669851
          0.174000000000     830922.344322221819
          0.175000000000     824800.132020952180
          0.176000000000     819117.761089275358
          0.177000000000     813840.088290620013
          0.178000000000     808932.417338437401
          0.179000000000     804360.591611627373
          0.180000000000     800091.085796384257
          0.181000000000     796091.095604319358
          0.182000000000     792328.624780597631
          0.183000000000     788772.568680653116
          0.184000000000     785392.793759434950
          0.185000000000     782160.212382838712
          0.186000000000     779046.852436488261
          0.187000000000     776025.921272553038
          0.188000000000     773071.863599923556
          0.189000000000     770160.412987105548
          0.190000000000     767268.636710072053
          0.191000000000     764374.973738852423
          0.192000000000     761459.265716665890
          0.193000000000     758502.780843639397
          0.194000000000     755488.230633360334
          0.195000000000     752399.779564589844
          0.196000000000     749223.047702049604
          0.197000000000     745945.106409298489
          0.198000000000     742554.467323010089
          0.199000000000     739041.064801383996
          0.200000000000     735396.232099794899
          0.201000000000     731612.671563979704
          0.202000000000     727684.419164985185
          0.203000000000     723606.803730656859
          0.204000000000     719376.401255485835
          0.205000000000     714990.984694288229
          0.206000000000     710449.469665122801
          0.207000000000     705751.856503368705
          0.208000000000     700899.169121659594
          0.209000000000     695893.391139780171
          0.210000000000     690737.399754220969
          0.211000000000     685434.897819599370
          0.212000000000     679990.344612765359
          0.213000000000     674408.885746248649
          0.214000000000     668696.282689893269
          0.215000000000     662858.842348909937
          0.216000000000     656903.347132998984
          0.217000000000     650836.985934762051
          0.218000000000     644667.286416761926
          0.219000000000     638402.048985222122
          0.220000000000     632049.282804905903
          0.221000000000     625617.144184270757
          0.222000000000     619113.877632810036
          0.223000000000     612547.759863871266
          0.224000000000     605927.046986341244
          0.225000000000     599259.925097692525
          0.226000000000     592554.464459259063
          0.227000000000     585818.577402519528
          0.228000000000     579059.980082798400
          0.229000000000     572286.158164454973
          0.230000000000     565504.336489600362
          0.231000000000     558721.452750788070
          0.232000000000     551944.135157299344
          0.233000000000     545178.684054814512
          0.234000000000     538431.057429478504
          0.235000000000     531706.860200132011
          0.236000000000     525011.337176651461
          0.237000000000     518349.369538250146
          0.238000000000     511725.474663481058
          0.239000000000     505143.809123423416
          0.240000000000     498608.174631505623
          0.241000000000     492122.026727553632
          0.242000000000     485688.485960098857
          0.243000000000     479310.351319770503
          0.244000000000     472990.115667731501
          0.245000000000     466729.982896715926
          0.246000000000     460531.886558160360
          0.247000000000     454397.509687210317
          0.248000000000     448328.305558061984
          0.249000000000     442325.519104946346
          0.250000000000     436390.208749137004
          0.251000000000     430523.268379504385
          0.252000000000     424725.449243229523
          0.253000000000     418997.381514235225
          0.254000000000     413339.595319495944
          0.255000000000     407752.541017582873
          0.256000000000     402236.608539322391
          0.257000000000     396792.145617220260
          0.258000000000     391419.474748045730
          0.259000000000     386118.908751667244
          0.260000000000     380890.764808448032
          0.261000000000     375735.376877308416
          0.262000000000     370653.106416641618
          0.263000000000     365644.351350350247
          0.264000000000     360709.553241420770
          0.265000000000     355849.202655195026
          0.266000000000     351063.842713945836
          0.267000000000     346354.070863107743
          0.268000000000     341720.538887581090
          0.269000000000     337163.951233693748
          0.270000000000     332685.061708527501
          0.271000000000     328284.668643322657
          0.272000000000     323963.608621425985
          0.273000000000     319722.748883654596
          0.274000000000     315562.978534957045
          0.275000000000     311485.198685745301
          0.276000000000     307490.311669273768
          0.277000000000     303579.209482865874
          0.278000000000     299752.761605608510
          0.279000000000     296011.802348413388
          0.280000000000     292357.117894020048
          0.281000000000     288789.433184628549
          0.282000000000     285309.398813516891
          0.283000000000     281917.578074095421
          0.284000000000     278614.434315684950
          0.285000000000     275400.318749704631
          0.286000000000     272275.458843167755
          0.287000000000     269239.947428474377
          0.288000000000     266293.732649466023
          0.289000000000     263436.608853842306
          0.290000000000     260668.208531264536
          0.291000000000     257987.995385069633
          0.292000000000     255395.258613496902
          0.293000000000     252889.108463848301
          0.294000000000     250468.473110235936
          0.295000000000     248132.096892551461
          0.296000000000     245878.539941212483
          0.297000000000     243706.179199204373
          0.298000000000     241613.210840050539
          0.299000000000     239597.654067715019
          0.300000000000     237657.356272211589
