          0.001000000000  140534941.647735714912
          0.002000000000  140413526.950048804283
          0.003000000000  140211390.616147369146
          0.004000000000  139928864.295942187309
          0.005000000000  139566411.114426046610
          0.006000000000  139124624.491524368525
          0.007000000000  138604226.631485074759
          0.008000000000  138006066.686831235886
          0.009000000000  137331118.602956503630
          0.010000000000  136580478.650494396687
          0.011000000000  135755362.653632164001
          0.012000000000  134857102.923480927944
          0.013000000000  133887144.906633332372
          0.014000000000  132847043.559881776571
          0.015000000000  131738459.462998360395
          0.016000000000  130563154.682247489691
          0.017000000000  129322988.398121729493
          0.018000000000  128019912.311469793320
          0.019000000000  126655965.842874139547
          0.020000000000  125233271.140733525157
          0.021000000000  123754027.914047107100
          0.022000000000  122220508.106386885047
          0.023000000000  120635050.427964881063
          0.024000000000  119000054.763051256537
          0.025000000000  117317976.470297634602
          0.026000000000  115591320.593738451600
          0.027000000000  113822636.002395123243
          0.028000000000  112014509.476509600878
          0.029000000000  110169559.758444309235
          0.030000000000  108290431.586249038577
          0.031000000000  106379789.727775752544
          0.032000000000  104440313.033060267568
          0.033000000000  102474688.522444009781
          0.034000000000  100485605.527600541711
          0.035000000000   98475749.902293145657
          0.036000000000   96447798.319240257144
          0.037000000000   94404412.669023185968
          0.038000000000   92348234.576405391097
          0.039000000000   90281880.048893496394
          0.040000000000   88207934.271701499820
          0.041000000000   86128946.562638327479
          0.042000000000   84047425.499707356095
          0.043000000000   81965834.233460426331
          0.044000000000   79886585.995352745056
          0.045000000000   77812039.812541678548
          0.046000000000   75744496.438705176115
          0.047000000000   73686194.509597867727
          0.048000000000   71639306.931173041463
          0.049000000000   69605937.507176741958
          0.050000000000   67588117.812222287059
          0.051000000000   65587804.315404951572
          0.052000000000   63606875.758595764637
          0.053000000000   61647130.792617537081
          0.054000000000   59710285.873575091362
          0.055000000000   57797973.420685596764
          0.056000000000   55911740.236046195030
          0.057000000000   54053046.185874618590
          0.058000000000   52223263.141874909401
          0.059000000000   50423674.180520892143
          0.060000000000   48655473.037211723626
          0.061000000000   46919763.811443626881
          0.062000000000   45217560.918359301984
          0.063000000000   43549789.281287096441
          0.064000000000   41917284.759170606732
          0.065000000000   40320794.802110560238
          0.066000000000   38760979.327597983181
          0.067000000000   37238411.809430055320
          0.068000000000   35753580.570736967027
          0.069000000000   34306890.272038817406
          0.070000000000   32898663.584791883826
          0.071000000000   31529143.040455821902
          0.072000000000   30198493.044748198241
          0.073000000000   28906802.046425059438
          0.074000000000   27654084.849648863077
          0.075000000000   26440285.058779302984
          0.076000000000   25265277.644238457084
          0.077000000000   24128871.617971975356
          0.078000000000   23030812.806938055903
          0.079000000000   21970786.713021002710
          0.080000000000   20948421.447767790407
          0.081000000000   19963290.730398468673
          0.082000000000   19014916.937635220587
          0.083000000000   18102774.194027882069
          0.084000000000   17226291.491632148623
          0.085000000000   16384855.828106826171
          0.086000000000   15577815.352551264688
          0.087000000000   14804482.508685328066
          0.088000000000   14064137.165294691920
          0.089000000000   13356029.724211331457
          0.090000000000   12679384.196475680918
          0.091000000000   12033401.237729026005
          0.092000000000   11417261.134310601279
          0.093000000000   10830126.731981759891
          0.094000000000   10271146.299662284553
          0.095000000000    9739456.321048842743
          0.096000000000    9234184.207478804514
          0.097000000000    8754450.925909508020
          0.098000000000    8299373.536398747936
          0.099000000000    7868067.633993504569
          0.100000000000    7459649.690459414385
          0.101000000000    7073239.291810232215
          0.102000000000    6707961.268123312853
          0.103000000000    6362947.712650262751
          0.104000000000    6037339.887749557383
          0.105000000000    5730290.015680041164
          0.106000000000    5440962.952795317397
          0.107000000000    5168537.746170197614
          0.108000000000    4912209.072168841027
          0.109000000000    4671188.556927499361
          0.110000000000    4444705.979173193686
          0.111000000000    4232010.356229309924
          0.112000000000    4032370.914471827447
          0.113000000000    3845077.945891059469
          0.114000000000    3669443.552785226144
          0.115000000000    3504802.282961450052
          0.116000000000    3350511.658146483824
          0.117000000000    3205952.598612830043
          0.118000000000    3070529.747305869125
          0.119000000000    2943671.697012847289
          0.120000000000    2824831.124346249737
          0.121000000000    2713484.834520133678
          0.122000000000    2609133.721080196556
          0.123000000000    2511302.644905797206
          0.124000000000    2419540.236935060471
          0.125000000000    2333418.629173389170
          0.126000000000    2252533.118631002493
          0.127000000000    2176501.768897343427
          0.128000000000    2104964.954100042582
          0.129000000000    2037584.850013660034
          0.130000000000    1974044.877080417471
          0.131000000000    1914049.100081233308
          0.132000000000    1857321.589152614586
          0.133000000000    1803605.746783115435
          0.134000000000    1752663.605344439624
          0.135000000000    1704275.099616664927
          0.136000000000    1658237.318656377029
          0.137000000000    1614363.741231717635
          0.138000000000    1572483.458910150221
          0.139000000000    1532440.390734974761
          0.140000000000    1494092.493265908211
          0.141000000000    1457310.969588973094
          0.142000000000    1421979.480722147506
          0.143000000000    1387993.362657737453
          0.144000000000    1355258.852090382250
          0.145000000000    1323692.323683053488
          0.146000000000    1293219.541522903368
          0.147000000000    1263774.927215627860
          0.148000000000    1235300.846862427890
          0.149000000000    1207746.918958044145
          0.150000000000    1181069.345043766545
          0.151000000000    1155230.264745569555
          0.152000000000    1130197.136626234744
          0.153000000000    1105942.146082299296
          0.154000000000    1082441.641322349198
          0.155000000000    1059675.598273533862
          0.156000000000    1037627.115079173120
          0.157000000000    1016281.936671947245
          0.158000000000     995628.009735647589
          0.159000000000     975655.068203999195
          0.160000000000     956354.249288104358
          0.161000000000     937717.739875200554
          0.162000000000     919738.453000834561
          0.163000000000     902409.733964668936
          0.164000000000     885725.095537055982
          0.165000000000     869677.981589604518
          0.166000000000     854261.558378155692
          0.167000000000     839468.532611109898
          0.168000000000     825290.995349898003
          0.169000000000     811720.290711430251
          0.170000000000     798746.908274819260
          0.171000000000     786360.398035993334
          0.172000000000     774549.306704396615
          0.173000000000     763301.134095054353
          0.174000000000     752602.308337193332
          0.175000000000     742438.178596588550
          0.176000000000     732793.023992986768
          0.177000000000     723650.077385729179
          0.178000000000     714991.562699907809
          0.179000000000     706798.744471528567
          0.180000000000     699051.988303020946
          0.181000000000     691730.830939436564
          0.182000000000     684814.058700579335
          0.183000000000     678279.793034504284
          0.184000000000     672105.581993170548
          0.185000000000     666268.496470729704
          0.186000000000     660745.230088823941
          0.187000000000     655512.201660875231
          0.188000000000     650545.659218067885
          0.189000000000     645821.784633367904
          0.190000000000     641316.797935825889
          0.191000000000     637007.060465408606
          0.192000000000     632869.176078018500
          0.193000000000     628880.089671016205
          0.194000000000     625017.182360977400
          0.195000000000     621258.362707205699
          0.196000000000     617582.153436415480
          0.197000000000     613967.773185533006
          0.198000000000     610395.212840600754
          0.199000000000     606845.306109801866
          0.200000000000     603299.794027518132
          0.201000000000     599741.383143826039
          0.202000000000     596153.797209526529
          0.203000000000     592521.822220763308
          0.204000000000     588831.344738939777
          0.205000000000     585069.383451208007
          0.206000000000     581224.113983808085
          0.207000000000     577284.887024976313
          0.208000000000     573242.239855973865
          0.209000000000     569087.901427704724
          0.210000000000     564814.791156582185
          0.211000000000     560417.011646417435
          0.212000000000     555889.835573425516
          0.213000000000     551229.686998632038
          0.214000000000     546434.117396258982
          0.215000000000     541501.776707967045
          0.216000000000     536432.379751152126
          0.217000000000     531226.668324943981
          0.218000000000     525886.369370160392
          0.219000000000     520414.149549262889
          0.220000000000     514813.566619490099
          0.221000000000     509089.017976838921
          0.222000000000     503245.686750567693
          0.223000000000     497289.485827515076
          0.224000000000     491227.000182851858
          0.225000000000     485065.427889038809
          0.226000000000     478812.520167972369
          0.227000000000     472476.520842529077
          0.228000000000     466066.105533275928
          0.229000000000     459590.320934026153
          0.230000000000     453058.524486424169
          0.231000000000     446480.324758875067
          0.232000000000     439865.522819163627
          0.233000000000     433224.054873084184
          0.234000000000     426565.936423535866
          0.235000000000     419901.208185915311
          0.236000000000     413239.883976471901
          0.237000000000     406591.900770632375
          0.238000000000     399967.071108378994
          0.239000000000     393375.038003610855
          0.240000000000     386825.232494259020
          0.241000000000     380326.833949786902
          0.242000000000     373888.733232760918
          0.243000000000     367519.498791535501
          0.244000000000     361227.345741802419
          0.245000000000     355020.107975977124
          0.246000000000     348905.213321166753
          0.247000000000     342889.661748904036
          0.248000000000     336980.006622972258
          0.249000000000     331182.338955597719
          0.250000000000     325502.274627088511
          0.251000000000     319944.944509686029
          0.252000000000     314514.987423023558
          0.253000000000     309216.545836254430
          0.254000000000     304053.264220491983
          0.255000000000     299028.289944919525
          0.256000000000     294144.276600622805
          0.257000000000     289403.389627993165
          0.258000000000     284807.314116382913
          0.259000000000     280357.264638601395
          0.260000000000     276053.996977786534
          0.261000000000     271897.821600162250
          0.262000000000     267888.618724207685
          0.263000000000     264025.854834708443
          0.264000000000     260308.600489141303
          0.265000000000     256735.549263659370
          0.266000000000     253305.037686718395
          0.267000000000     250015.066009944101
          0.268000000000     246863.319668222946
          0.269000000000     243847.191284122906
          0.270000000000     240963.803075564880
          0.271000000000     238210.029530115484
          0.272000000000     235582.520214342570
          0.273000000000     233077.722592225706
          0.274000000000     230691.904732697294
          0.275000000000     228421.177792839764
          0.276000000000     226261.518170120951
          0.277000000000     224208.789224177832
          0.278000000000     222258.762476045231
          0.279000000000     220407.138200315909
          0.280000000000     218649.565333424107
          0.281000000000     216981.660629048361
          0.282000000000     215399.026999466616
          0.283000000000     213897.270989497716
          0.284000000000     212472.019337431411
          0.285000000000     211118.934584970790
          0.286000000000     209833.729705710401
          0.287000000000     208612.181728955271
          0.288000000000     207450.144342763379
          0.289000000000     206343.559466885315
          0.290000000000     205288.467792779498
          0.291000000000     204281.018294074864
          0.292000000000     203317.476716676116
          0.293000000000     202394.233063190855
          0.294000000000     201507.808091423678
          0.295000000000     200654.858851383877
          0.296000000000     199832.183289500797
          0.297000000000     199036.723952613276
          0.298000000000     198265.570827711956
          0.299000000000     197515.963356409949
          0.300000000000     196785.291665695113
