          0.001000000000  144803317.307869821787
          0.002000000000  144660690.320709615946
          0.003000000000  144423277.688126564026
          0.004000000000  144091527.005131155252
          0.005000000000  143666063.060372024775
          0.006000000000  143147686.000295400620
          0.007000000000  142537368.980905413628
          0.008000000000  141836255.316158384085
          0.009000000000  141045655.133924961090
          0.010000000000  140167041.552323848009
          0.011000000000  139202046.391071379185
          0.012000000000  138152455.434169858694
          0.013000000000  137020203.261997014284
          0.014000000000  135807367.672398149967
          0.015000000000  134516163.711868584156
          0.016000000000  133148937.339364230633
          0.017000000000  131708158.746507436037
          0.018000000000  130196415.359194248915
          0.019000000000  128616404.546650499105
          0.020000000000  126970926.064960882068
          0.021000000000  125262874.262921079993
          0.022000000000  123495230.078770190477
          0.023000000000  121671052.856960669160
          0.024000000000  119793472.014558568597
          0.025000000000  117865678.587212517858
          0.026000000000  115890916.684808507562
          0.027000000000  113872474.887001693249
          0.028000000000  111813677.608755230904
          0.029000000000  109717876.465814217925
          0.030000000000  107588441.669730842113
          0.031000000000  105428753.481615975499
          0.032000000000  103242193.753225445747
          0.033000000000  101032137.583317369223
          0.034000000000   98801945.116423472762
          0.035000000000   96554953.510278195143
          0.036000000000   94294469.097157895565
          0.037000000000   92023759.763281777501
          0.038000000000   89746047.569243371487
          0.039000000000   87464501.633175045252
          0.040000000000   85182231.297011524439
          0.041000000000   82902279.594791844487
          0.042000000000   80627617.040484294295
          0.043000000000   78361135.751278758049
          0.044000000000   76105643.920726895332
          0.045000000000   73863860.654502019286
          0.046000000000   71638411.179904714227
          0.047000000000   69431822.438588589430
          0.048000000000   67246519.070305660367
          0.049000000000   65084819.793788619339
          0.050000000000   62948934.189219072461
          0.051000000000   60840959.885059818625
          0.052000000000   58762880.150392457843
          0.053000000000   56716561.892270706594
          0.054000000000   54703754.056020930409
          0.055000000000   52726086.424876570702
          0.056000000000   50785068.813822582364
          0.057000000000   48882090.651089675725
          0.058000000000   47018420.939343482256
          0.059000000000   45195208.587291918695
          0.060000000000   43413483.101173438132
          0.061000000000   41674155.624417297542
          0.062000000000   39978020.312648326159
          0.063000000000   38325756.030201449990
          0.064000000000   36717928.353359974921
          0.065000000000   35154991.864688724279
          0.066000000000   33637292.722067765892
          0.067000000000   32165071.485362894833
          0.068000000000   30738466.183088567108
          0.069000000000   29357515.600935392082
          0.070000000000   28022162.773637712002
          0.071000000000   26732258.661359105259
          0.072000000000   25487565.991559728980
          0.073000000000   24287763.247197136283
          0.074000000000   23132448.782074455172
          0.075000000000   22021145.044211369008
          0.076000000000   20953302.888250578195
          0.077000000000   19928305.958135601133
          0.078000000000   18945475.121592774987
          0.079000000000   18004072.938325088471
          0.080000000000   17103308.144269477576
          0.081000000000   16242340.134777102619
          0.082000000000   15420283.430150698870
          0.083000000000   14636212.107599962503
          0.084000000000   13889164.184359241277
          0.085000000000   13178145.937439469621
          0.086000000000   12502136.146260214970
          0.087000000000   11860090.245215212926
          0.088000000000   11250944.374067867175
          0.089000000000   10673619.314941309392
          0.090000000000   10127024.305559732020
          0.091000000000    9610060.719304408878
          0.092000000000    9121625.603568188846
          0.093000000000    8660615.068819198757
          0.094000000000    8225927.521712251939
          0.095000000000    7816466.736513357610
          0.096000000000    7431144.760020581074
          0.097000000000    7068884.646072132513
          0.098000000000    6728623.016623608768
          0.099000000000    6409312.447247937322
          0.100000000000    6109923.675759589300
          0.101000000000    5829447.633486459963
          0.102000000000    5566897.299503095448
          0.103000000000    5321309.378898337483
          0.104000000000    5091745.806872182526
          0.105000000000    4877295.081142020412
          0.106000000000    4677073.425782620907
          0.107000000000    4490225.790227743797
          0.108000000000    4315926.687720311806
          0.109000000000    4153380.878013842274
          0.110000000000    4001823.899597473443
          0.111000000000    3860522.457141200546
          0.112000000000    3728774.670235267840
          0.113000000000    3605910.189829664305
          0.114000000000    3491290.189064473379
          0.115000000000    3384307.235421559773
          0.116000000000    3284385.051322956104
          0.117000000000    3190978.170451390091
          0.118000000000    3103571.497176220641
          0.119000000000    3021679.776533832308
          0.120000000000    2944846.982236969285
          0.121000000000    2872645.630175162572
          0.122000000000    2804676.024818105623
          0.123000000000    2740565.445850138087
          0.124000000000    2679967.282246386632
          0.125000000000    2622560.120853732340
          0.126000000000    2568046.796363486908
          0.127000000000    2516153.409360695630
          0.128000000000    2466628.318909022491
          0.129000000000    2419241.115882965270
          0.130000000000    2373781.582992977928
          0.131000000000    2330058.647166208364
          0.132000000000    2287899.329648696352
          0.133000000000    2247147.698885853868
          0.134000000000    2207663.830919760279
          0.135000000000    2169322.781715849880
          0.136000000000    2132013.575500888284
          0.137000000000    2095638.212860120693
          0.138000000000    2060110.702006511856
          0.139000000000    2025356.116301137721
          0.140000000000    1991309.680772479158
          0.141000000000    1957915.890055637341
          0.142000000000    1925127.659851904027
          0.143000000000    1892905.513695987873
          0.144000000000    1861216.806514084339
          0.145000000000    1830034.986162096262
          0.146000000000    1799338.893850594060
          0.147000000000    1769112.104092918336
          0.148000000000    1739342.304555454059
          0.149000000000    1710020.715946091572
          0.150000000000    1681141.551847852068
          0.151000000000    1652701.518191132927
          0.152000000000    1624699.351859456161
          0.153000000000    1597135.397740913555
          0.154000000000    1570011.223370546242
          0.155000000000    1543329.270157651510
          0.156000000000    1517092.540056528989
          0.157000000000    1491304.316419595387
          0.158000000000    1465967.917667045956
          0.159000000000    1441086.482318009017
          0.160000000000    1416662.783853275701
          0.161000000000    1392699.073819115991
          0.162000000000    1369196.951534664724
          0.163000000000    1346157.258731476963
          0.164000000000    1323579.997432366246
          0.165000000000    1301464.269366953056
          0.166000000000    1279808.235222519841
          0.167000000000    1258609.092040660093
          0.168000000000    1237863.067091191188
          0.169000000000    1217565.426584979985
          0.170000000000    1197710.497625309043
          0.171000000000    1178291.701842725277
          0.172000000000    1159301.599210104905
          0.173000000000    1140731.940592179075
          0.174000000000    1122573.727646142244
          0.175000000000    1104817.278756739106
          0.176000000000    1087452.299759363523
          0.177000000000    1070467.958277628524
          0.178000000000    1053852.960577171296
          0.179000000000    1037595.629913946032
          0.180000000000    1021683.985432987800
          0.181000000000    1006105.820751450607
          0.182000000000     990848.781437567668
          0.183000000000     975900.440674202051
          0.184000000000     961248.372471667943
          0.185000000000     946880.221868901746
          0.186000000000     932783.771634556470
          0.187000000000     918947.005049915868
          0.188000000000     905358.164423154900
          0.189000000000     892005.805049425224
          0.190000000000     878878.844393134466
          0.191000000000     865966.606327347690
          0.192000000000     853258.860320632695
          0.193000000000     840745.855513402144
          0.194000000000     828418.349673990393
          0.195000000000     816267.633069368661
          0.196000000000     804285.547326216358
          0.197000000000     792464.499395399005
          0.198000000000     780797.470766444108
          0.199000000000     769278.022108650766
          0.200000000000     757900.293541891151
          0.201000000000     746659.000763214892
          0.202000000000     735549.427274964750
          0.203000000000     724567.412976564141
          0.204000000000     713709.339395399438
          0.205000000000     702972.111842527869
          0.206000000000     692353.138786414056
          0.207000000000     681850.308742686524
          0.208000000000     671461.964980135555
          0.209000000000     661186.878343136865
          0.210000000000     651024.218488262850
          0.211000000000     640973.523828626028
          0.212000000000     631034.670473231934
          0.213000000000     621207.840440700762
          0.214000000000     611493.489417340490
          0.215000000000     601892.314318687422
          0.216000000000     592405.220901620691
          0.217000000000     583033.291661103023
          0.218000000000     573777.754231540603
          0.219000000000     564639.950498074992
          0.220000000000     555621.306607659557
          0.221000000000     546723.304053950240
          0.222000000000     537947.451993751572
          0.223000000000     529295.260936320876
          0.224000000000     520768.217930188694
          0.225000000000     512367.763355494128
          0.226000000000     504095.269413369882
          0.227000000000     495952.020387425087
          0.228000000000     487939.194736349571
          0.229000000000     480057.849060877750
          0.230000000000     472308.903973011067
          0.231000000000     464693.131880586909
          0.232000000000     457211.146685989283
          0.233000000000     449863.395384171396
          0.234000000000     442650.151532164949
          0.235000000000     435571.510550015897
          0.236000000000     428627.386801572691
          0.237000000000     421817.512392908160
          0.238000000000     415141.437616248906
          0.239000000000     408598.532958336931
          0.240000000000     402187.992583996092
          0.241000000000     395908.839198484144
          0.242000000000     389759.930185895180
          0.243000000000     383739.964915484074
          0.244000000000     377847.493103317975
          0.245000000000     372080.924113096960
          0.246000000000     366438.537077379937
          0.247000000000     360918.491718679608
          0.248000000000     355518.839749048697
          0.249000000000     350237.536726825172
          0.250000000000     345072.454250049370
          0.251000000000     340021.392367755994
          0.252000000000     335082.092092837964
          0.253000000000     330252.247903390380
          0.254000000000     325529.520123421738
          0.255000000000     320911.547078423726
          0.256000000000     316395.956926580518
          0.257000000000     311980.379072221753
          0.258000000000     307662.455074530502
          0.259000000000     303439.848971373460
          0.260000000000     299310.256945423142
          0.261000000000     295271.416267412773
          0.262000000000     291321.113459338841
          0.263000000000     287457.191628673347
          0.264000000000     283677.556933067623
          0.265000000000     279980.184143583523
          0.266000000000     276363.121283118497
          0.267000000000     272824.493325329269
          0.268000000000     269362.504947898968
          0.269000000000     265975.442342497758
          0.270000000000     262661.674092009198
          0.271000000000     259419.651133692125
          0.272000000000     256247.905834642181
          0.273000000000     253145.050213354378
          0.274000000000     250109.773348180694
          0.275000000000     247140.838020024734
          0.276000000000     244237.076642682892
          0.277000000000     241397.386539784609
          0.278000000000     238620.724632222089
          0.279000000000     235906.101604338095
          0.280000000000     233252.575620853226
          0.281000000000     230659.245669600088
          0.282000000000     228125.244607523258
          0.283000000000     225649.731989117077
          0.284000000000     223231.886757517030
          0.285000000000     220870.899878751516
          0.286000000000     218565.966999337397
          0.287000000000     216316.281206321088
          0.288000000000     214121.025967165537
          0.289000000000     211979.368324508192
          0.290000000000     209890.452417822788
          0.291000000000     207853.393400406610
          0.292000000000     205867.271815981745
          0.293000000000     203931.128494486504
          0.294000000000     202043.960021469218
          0.295000000000     200204.714829902776
          0.296000000000     198412.289957207220
          0.297000000000     196665.528503958252
          0.298000000000     194963.217824122548
          0.299000000000     193304.088469828101
          0.300000000000     191686.813906643772
