          0.001000000000  141694773.523544400930
          0.002000000000  141562467.436373233795
          0.003000000000  141342220.304498136044
          0.004000000000  141034425.883028566837
          0.005000000000  140639633.901930004358
          0.006000000000  140158548.545374363661
          0.007000000000  139592026.505968779325
          0.008000000000  138941074.620773762465
          0.009000000000  138206847.097557932138
          0.010000000000  137390642.341147005558
          0.011000000000  136493899.391156166792
          0.012000000000  135518193.983731240034
          0.013000000000  134465234.251241415739
          0.014000000000  133336856.075112476945
          0.015000000000  132135018.108161285520
          0.016000000000  130861796.483914464712
          0.017000000000  129519379.231436923146
          0.018000000000  128110060.415142357349
          0.019000000000  126636234.019971117377
          0.020000000000  125100387.603073984385
          0.021000000000  123505095.733904972672
          0.022000000000  121853013.245199084282
          0.023000000000  120146868.317863494158
          0.024000000000  118389455.423247963190
          0.025000000000  116583628.146583870053
          0.026000000000  114732291.915645420551
          0.027000000000  112838396.658806577325
          0.028000000000  110904929.416758149862
          0.029000000000  108934906.932053014636
          0.030000000000  106931368.240561574697
          0.031000000000  104897367.288647949696
          0.032000000000  102835965.599554345012
          0.033000000000  100750225.012102141976
          0.034000000000   98643200.514260411263
          0.035000000000   96517933.193594962358
          0.036000000000   94377443.325908690691
          0.037000000000   92224723.622663840652
          0.038000000000   90062732.656937763095
          0.039000000000   87894388.486784547567
          0.040000000000   85722562.493929892778
          0.041000000000   83550073.454690828919
          0.042000000000   81379681.858974248171
          0.043000000000   79214084.492059618235
          0.044000000000   77055909.292731076479
          0.045000000000   74907710.500114887953
          0.046000000000   72771964.100341051817
          0.047000000000   70651063.582890704274
          0.048000000000   68547316.015200674534
          0.049000000000   66462938.442808784544
          0.050000000000   64400054.620995193720
          0.051000000000   62360692.082576602697
          0.052000000000   60346779.545189298689
          0.053000000000   58360144.660089515150
          0.054000000000   56402512.103213466704
          0.055000000000   54475502.007953420281
          0.056000000000   52580628.737861394882
          0.057000000000   50719299.996267348528
          0.058000000000   48892816.268600396812
          0.059000000000   47102370.592060595751
          0.060000000000   45349048.646166540682
          0.061000000000   43633829.156645074487
          0.062000000000   41957584.604117326438
          0.063000000000   40321082.228068418801
          0.064000000000   38724985.315690346062
          0.065000000000   37169854.764343619347
          0.066000000000   35656150.905598640442
          0.067000000000   34184235.578108757734
          0.068000000000   32754374.435913112015
          0.069000000000   31366739.478187594563
          0.070000000000   30021411.785956218839
          0.071000000000   28718384.450829800218
          0.072000000000   27457565.680473595858
          0.073000000000   26238782.065207108855
          0.074000000000   25061781.989913962781
          0.075000000000   23926239.175283815712
          0.076000000000   22831756.332323394716
          0.077000000000   21777868.914057333022
          0.078000000000   20764048.948390565813
          0.079000000000   19789708.936221610755
          0.080000000000   18854205.799075011164
          0.081000000000   17956844.860765378922
          0.082000000000   17096883.847905792296
          0.083000000000   16273536.894430544227
          0.084000000000   15485978.535714298487
          0.085000000000   14733347.678330151364
          0.086000000000   14014751.531997673213
          0.087000000000   13329269.490823946893
          0.088000000000   12675956.951532548293
          0.089000000000   12053849.057003097609
          0.090000000000   11461964.354105342180
          0.091000000000   10899308.355500625446
          0.092000000000   10364876.995797494426
          0.093000000000    9857659.973184116185
          0.094000000000    9376643.968411130831
          0.095000000000    8920815.733763873577
          0.096000000000    8489165.045437227935
          0.097000000000    8080687.513505455106
          0.098000000000    7694387.244460695423
          0.099000000000    7329279.352072402835
          0.100000000000    6984392.313093200326
          0.101000000000    6658770.165101085790
          0.102000000000    6351474.544519380666
          0.103000000000    6061586.563591776416
          0.104000000000    5788208.525807751343
          0.105000000000    5530465.479969332926
          0.106000000000    5287506.613762680441
          0.107000000000    5058506.488343246281
          0.108000000000    4842666.116060304455
          0.109000000000    4639213.884032588452
          0.110000000000    4447406.326840377413
          0.111000000000    4266528.752118476667
          0.112000000000    4095895.723318094853
          0.113000000000    3934851.404352617916
          0.114000000000    3782769.771250999533
          0.115000000000    3639054.696313314606
          0.116000000000    3503139.910594232380
          0.117000000000    3374488.850832580589
          0.118000000000    3252594.397197617684
          0.119000000000    3136978.508436418604
          0.120000000000    3027191.761180671398
          0.121000000000    2922812.800307386089
          0.122000000000    2823447.707345912699
          0.123000000000    2728729.293984390330
          0.124000000000    2638316.327754088677
          0.125000000000    2551892.696959810797
          0.126000000000    2469166.521881340537
          0.127000000000    2389869.219195295591
          0.128000000000    2313754.526460614055
          0.129000000000    2240597.493375946768
          0.130000000000    2170193.446355147753
          0.131000000000    2102356.932779470924
          0.132000000000    2036920.651074529393
          0.133000000000    1973734.372527584666
          0.134000000000    1912663.860509251244
          0.135000000000    1853589.792494659545
          0.136000000000    1796406.689994639019
          0.137000000000    1741021.861210247502
          0.138000000000    1687354.360914787976
          0.139000000000    1635333.971749997232
          0.140000000000    1584900.210797863081
          0.141000000000    1536001.364959550090
          0.142000000000    1488593.558339671930
          0.143000000000    1442639.854499626905
          0.144000000000    1398109.396109736990
          0.145000000000    1354976.584198304918
          0.146000000000    1313220.298867962090
          0.147000000000    1272823.163027582457
          0.148000000000    1233770.850373059744
          0.149000000000    1196051.438543454511
          0.150000000000    1159654.808082434814
          0.151000000000    1124572.087548811920
          0.152000000000    1090795.144846368348
          0.153000000000    1058316.124582155142
          0.154000000000    1027127.031015689136
          0.155000000000     997219.355929061421
          0.156000000000     968583.750531046302
          0.157000000000     941209.740307062166
          0.158000000000     915085.481541851652
          0.159000000000     890197.558073333232
          0.160000000000     866530.816684386577
          0.161000000000     844068.239404346794
          0.162000000000     822790.850874115597
          0.163000000000     802677.658827301580
          0.164000000000     783705.625655158656
          0.165000000000     765849.668954485445
          0.166000000000     749082.688905086135
          0.167000000000     733375.620286183432
          0.168000000000     718697.506919017294
          0.169000000000     705015.596315002535
          0.170000000000     692295.452314688824
          0.171000000000     680501.083521804190
          0.172000000000     669595.085367854335
          0.173000000000     659538.793685630313
          0.174000000000     650292.447723461199
          0.175000000000     641815.360595535138
          0.176000000000     634066.095236034249
          0.177000000000     627002.644005477778
          0.178000000000     620582.610185534926
          0.179000000000     614763.389692813158
          0.180000000000     609502.351441916195
          0.181000000000     604757.014892377891
          0.182000000000     600485.223422148381
          0.183000000000     596645.312281347462
          0.184000000000     593196.269992878661
          0.185000000000     590097.892180891125
          0.186000000000     587310.926922648214
          0.187000000000     584797.210833897348
          0.188000000000     582519.795211184071
          0.189000000000     580443.061666375841
          0.190000000000     578532.826798126800
          0.191000000000     576756.435551609378
          0.192000000000     575082.843021043227
          0.193000000000     573482.684548828169
          0.194000000000     571928.334070038516
          0.195000000000     570393.950741186040
          0.196000000000     568855.513977282098
          0.197000000000     567290.847100917483
          0.198000000000     565679.629881099332
          0.199000000000     564003.400307839736
          0.200000000000     562245.546010640450
          0.201000000000     560391.285785148852
          0.202000000000     558427.641742152977
          0.203000000000     556343.402636825922
          0.204000000000     554129.078973640222
          0.205000000000     551776.850513848010
          0.206000000000     549280.506837793626
          0.207000000000     546635.381633848418
          0.208000000000     543838.281399571802
          0.209000000000     540887.409248945420
          0.210000000000     537782.284522467060
          0.211000000000     534523.658894788008
          0.212000000000     531113.429667648743
          0.213000000000     527554.550924433745
          0.214000000000     523850.943207008298
          0.215000000000     520007.402355957660
          0.216000000000     516029.508132237417
          0.217000000000     511923.533211862377
          0.218000000000     507696.353116039652
          0.219000000000     503355.357607295446
          0.220000000000     498908.364048180229
          0.221000000000     494363.533183199121
          0.222000000000     489729.287767213129
          0.223000000000     485014.234424937342
          0.224000000000     480227.089086676366
          0.225000000000     475376.606305361143
          0.226000000000     470471.512719660590
          0.227000000000     465520.444887674937
          0.228000000000     460531.891675728140
          0.229000000000     455514.141347418190
          0.230000000000     450475.233459477953
          0.231000000000     445422.915633517958
          0.232000000000     440364.605236392352
          0.233000000000     435307.355967165146
          0.234000000000     430257.829315387353
          0.235000000000     425222.270824003150
          0.236000000000     420206.491060656728
          0.237000000000     415215.851173651696
          0.238000000000     410255.252883430629
          0.239000000000     405329.132737232838
          0.240000000000     400441.460433635162
          0.241000000000     395595.741005008749
          0.242000000000     390795.020629570994
          0.243000000000     386041.895830693655
          0.244000000000     381338.525809352635
          0.245000000000     376686.647646204627
          0.246000000000     372087.594102539180
          0.247000000000     367542.313744326821
          0.248000000000     363051.393110722944
          0.249000000000     358615.080647479743
          0.250000000000     354233.312126868404
          0.251000000000     349905.737278652319
          0.252000000000     345631.747361391725
          0.253000000000     341410.503409697267
          0.254000000000     337240.964900987106
          0.255000000000     333121.918594549468
          0.256000000000     329052.007306329149
          0.257000000000     325029.758394560951
          0.258000000000     321053.611744110647
          0.259000000000     317121.947051023773
          0.260000000000     313233.110223155643
          0.261000000000     309385.438727753877
          0.262000000000     305577.285732386517
          0.263000000000     301807.042901422421
          0.264000000000     298073.161726451071
          0.265000000000     294374.173285185650
          0.266000000000     290708.706339686585
          0.267000000000     287075.503700869391
          0.268000000000     283473.436802190961
          0.269000000000     279901.518441046297
          0.270000000000     276358.913661665807
          0.271000000000     272844.948768032657
          0.272000000000     269359.118469580717
          0.273000000000     265901.091175981099
          0.274000000000     262470.712470235478
          0.275000000000     259068.006801407028
          0.276000000000     255693.177449684008
          0.277000000000     252346.604826957395
          0.278000000000     249028.843185732258
          0.279000000000     245740.615817913756
          0.280000000000     242482.808832834446
          0.281000000000     239256.463610742619
          0.282000000000     236062.768033934641
          0.283000000000     232903.046602690389
          0.284000000000     229778.749547250831
          0.285000000000     226691.441050206457
          0.286000000000     223642.786695903691
          0.287000000000     220634.540264834388
          0.288000000000     217668.529991463438
          0.289000000000     214746.644403622602
          0.290000000000     211870.817860475800
          0.291000000000     209043.015904202504
          0.292000000000     206265.220537950052
          0.293000000000     203539.415539364330
          0.294000000000     200867.571915163891
          0.295000000000     198251.633597757085
          0.296000000000     195693.503479986539
          0.297000000000     193195.029878639005
          0.298000000000     190757.993511551555
          0.299000000000     188384.095066939131
          0.300000000000     186074.943437075621
