          0.001000000000  143588840.032379776239
          0.002000000000  143457111.945165485144
          0.003000000000  143237826.217311710119
          0.004000000000  142931373.683808505535
          0.005000000000  142538299.934314399958
          0.006000000000  142059303.741288006306
          0.007000000000  141495235.049636602402
          0.008000000000  140847092.535755634308
          0.009000000000  140116020.745547622442
          0.010000000000  139303306.822584539652
          0.011000000000  138410376.839202910662
          0.012000000000  137438791.744790405035
          0.013000000000  136390242.946978211403
          0.014000000000  135266547.542832076550
          0.015000000000  134069643.218382909894
          0.016000000000  132801582.836067199707
          0.017000000000  131464528.730725184083
          0.018000000000  130060746.735799863935
          0.019000000000  128592599.962304979563
          0.020000000000  127062542.353889718652
          0.021000000000  125473112.042025491595
          0.022000000000  123826924.525909140706
          0.023000000000  122126665.702116608620
          0.024000000000  120375084.769405633211
          0.025000000000  118574987.034252986312
          0.026000000000  116729226.642857462168
          0.027000000000  114840699.265301480889
          0.028000000000  112912334.757450118661
          0.029000000000  110947089.825942292809
          0.030000000000  108947940.721261754632
          0.031000000000  106917875.983454212546
          0.032000000000  104859889.264463946223
          0.033000000000  102776972.250449270010
          0.034000000000  100672107.706658139825
          0.035000000000   98548262.666620627046
          0.036000000000   96408381.786490470171
          0.037000000000   94255380.884374633431
          0.038000000000   92092140.683397129178
          0.039000000000   89921500.776134431362
          0.040000000000   87746253.826839596033
          0.041000000000   85569140.026633113623
          0.042000000000   83392841.815549179912
          0.043000000000   81219978.883980035782
          0.044000000000   79053103.464722648263
          0.045000000000   76894695.925422251225
          0.046000000000   74747160.669824779034
          0.047000000000   72612822.354838863015
          0.048000000000   70493922.428988024592
          0.049000000000   68392615.996449142694
          0.050000000000   66310969.009458765388
          0.051000000000   64250955.790521897376
          0.052000000000   62214456.884493298829
          0.053000000000   60203257.239300467074
          0.054000000000   58219044.712793156505
          0.055000000000   56263408.901981815696
          0.056000000000   54337840.289734542370
          0.057000000000   52443729.702881507576
          0.058000000000   50582368.074595578015
          0.059000000000   48754946.502913340926
          0.060000000000   46962556.596310533583
          0.061000000000   45206191.096375137568
          0.062000000000   43486744.766806565225
          0.063000000000   41805015.537241004407
          0.064000000000   40161705.889746174216
          0.065000000000   38557424.475234761834
          0.066000000000   36992687.946552403271
          0.067000000000   35467922.994552955031
          0.068000000000   33983468.573129355907
          0.069000000000   32539578.298883665353
          0.070000000000   31136423.010920125991
          0.071000000000   29774093.476115178317
          0.072000000000   28452603.225159373134
          0.073000000000   27171891.504677169025
          0.074000000000   25931826.330814529210
          0.075000000000   24732207.629819557071
          0.076000000000   23572770.451354499906
          0.077000000000   22453188.240534633398
          0.078000000000   21373076.155011348426
          0.079000000000   20331994.413782041520
          0.080000000000   19329451.664828162640
          0.081000000000   18364908.359139747918
          0.082000000000   17437780.119184475392
          0.083000000000   16547441.090409981087
          0.084000000000   15693227.264935011044
          0.085000000000   14874439.767171286047
          0.086000000000   14090348.091732617468
          0.087000000000   13340193.284618120641
          0.088000000000   12623191.059298858047
          0.089000000000   11938534.839992981404
          0.090000000000   11285398.725073674694
          0.091000000000   10662940.364216260612
          0.092000000000   10070303.743551857769
          0.093000000000    9506621.873750710860
          0.094000000000    8971019.376605229452
          0.095000000000    8462614.966319484636
          0.096000000000    7980523.822333079763
          0.097000000000    7523859.851113046519
          0.098000000000    7091737.834931953810
          0.099000000000    6683275.466215199791
          0.100000000000    6297595.266580595635
          0.101000000000    5933826.390208465979
          0.102000000000    5591106.311668999493
          0.103000000000    5268582.398794403300
          0.104000000000    4965413.371614249423
          0.105000000000    4680770.648774833418
          0.106000000000    4413839.583234277554
          0.107000000000    4163820.589366727974
          0.108000000000    3929930.163918031380
          0.109000000000    3711401.803535987157
          0.110000000000    3507486.821846646257
          0.111000000000    3317455.069267860614
          0.112000000000    3140595.558941176627
          0.113000000000    2976217.002324916422
          0.114000000000    2823648.258125330787
          0.115000000000    2682238.698350243736
          0.116000000000    2551358.495352013037
          0.117000000000    2430398.833784748800
          0.118000000000    2318772.051436085720
          0.119000000000    2215911.712908101734
          0.120000000000    2121272.620116040576
          0.121000000000    2034330.763549167663
          0.122000000000    1954583.218197345268
          0.123000000000    1881547.987989958841
          0.124000000000    1814763.802523887251
          0.125000000000    1753789.869774187682
          0.126000000000    1698205.588387857191
          0.127000000000    1647610.223057822557
          0.128000000000    1601622.546363448258
          0.129000000000    1559880.450346052181
          0.130000000000    1522040.530964920530
          0.131000000000    1487777.648451941554
          0.132000000000    1456784.466452905675
          0.133000000000    1428770.972711068345
          0.134000000000    1403463.983915620251
          0.135000000000    1380606.637204372324
          0.136000000000    1359957.870677519357
          0.137000000000    1341291.895148532465
          0.138000000000    1324397.659229335142
          0.139000000000    1309078.309720949037
          0.140000000000    1295150.649158013053
          0.141000000000    1282444.592236273224
          0.142000000000    1270802.622737053083
          0.143000000000    1260079.252451388398
          0.144000000000    1250140.483500106726
          0.145000000000    1240863.275343656307
          0.146000000000    1232135.017678020988
          0.147000000000    1223853.010319778463
          0.148000000000    1215923.951094776858
          0.149000000000    1208263.432660646504
          0.150000000000    1200795.449113368290
          0.151000000000    1193451.913152162218
          0.152000000000    1186172.184505047509
          0.153000000000    1178902.610248964280
          0.154000000000    1171596.077593654860
          0.155000000000    1164211.579636619659
          0.156000000000    1156713.794537991518
          0.157000000000    1149072.678507988574
          0.158000000000    1141263.072946298867
          0.159000000000    1133264.326021341141
          0.160000000000    1125059.928928144742
          0.161000000000    1116637.167016260792
          0.162000000000    1107986.785933120875
          0.163000000000    1099102.672884079162
          0.164000000000    1089981.553067208733
          0.165000000000    1080622.701299014268
          0.166000000000    1071027.668806550326
          0.167000000000    1061200.025121448794
          0.168000000000    1051145.114972585812
          0.169000000000    1040869.830036180560
          0.170000000000    1030382.395365040284
          0.171000000000    1019692.170282642124
          0.172000000000    1008809.463492578128
          0.173000000000     997745.362119904021
          0.174000000000     986511.574367964640
          0.175000000000     975120.285442582099
          0.176000000000     963584.026365180966
          0.177000000000     951915.555267446442
          0.178000000000     940127.750732902205
          0.179000000000     928233.516725127702
          0.180000000000     916245.698618724244
          0.181000000000     904177.009827327682
          0.182000000000     892039.968503527693
          0.183000000000     879846.843768167775
          0.184000000000     867609.610911720549
          0.185000000000     855339.914997983491
          0.186000000000     843049.042290680110
          0.187000000000     830747.898916455568
          0.188000000000     818446.996173538500
          0.189000000000     806156.441893858020
          0.190000000000     793885.937267935020
          0.191000000000     781644.778546075104
          0.192000000000     769441.863036621478
          0.193000000000     757285.698832070455
          0.194000000000     745184.417706589680
          0.195000000000     733145.790644077701
          0.196000000000     721177.245473944000
          0.197000000000     709285.886112506036
          0.198000000000     697478.512930797762
          0.199000000000     685761.643794837175
          0.200000000000     674141.535351508530
          0.201000000000     662624.204162340611
          0.202000000000     651215.447317970335
          0.203000000000     639920.862198232440
          0.204000000000     628745.865075849229
          0.205000000000     617695.708295908524
          0.206000000000     606775.495797922486
          0.207000000000     595990.196782507352
          0.208000000000     585344.657359894947
          0.209000000000     574843.610052688047
          0.210000000000     564491.681060007773
          0.211000000000     554293.395224319655
          0.212000000000     544253.178675439791
          0.213000000000     534375.359158365056
          0.214000000000     524664.164082354750
          0.215000000000     515123.716357845580
          0.216000000000     505758.028115285735
          0.217000000000     496570.992425455421
          0.218000000000     487566.373164222809
          0.219000000000     478747.793185849325
          0.220000000000     470118.720987720008
          0.221000000000     461682.456065660168
          0.222000000000     453442.113172730024
          0.223000000000     445400.605705532420
          0.224000000000     437560.628450495598
          0.225000000000     429924.639928453311
          0.226000000000     422494.844578989141
          0.227000000000     415273.175026551995
          0.228000000000     408261.274668409431
          0.229000000000     401460.480819975666
          0.230000000000     394871.808646242716
          0.231000000000     388495.936098953127
          0.232000000000     382333.190067883173
          0.233000000000     376383.533941481553
          0.234000000000     370646.556757059938
          0.235000000000     365121.464104159153
          0.236000000000     359807.070926638495
          0.237000000000     354701.796349803277
          0.238000000000     349803.660638533125
          0.239000000000     345110.284371323825
          0.240000000000     340618.889893417479
          0.241000000000     336326.305090121750
          0.242000000000     332228.969499207335
          0.243000000000     328322.942759039404
          0.244000000000     324603.915367250622
          0.245000000000     321067.221703222371
          0.246000000000     317707.855246920895
          0.247000000000     314520.485906637623
          0.248000000000     311499.479349286587
          0.249000000000     308638.918209132215
          0.250000000000     305932.625034414814
          0.251000000000     303374.186816383211
          0.252000000000     300956.980931829487
          0.253000000000     298674.202318536874
          0.254000000000     296518.891693062615
          0.255000000000     294483.964612161741
          0.256000000000     292562.241172877490
          0.257000000000     290746.476141946448
          0.258000000000     289029.389302700642
          0.259000000000     287403.695807075186
          0.260000000000     285862.136321636615
          0.261000000000     284397.506759674230
          0.262000000000     283002.687396331865
          0.263000000000     281670.671170330024
          0.264000000000     280394.590984121372
          0.265000000000     279167.745824011450
          0.266000000000     277983.625532981998
          0.267000000000     276835.934081369021
          0.268000000000     275718.611194139521
          0.269000000000     274625.852208136115
          0.270000000000     273552.126048111939
          0.271000000000     272492.191226574359
          0.272000000000     271441.109789199370
          0.273000000000     270394.259144753043
          0.274000000000     269347.341735822964
          0.275000000000     268296.392524175637
          0.276000000000     267237.784281993518
          0.277000000000     266168.230697425315
          0.278000000000     265084.787319759780
          0.279000000000     263984.850385893427
          0.280000000000     262866.153585440014
          0.281000000000     261726.762836849637
          0.282000000000     260565.069160936982
          0.283000000000     259379.779751385155
          0.284000000000     258169.907353785471
          0.285000000000     256934.758075689984
          0.286000000000     255673.917759806704
          0.287000000000     254387.237060837331
          0.288000000000     253074.815373515798
          0.289000000000     251736.983765073353
          0.290000000000     250374.287069668993
          0.291000000000     248987.465305217105
          0.292000000000     247577.434574556915
          0.293000000000     246145.267613062868
          0.294000000000     244692.174143574957
          0.295000000000     243219.481197025016
          0.296000000000     241728.613553374278
          0.297000000000     240221.074452487461
          0.298000000000     238698.426718499686
          0.299000000000     237162.274434071733
          0.300000000000     235614.245292799751
