          0.001000000000  146067626.668697297573
          0.002000000000  145921339.821934759617
          0.003000000000  145677839.723172694445
          0.004000000000  145337592.362454503775
          0.005000000000  144901248.172369092703
          0.006000000000  144369640.083815932274
          0.007000000000  143743781.039421886206
          0.008000000000  143024860.974378585815
          0.009000000000  142214243.276553690434
          0.010000000000  141313460.739746302366
          0.011000000000  140324211.025904119015
          0.012000000000  139248351.654010713100
          0.013000000000  138087894.535141557455
          0.014000000000  136845000.074878722429
          0.015000000000  135521970.865901827812
          0.016000000000  134121244.995045274496
          0.017000000000  132645388.990504264832
          0.018000000000  131097090.436144128442
          0.019000000000  129479150.280971795321
          0.020000000000  127794474.872888877988
          0.021000000000  126046067.746654465795
          0.022000000000  124237021.196786344051
          0.023000000000  122370507.666668742895
          0.024000000000  120449770.985629230738
          0.025000000000  118478117.486047118902
          0.026000000000  116458907.032707437873
          0.027000000000  114395543.996670290828
          0.028000000000  112291468.205781668425
          0.029000000000  110150145.903721928596
          0.030000000000  107975060.749072104692
          0.031000000000  105769704.885364621878
          0.032000000000  103537570.112431570888
          0.033000000000  101282139.188570216298
          0.034000000000   99006877.292150825262
          0.035000000000   96715223.670276418328
          0.036000000000   94410583.500970155001
          0.037000000000   92096319.994152367115
          0.038000000000   89775746.755330622196
          0.039000000000   87452120.434540539980
          0.040000000000   85128633.681560695171
          0.041000000000   82808408.426894590259
          0.042000000000   80494489.506377086043
          0.043000000000   78189838.645584389567
          0.044000000000   75897328.818534255028
          0.045000000000   73619738.993375673890
          0.046000000000   71359749.276020765305
          0.047000000000   69119936.460846275091
          0.048000000000   66902769.995813064277
          0.049000000000   64710608.367521204054
          0.050000000000   62545695.909945756197
          0.051000000000   60410160.038802064955
          0.052000000000   58306008.911752961576
          0.053000000000   56235129.512940824032
          0.054000000000   54199286.158657088876
          0.055000000000   52200119.419337339699
          0.056000000000   50239145.451494835317
          0.057000000000   48317755.731703080237
          0.058000000000   46437217.183296665549
          0.059000000000   44598672.685092434287
          0.060000000000   42803141.950158327818
          0.061000000000   41051522.761446662247
          0.062000000000   39344592.549999177456
          0.063000000000   37683010.300416879356
          0.064000000000   36067318.767349928617
          0.065000000000   34497946.985945001245
          0.066000000000   32975213.058451287448
          0.067000000000   31499327.198552906513
          0.068000000000   30070395.014475256205
          0.069000000000   28688421.011471103877
          0.070000000000   27353312.293972350657
          0.071000000000   26064882.447459880263
          0.072000000000   24822855.579968877137
          0.073000000000   23626870.503116607666
          0.074000000000   22476485.032590225339
          0.075000000000   21371180.388183649629
          0.076000000000   20310365.673704124987
          0.077000000000   19293382.417388904840
          0.078000000000   18319509.153867688030
          0.079000000000   17387966.029182013124
          0.080000000000   16497919.410910742357
          0.081000000000   15648486.486064394936
          0.082000000000   14838739.830075571314
          0.083000000000   14067711.930939303711
          0.084000000000   13334399.653329579160
          0.085000000000   12637768.628335928544
          0.086000000000   11976757.555321024731
          0.087000000000   11350282.403288539499
          0.088000000000   10757240.500067444518
          0.089000000000   10196514.498555667698
          0.090000000000    9666976.210221616551
          0.091000000000    9167490.297023942694
          0.092000000000    8696917.813881188631
          0.093000000000    8254119.594791345298
          0.094000000000    7837959.476664695889
          0.095000000000    7447307.355888693593
          0.096000000000    7081042.073581691831
          0.097000000000    6738054.126413458958
          0.098000000000    6417248.200767415576
          0.099000000000    6117545.528889838606
          0.100000000000    5837886.066511246376
          0.101000000000    5577230.492231311277
          0.102000000000    5334562.029728377238
          0.103000000000    5108888.094584775157
          0.104000000000    4899241.768208224326
          0.105000000000    4704683.101975277066
          0.106000000000    4524300.255322908983
          0.107000000000    4357210.472068696283
          0.108000000000    4202560.899747073650
          0.109000000000    4059529.257207977120
          0.110000000000    3927324.356134705245
          0.111000000000    3805186.482500595041
          0.112000000000    3692387.644298154861
          0.113000000000    3588231.692141061183
          0.114000000000    3492054.319559304509
          0.115000000000    3403222.949982288759
          0.116000000000    3321136.517533740960
          0.117000000000    3245225.148849519435
          0.118000000000    3174949.753174111713
          0.119000000000    3109801.527997450437
          0.120000000000    3049301.387461575214
          0.121000000000    2992999.320699135307
          0.122000000000    2940473.687164973933
          0.123000000000    2891330.455890410114
          0.124000000000    2845202.395429349504
          0.125000000000    2801748.221079331823
          0.126000000000    2760651.705750519410
          0.127000000000    2721620.760624728166
          0.128000000000    2684386.491497239098
          0.129000000000    2648702.236428505741
          0.130000000000    2614342.590053808875
          0.131000000000    2581102.419608904514
          0.132000000000    2548795.877430717926
          0.133000000000    2517255.414386650082
          0.134000000000    2486330.798376756255
          0.135000000000    2455888.141741177533
          0.136000000000    2425808.941093366127
          0.137000000000    2395989.132789767813
          0.138000000000    2366338.166940078139
          0.139000000000    2336778.102560926694
          0.140000000000    2307242.726181428879
          0.141000000000    2277676.695922404993
          0.142000000000    2248034.712794315070
          0.143000000000    2218280.720691950992
          0.144000000000    2188387.136308913585
          0.145000000000    2158334.109951779246
          0.146000000000    2128108.818003798835
          0.147000000000    2097704.787571001332
          0.148000000000    2067121.253641288029
          0.149000000000    2036362.548897711094
          0.150000000000    2005437.526153438492
          0.151000000000    1974359.013215471292
          0.152000000000    1943143.299838667735
          0.153000000000    1911809.656300249277
          0.154000000000    1880379.883007200668
          0.155000000000    1848877.890445121098
          0.156000000000    1817329.308686291100
          0.157000000000    1785761.125596483704
          0.158000000000    1754201.352814360522
          0.159000000000    1722678.718522523297
          0.160000000000    1691222.385986294365
          0.161000000000    1659861.696802627295
          0.162000000000    1628625.937778271735
          0.163000000000    1597544.130341162207
          0.164000000000    1566644.841382535407
          0.165000000000    1535956.014427641872
          0.166000000000    1505504.820040330524
          0.167000000000    1475317.524379755137
          0.168000000000    1445419.374845886836
          0.169000000000    1415834.501773114549
          0.170000000000    1386585.835157886380
          0.171000000000    1357695.035436114762
          0.172000000000    1329182.437358244089
          0.173000000000    1301067.006044222508
          0.174000000000    1273366.304336386500
          0.175000000000    1246096.470604863251
          0.176000000000    1219272.206197345629
          0.177000000000    1192906.771762325428
          0.178000000000    1167011.991712019313
          0.179000000000    1141598.266127471579
          0.180000000000    1116674.589444130659
          0.181000000000    1092248.575290524401
          0.182000000000    1068326.486886020284
          0.183000000000    1044913.272435441613
          0.184000000000    1022012.604988557403
          0.185000000000     999626.926261255867
          0.186000000000     977757.493942229310
          0.187000000000     956404.432034380967
          0.188000000000     935566.783804075792
          0.189000000000     915242.566933489987
          0.190000000000     895428.830492128036
          0.191000000000     876121.713362861658
          0.192000000000     857316.503775932943
          0.193000000000     839007.699621148058
          0.194000000000     821189.069224356674
          0.195000000000     803853.712289163028
          0.196000000000     786994.120718987426
          0.197000000000     770602.239047990297
          0.198000000000     754669.524222517386
          0.199000000000     739187.004487257334
          0.200000000000     724145.337142814882
          0.201000000000     709534.864953725250
          0.202000000000     695345.670998297166
          0.203000000000     681567.631764171179
          0.204000000000     668190.468306142488
          0.205000000000     655203.795295826392
          0.206000000000     642597.167806024547
          0.207000000000     630360.125686379499
          0.208000000000     618482.235401052516
          0.209000000000     606953.129213715205
          0.210000000000     595762.541620147182
          0.211000000000     584900.342944147065
          0.212000000000     574356.570028254529
          0.213000000000     564121.453966944595
          0.214000000000     554185.444846305763
          0.215000000000     544539.233470910694
          0.216000000000     535173.770075256471
          0.217000000000     526080.280033989926
          0.218000000000     517250.276601794234
          0.219000000000     508675.570730423089
          0.220000000000     500348.278026559507
          0.221000000000     492260.822930114868
          0.222000000000     484405.940207905311
          0.223000000000     476776.673872403917
          0.224000000000     469366.373649275978
          0.225000000000     462168.689130546583
          0.226000000000     455177.561762479017
          0.227000000000     448387.214828370372
          0.228000000000     441792.141596507747
          0.229000000000     435387.091812286351
          0.230000000000     429167.056720991328
          0.231000000000     423127.252813813102
          0.232000000000     417263.104494418309
          0.233000000000     411570.225866565190
          0.234000000000     406044.401845037704
          0.235000000000     400681.568792390695
          0.236000000000     395477.794882737100
          0.237000000000     390429.260391043092
          0.238000000000     385532.238102203701
          0.239000000000     380783.074028439994
          0.240000000000     376178.168616616633
          0.241000000000     371713.958618649049
          0.242000000000     367386.899788612674
          0.243000000000     363193.450559413002
          0.244000000000     359130.056840028323
          0.245000000000     355193.138061624370
          0.246000000000     351379.074587145820
          0.247000000000     347684.196584729536
          0.248000000000     344104.774450257071
          0.249000000000     340637.010849007056
          0.250000000000     337277.034430588828
          0.251000000000     334020.895255357842
          0.252000000000     330864.561954520817
          0.253000000000     327803.920630139939
          0.254000000000     324834.775485486200
          0.255000000000     321952.851160768594
          0.256000000000     319153.796734258998
          0.257000000000     316433.191334431060
          0.258000000000     313786.551295030804
          0.259000000000     311209.338772038813
          0.260000000000     308696.971729485726
          0.261000000000     306244.835190028651
          0.262000000000     303848.293636218121
          0.263000000000     301502.704439545516
          0.264000000000     299203.432186705817
          0.265000000000     296945.863766108465
          0.266000000000     294725.424072538503
          0.267000000000     292537.592184024747
          0.268000000000     290377.917862481845
          0.269000000000     288242.038228456979
          0.270000000000     286125.694460448227
          0.271000000000     284024.748370617919
          0.272000000000     281935.198711387231
          0.273000000000     279853.197071193426
          0.274000000000     277775.063222750730
          0.275000000000     275697.299793166050
          0.276000000000     273616.606132437475
          0.277000000000     271529.891264843522
          0.278000000000     269434.285816700780
          0.279000000000     267327.152823582233
          0.280000000000     265206.097330457240
          0.281000000000     263068.974709120870
          0.282000000000     260913.897628634208
          0.283000000000     258739.241626241797
          0.284000000000     256543.649238214595
          0.285000000000     254326.032662188809
          0.286000000000     252085.574934734032
          0.287000000000     249821.729619989113
          0.288000000000     247534.219017125200
          0.289000000000     245223.030906059983
          0.290000000000     242888.413862149057
          0.291000000000     240530.871181412716
          0.292000000000     238151.153468189033
          0.293000000000     235750.249946771452
          0.294000000000     233329.378567635460
          0.295000000000     230889.974987093185
          0.296000000000     228433.680506702163
          0.297000000000     225962.329065353115
          0.298000000000     223477.933382691786
          0.299000000000     220982.670357335039
          0.300000000000     218478.865827209898
