          0.001000000000  146912505.754505664110
          0.002000000000  146760630.772181898355
          0.003000000000  146507848.899530291557
          0.004000000000  146154673.600922346115
          0.005000000000  145701821.367037922144
          0.006000000000  145150209.368183284998
          0.007000000000  144500952.455263584852
          0.008000000000  143755359.521885365248
          0.009000000000  142914929.243868201971
          0.010000000000  141981345.215216875076
          0.011000000000  140956470.502205878496
          0.012000000000  139842341.639764249325
          0.013000000000  138641162.096698820591
          0.014000000000  137355295.238525599241
          0.015000000000  135987256.818736672401
          0.016000000000  134539707.031215816736
          0.017000000000  133015442.158222973347
          0.018000000000  131417385.849876448512
          0.019000000000  129748580.072393387556
          0.020000000000  128012175.763444796205
          0.021000000000  126211423.233910441399
          0.022000000000  124349662.355988308787
          0.023000000000  122430312.578135997057
          0.024000000000  120456862.807552933693
          0.025000000000  118432861.201012015343
          0.026000000000  116361904.904676616192
          0.027000000000  114247629.783205747604
          0.028000000000  112093700.177882522345
          0.029000000000  109903798.732776224613
          0.030000000000  107681616.327006191015
          0.031000000000  105430842.150059998035
          0.032000000000  103155153.955867603421
          0.033000000000  100858208.529867723584
          0.034000000000   98543632.401742205024
          0.035000000000   96215012.834769561887
          0.036000000000   93875889.120910868049
          0.037000000000   91529744.208791539073
          0.038000000000   89179996.689691677690
          0.039000000000   86829993.164548695087
          0.040000000000   84483001.012752294540
          0.041000000000   82142201.581285059452
          0.042000000000   79810683.810463652015
          0.043000000000   77491438.310210362077
          0.044000000000   75187351.898472085595
          0.045000000000   72901202.611065790057
          0.046000000000   70635655.189914509654
          0.047000000000   68393257.054367497563
          0.048000000000   66176434.758032768965
          0.049000000000   63987490.931369841099
          0.050000000000   61828601.708154104650
          0.051000000000   59701814.631863676012
          0.052000000000   57609047.036060512066
          0.053000000000   55552084.890955545008
          0.054000000000   53532582.106552183628
          0.055000000000   51552060.281085319817
          0.056000000000   49611908.881895586848
          0.057000000000   47713385.844425372779
          0.058000000000   45857618.573688447475
          0.059000000000   44045605.331352375448
          0.060000000000   42278216.990484580398
          0.061000000000   40556199.139062985778
          0.062000000000   38880174.512511722744
          0.063000000000   37250645.734828844666
          0.064000000000   35667998.347291633487
          0.065000000000   34132504.103277377784
          0.066000000000   32644324.507408238947
          0.067000000000   31203514.577015265822
          0.068000000000   29810026.803828027099
          0.069000000000   28463715.293807230890
          0.070000000000   27164340.063158310950
          0.071000000000   25911571.468789529055
          0.072000000000   24704994.751789022237
          0.073000000000   23544114.672901954502
          0.074000000000   22428360.219472769648
          0.075000000000   21357089.363880369812
          0.076000000000   20329593.854120284319
          0.077000000000   19345104.017881747335
          0.078000000000   18402793.562212459743
          0.079000000000   17501784.351656027138
          0.080000000000   16641151.148584365845
          0.081000000000   15819926.300315571949
          0.082000000000   15037104.358504742384
          0.083000000000   14291646.617216849700
          0.084000000000   13582485.557023227215
          0.085000000000   12908529.183410312980
          0.086000000000   12268665.248738547787
          0.087000000000   11661765.347938179970
          0.088000000000   11086688.879072148353
          0.089000000000   10542286.860830569640
          0.090000000000   10027405.599941022694
          0.091000000000    9540890.202379580587
          0.092000000000    9081587.923150112852
          0.093000000000    8648351.350254720077
          0.094000000000    8240041.419308587909
          0.095000000000    7855530.256053673103
          0.096000000000    7493703.844794814475
          0.097000000000    7153464.521520343609
          0.098000000000    6833733.291171469726
          0.099000000000    6533451.969194730744
          0.100000000000    6251585.148144012317
          0.101000000000    5987121.990696161985
          0.102000000000    5739077.851005558856
          0.103000000000    5506495.726847338490
          0.104000000000    5288447.545488178730
          0.105000000000    5084035.286677165888
          0.106000000000    4892391.946566737257
          0.107000000000    4712682.346758787520
          0.108000000000    4544103.793020016514
          0.109000000000    4385886.588529220782
          0.110000000000    4237294.406804015860
          0.111000000000    4097624.529709814582
          0.112000000000    3966207.956178294495
          0.113000000000    3842409.387458694633
          0.114000000000    3725627.094893618021
          0.115000000000    3615292.676351772156
          0.116000000000    3510870.707566255704
          0.117000000000    3411858.294717059471
          0.118000000000    3317784.534663633909
          0.119000000000    3228209.889277210925
          0.120000000000    3142725.480344417505
          0.121000000000    3060952.311514558736
          0.122000000000    2982540.423743353691
          0.123000000000    2907167.990646855906
          0.124000000000    2834540.360121562146
          0.125000000000    2764389.048510918859
          0.126000000000    2696470.693505350500
          0.127000000000    2630565.971853290219
          0.128000000000    2566478.487835482694
          0.129000000000    2504033.638313711155
          0.130000000000    2443077.460010488983
          0.131000000000    2383475.464506777003
          0.132000000000    2325111.466263271868
          0.133000000000    2267886.408775856718
          0.134000000000    2211717.193770211190
          0.135000000000    2156535.518123498652
          0.136000000000    2102286.722974022385
          0.137000000000    2048928.659243723610
          0.138000000000    1996430.573553790106
          0.139000000000    1944772.018261764431
          0.140000000000    1893941.789090016857
          0.141000000000    1843936.893551528454
          0.142000000000    1794761.553110494278
          0.143000000000    1746426.241743395571
          0.144000000000    1698946.763291797368
          0.145000000000    1652343.369722754462
          0.146000000000    1606639.922137020389
          0.147000000000    1561863.096090486040
          0.148000000000    1518041.632521947613
          0.149000000000    1475205.635310903890
          0.150000000000    1433385.916224426357
          0.151000000000    1392613.387752850773
          0.152000000000    1352918.504081432475
          0.153000000000    1314330.750200301642
          0.154000000000    1276878.178918901598
          0.155000000000    1240586.995324712479
          0.156000000000    1205481.188010316342
          0.157000000000    1171582.206188647309
          0.158000000000    1138908.681624300312
          0.159000000000    1107476.194129938027
          0.160000000000    1077297.079211372184
          0.161000000000    1048380.276293950970
          0.162000000000    1020731.215826235246
          0.163000000000     994351.743435415905
          0.164000000000     969240.079202581896
          0.165000000000     945390.810034861090
          0.166000000000     922794.913035874255
          0.167000000000     901439.807715519797
          0.168000000000     881309.434835012886
          0.169000000000     862384.359652730636
          0.170000000000     844641.897320689401
          0.171000000000     828056.258179771714
          0.172000000000     812598.710713670589
          0.173000000000     798237.759946298669
          0.174000000000     784939.339104378130
          0.175000000000     772667.012415426550
          0.176000000000     761382.186970436946
          0.177000000000     751044.331649443367
          0.178000000000     741611.201185914455
          0.179000000000     733039.063531577471
          0.180000000000     725282.928775865585
          0.181000000000     718296.777972786338
          0.182000000000     712033.790331452270
          0.183000000000     706446.567334069870
          0.184000000000     701487.352455674903
          0.185000000000     697108.245272319415
          0.186000000000     693261.408858162467
          0.187000000000     689899.269485614728
          0.188000000000     686974.707755954587
          0.189000000000     684441.240399447270
          0.190000000000     682253.192093607271
          0.191000000000     680365.856754775974
          0.192000000000     678735.647861319594
          0.193000000000     677320.237465742393
          0.194000000000     676078.683647411992
          0.195000000000     674971.546247064252
          0.196000000000     673960.990808262257
          0.197000000000     673010.880729471333
          0.198000000000     672086.857703000773
          0.199000000000     671156.410583636607
          0.200000000000     670188.932890434749
          0.201000000000     669155.769199552480
          0.202000000000     668030.250734524219
          0.203000000000     666787.720502986340
          0.204000000000     665405.548365580267
          0.205000000000     663863.136454151245
          0.206000000000     662141.915382221690
          0.207000000000     660225.331711717998
          0.208000000000     658098.827156117070
          0.209000000000     655749.810012044152
          0.210000000000     653167.619319095858
          0.211000000000     650343.482251913869
          0.212000000000     647270.465249217115
          0.213000000000     643943.419382546330
          0.214000000000     640358.920462750481
          0.215000000000     636515.204375419184
          0.216000000000     632412.098127746140
          0.217000000000     628050.947079125675
          0.218000000000     623434.538816261454
          0.219000000000     618567.024121305207
          0.220000000000     613453.835468375008
          0.221000000000     608101.603470412432
          0.222000000000     602518.071684574592
          0.223000000000     596712.010170524940
          0.224000000000     590693.128182355431
          0.225000000000     584471.986361218500
          0.226000000000     578059.908782524290
          0.227000000000     571468.895198584883
          0.228000000000     564711.533804891864
          0.229000000000     557800.914845932159
          0.230000000000     550750.545364445425
          0.231000000000     543574.265386203304
          0.232000000000     536286.165820904076
          0.233000000000     528900.508348259958
          0.234000000000     521431.647546942986
          0.235000000000     513893.955512569402
          0.236000000000     506301.749199158221
          0.237000000000     498669.220706586668
          0.238000000000     491010.370724134787
          0.239000000000     483338.945327409834
          0.240000000000     475668.376312464068
          0.241000000000     468011.725236808881
          0.242000000000     460381.631322229397
          0.243000000000     452790.263358621625
          0.244000000000     445249.275731658388
          0.245000000000     437769.768679754285
          0.246000000000     430362.252867684641
          0.247000000000     423036.618345187861
          0.248000000000     415802.107939169044
          0.249000000000     408667.295107567392
          0.250000000000     401640.066261865897
          0.251000000000     394727.607543496939
          0.252000000000     387936.396017288032
          0.253000000000     381272.195222722017
          0.254000000000     374740.055001176836
          0.255000000000     368344.315494861919
          0.256000000000     362088.615190788347
          0.257000000000     355975.902861218783
          0.258000000000     350008.453230672632
          0.259000000000     344187.886178966728
          0.260000000000     338515.189270187053
          0.261000000000     332990.743379009364
          0.262000000000     327614.351168698922
          0.263000000000     322385.268159536354
          0.264000000000     317302.236112581450
          0.265000000000     312363.518441650202
          0.266000000000     307566.937356404320
          0.267000000000     302909.912431596022
          0.268000000000     298389.500291841279
          0.269000000000     294002.435098057031
          0.270000000000     289745.169520704716
          0.271000000000     285613.915886548755
          0.272000000000     281604.687189531862
          0.273000000000     277713.337662766804
          0.274000000000     273935.602617382130
          0.275000000000     270267.137265050958
          0.276000000000     266703.554254335817
          0.277000000000     263240.459666460811
          0.278000000000     259873.487233532738
          0.279000000000     256598.330561527517
          0.280000000000     253410.773161308054
          0.281000000000     250306.716113324277
          0.282000000000     247282.203215340036
          0.283000000000     244333.443487205659
          0.284000000000     241456.830932216457
          0.285000000000     238648.961480642000
          0.286000000000     235906.647067361977
          0.287000000000     233226.926821995527
          0.288000000000     230607.075376088644
          0.289000000000     228044.608317740262
          0.290000000000     225537.284849100542
          0.291000000000     223083.107726364891
          0.292000000000     220680.320584874076
          0.293000000000     218327.402773603972
          0.294000000000     216023.061843407952
          0.295000000000     213766.223851755058
          0.296000000000     211556.021663143358
          0.297000000000     209391.781438867503
          0.298000000000     207273.007522027707
          0.299000000000     205199.365933816676
          0.300000000000     203170.666704807401
