          0.001000000000  143195913.980786353350
          0.002000000000  143058243.968159407377
          0.003000000000  142829082.747109472752
          0.004000000000  142508862.613972753286
          0.005000000000  142098186.979929149151
          0.006000000000  141597828.575765728951
          0.007000000000  141008727.155733704567
          0.008000000000  140331986.709450006485
          0.009000000000  139568872.192678749561
          0.010000000000  138720805.789693027735
          0.011000000000  137789362.721691489220
          0.012000000000  136776266.617493867874
          0.013000000000  135683384.464346706867
          0.014000000000  134512721.158299595118
          0.015000000000  133266413.675007686019
          0.016000000000  131946724.883274376392
          0.017000000000  130556037.024867236614
          0.018000000000  129096844.885339468718
          0.019000000000  127571748.681631863117
          0.020000000000  125983446.693176776171
          0.021000000000  124334727.664035320282
          0.022000000000  122628463.004299864173
          0.023000000000  120867598.819549888372
          0.024000000000  119055147.797601953149
          0.025000000000  117194180.982086449862
          0.026000000000  115287819.462575390935
          0.027000000000  113339226.011027857661
          0.028000000000  111351596.694236963987
          0.029000000000  109328152.491757571697
          0.030000000000  107272130.948461070657
          0.031000000000  105186777.890400186181
          0.032000000000  103075339.232092261314
          0.033000000000  100941052.902652367949
          0.034000000000   98787140.917370647192
          0.035000000000   96616801.620455831289
          0.036000000000   94433202.123636394739
          0.037000000000   92239470.964201316237
          0.038000000000   90038691.004885300994
          0.039000000000   87833892.596717000008
          0.040000000000   85628047.024592950940
          0.041000000000   83424060.253943040967
          0.042000000000   81224766.995339572430
          0.043000000000   79032925.102417334914
          0.044000000000   76851210.316854760051
          0.045000000000   74682211.372583493590
          0.046000000000   72528425.469743981957
          0.047000000000   70392254.127252206206
          0.048000000000   68275999.421164095402
          0.049000000000   66181860.614362299442
          0.050000000000   64111931.181414023042
          0.051000000000   62068196.230796128511
          0.052000000000   60052530.325040921569
          0.053000000000   58066695.697764277458
          0.054000000000   56112340.864941947162
          0.055000000000   54190999.626287452877
          0.056000000000   52304090.451089687645
          0.057000000000   50452916.241446241736
          0.058000000000   48638664.464456662536
          0.059000000000   46862407.643637493253
          0.060000000000   45125104.198590829968
          0.061000000000   43427599.620800256729
          0.062000000000   41770627.972349777818
          0.063000000000   40154813.693372167647
          0.064000000000   38580673.703115791082
          0.065000000000   37048619.778709493577
          0.066000000000   35558961.194971367717
          0.067000000000   34111907.607965491712
          0.068000000000   32707572.164480373263
          0.069000000000   31345974.819137126207
          0.070000000000   30027045.840493619442
          0.071000000000   28750629.487236920744
          0.072000000000   27516487.835394185036
          0.073000000000   26324304.737408600748
          0.074000000000   25173689.893937934190
          0.075000000000   24064183.019330512732
          0.076000000000   22995258.081913307309
          0.077000000000   21966327.600492071360
          0.078000000000   20976746.978798922151
          0.079000000000   20025818.860041316599
          0.080000000000   19112797.484188534319
          0.081000000000   18236893.031181704253
          0.082000000000   17397275.933866016567
          0.083000000000   16593081.145109914243
          0.084000000000   15823412.344297396019
          0.085000000000   15087346.069144045934
          0.086000000000   14383935.759595612064
          0.087000000000   13712215.701411880553
          0.088000000000   13071204.857911478728
          0.089000000000   12459910.579255679622
          0.090000000000   11877332.179567461833
          0.091000000000   11322464.373117757961
          0.092000000000   10794300.561757504940
          0.093000000000   10291835.966721244156
          0.094000000000    9814070.598879868165
          0.095000000000    9360012.062463114038
          0.096000000000    8928678.188208330423
          0.097000000000    8519099.492811979726
          0.098000000000    8130321.462462332100
          0.099000000000    7761406.659113192931
          0.100000000000    7411436.649010262452
          0.101000000000    7079513.753807681613
          0.102000000000    6764762.625402389094
          0.103000000000    6466331.646370131522
          0.104000000000    6183394.158603623509
          0.105000000000    5915149.523430213332
          0.106000000000    5660824.017119113356
          0.107000000000    5419671.566278121434
          0.108000000000    5190974.328182151541
          0.109000000000    4974043.121571732685
          0.110000000000    4768217.713908107951
          0.111000000000    4572866.971470141783
          0.112000000000    4387388.879029683769
          0.113000000000    4211210.436143800616
          0.114000000000    4043787.437355576083
          0.115000000000    3884604.143801551778
          0.116000000000    3733172.853881946299
          0.117000000000    3589033.380763273221
          0.118000000000    3451752.444550291169
          0.119000000000    3320922.986989601050
          0.120000000000    3196163.416549961548
          0.121000000000    3077116.791668006685
          0.122000000000    2963449.949853486381
          0.123000000000    2854852.590218119789
          0.124000000000    2751036.316828548908
          0.125000000000    2651733.650089083239
          0.126000000000    2556697.013136635534
          0.127000000000    2465697.699980499223
          0.128000000000    2378524.831846339162
          0.129000000000    2294984.307889229618
          0.130000000000    2214897.756127552595
          0.131000000000    2138101.490120648406
          0.132000000000    2064445.476570495870
          0.133000000000    1993792.318674582290
          0.134000000000    1926016.259695221670
          0.135000000000    1861002.210842938162
          0.136000000000    1798644.807200188050
          0.137000000000    1738847.495038920781
          0.138000000000    1681521.653513634345
          0.139000000000    1626585.753342448268
          0.140000000000    1573964.554724734509
          0.141000000000    1523588.346386138815
          0.142000000000    1475392.227292997064
          0.143000000000    1429315.432238934794
          0.144000000000    1385300.702178961597
          0.145000000000    1343293.699871623889
          0.146000000000    1303242.471088854596
          0.147000000000    1265096.951367602451
          0.148000000000    1228808.518007287057
          0.149000000000    1194329.586764159845
          0.150000000000    1161613.252457725350
          0.151000000000    1130612.972486546496
          0.152000000000    1101282.292050775839
          0.153000000000    1073574.609697613399
          0.154000000000    1047442.981642838800
          0.155000000000    1022839.963177463156
          0.156000000000     999717.485342493048
          0.157000000000     978026.764947192394
          0.158000000000     957718.245916319778
          0.159000000000     938741.569879473536
          0.160000000000     921045.573860172299
          0.161000000000     904578.312883207109
          0.162000000000     889287.105295454734
          0.163000000000     875118.598586912500
          0.164000000000     862018.853504586616
          0.165000000000     849933.444271135959
          0.166000000000     838807.572751962813
          0.167000000000     828586.194457974052
          0.168000000000     819214.154325480922
          0.169000000000     810636.330278784852
          0.170000000000     802797.782653974486
          0.171000000000     795643.907643410028
          0.172000000000     789120.593008249649
          0.173000000000     783174.374400406145
          0.174000000000     777752.590734414756
          0.175000000000     772803.537153119803
          0.176000000000     768276.614237771602
          0.177000000000     764122.472222420620
          0.178000000000     760293.149083405617
          0.179000000000     756742.201486579143
          0.180000000000     753424.827686940669
          0.181000000000     750297.981586754904
          0.182000000000     747320.477268532035
          0.183000000000     744453.083427625708
          0.184000000000     741658.607235247269
          0.185000000000     738901.967265760060
          0.186000000000     736150.255221857573
          0.187000000000     733372.786287067807
          0.188000000000     730541.138026706292
          0.189000000000     727629.177845496684
          0.190000000000     724613.079092435190
          0.191000000000     721471.325980654336
          0.192000000000     718184.707562042633
          0.193000000000     714736.301062962390
          0.194000000000     711111.444948446122
          0.195000000000     707297.702137698769
          0.196000000000     703284.813843623502
          0.197000000000     699064.644553279737
          0.198000000000     694631.118704844033
          0.199000000000     689980.149649798987
          0.200000000000     685109.561516785645
          0.201000000000     680019.004616051796
          0.202000000000     674709.865040643839
          0.203000000000     669185.169132932439
          0.204000000000     663449.483492571628
          0.205000000000     657508.811204954516
          0.206000000000     651370.484967953176
          0.207000000000     645043.057789159939
          0.208000000000     638536.191916564829
          0.209000000000     631860.546652605524
          0.210000000000     625027.665685194661
          0.211000000000     618049.864549922524
          0.212000000000     610940.118815343012
          0.213000000000     603711.953558421577
          0.214000000000     596379.334670148906
          0.215000000000     588956.562502064044
          0.216000000000     581458.168333576526
          0.217000000000     573898.814107471379
          0.218000000000     566293.195847250870
          0.219000000000     558655.951135225710
          0.220000000000     551001.570994727896
          0.221000000000     543344.316483668867
          0.222000000000     535698.140270301490
          0.223000000000     528076.613425394287
          0.224000000000     520492.857628540020
          0.225000000000     512959.482950137754
          0.226000000000     505488.531334677245
          0.227000000000     498091.425875868823
          0.228000000000     490778.925939667737
          0.229000000000     483561.088157752645
          0.230000000000     476447.233281598659
          0.231000000000     469445.918855946802
          0.232000000000     462564.917640532425
          0.233000000000     455811.201680348779
          0.234000000000     449190.931897600589
          0.235000000000     442709.453052996891
          0.236000000000     436371.293900157500
          0.237000000000     430180.172334728180
          0.238000000000     424139.005319406104
          0.239000000000     418249.923347447359
          0.240000000000     412514.289190486656
          0.241000000000     406932.720661576779
          0.242000000000     401505.117111316998
          0.243000000000     396230.689363815880
          0.244000000000     391107.992789930315
          0.245000000000     386134.963207844645
          0.246000000000     381308.955295527703
          0.247000000000     376626.783195826458
          0.248000000000     372084.762993122626
          0.249000000000     367678.756740214652
          0.250000000000     363404.217715714418
          0.251000000000     359256.236595401133
          0.252000000000     355229.588225767424
          0.253000000000     351318.778694373264
          0.254000000000     347518.092399354035
          0.255000000000     343821.638829667761
          0.256000000000     340223.398778123723
          0.257000000000     336717.269720981305
          0.258000000000     333297.110110737442
          0.259000000000     329956.782342649414
          0.260000000000     326690.194170372037
          0.261000000000     323491.338361807633
          0.262000000000     320354.330402721011
          0.263000000000     317273.444072782120
          0.264000000000     314243.144736364076
          0.265000000000     311258.120208517299
          0.266000000000     308313.309074986086
          0.267000000000     305403.926363807637
          0.268000000000     302525.486484836380
          0.269000000000     299673.823372352170
          0.270000000000     296845.107784676540
          0.271000000000     294035.861733260972
          0.272000000000     291242.970032046898
          0.273000000000     288463.688975752855
          0.274000000000     285695.652173246315
          0.275000000000     282936.873579036968
          0.276000000000     280185.747782164079
          0.277000000000     277441.047627315915
          0.278000000000     274701.919257743459
          0.279000000000     271967.874683403992
          0.280000000000     269238.781990727759
          0.281000000000     266514.853322353913
          0.282000000000     263796.630766085349
          0.283000000000     261084.970302183385
          0.284000000000     258381.023966794484
          0.285000000000     255686.220396880584
          0.286000000000     253002.243928397191
          0.287000000000     250331.012424631801
          0.288000000000     247674.654015602981
          0.289000000000     245035.482932171755
          0.290000000000     242415.974620074703
          0.291000000000     239818.740319452889
          0.292000000000     237246.501294641319
          0.293000000000     234702.062897012715
          0.294000000000     232188.288640592422
          0.295000000000     229708.074466007733
          0.296000000000     227264.323363133648
          0.297000000000     224859.920516621176
          0.298000000000     222497.709131389332
          0.299000000000     220180.467087195546
          0.300000000000     217910.884562613006
