          0.001000000000  147000435.737875193357
          0.002000000000  146857906.294741421938
          0.003000000000  146620642.864745438099
          0.004000000000  146289073.076344370842
          0.005000000000  145863793.943741023540
          0.006000000000  145345570.208538353443
          0.007000000000  144735332.217958569527
          0.008000000000  144034173.347350388765
          0.009000000000  143243346.976348221302
          0.010000000000  142364263.029657125473
          0.011000000000  141398484.094983667135
          0.012000000000  140347721.132155358791
          0.013000000000  139213828.788871169090
          0.014000000000  137998800.339945346117
          0.015000000000  136704762.268162906170
          0.016000000000  135333968.506099551916
          0.017000000000  133888794.359407588840
          0.018000000000  132371730.133076712489
          0.019000000000  130785374.483174666762
          0.020000000000  129132427.517391294241
          0.021000000000  127415683.668486967683
          0.022000000000  125638024.365392878652
          0.023000000000  123802410.527253434062
          0.024000000000  121911874.906149238348
          0.025000000000  119969514.304574519396
          0.026000000000  117978481.693951413035
          0.027000000000  115941978.260609596968
          0.028000000000  113863245.405636280775
          0.029000000000  111745556.724928736687
          0.030000000000  109592209.995565444231
          0.031000000000  107406519.194297060370
          0.032000000000  105191806.573577702045
          0.033000000000  102951394.820009812713
          0.034000000000  100688599.319504678249
          0.035000000000   98406720.552755922079
          0.036000000000   96109036.643839463592
          0.037000000000   93798796.083888173103
          0.038000000000   91479210.650858104229
          0.039000000000   89153448.545376986265
          0.040000000000   86824627.761591985822
          0.041000000000   84495809.710781559348
          0.042000000000   82169993.114311233163
          0.043000000000   79850108.181245967746
          0.044000000000   77539011.084666386247
          0.045000000000   75239478.749373883009
          0.046000000000   72954203.962347239256
          0.047000000000   70685790.815904289484
          0.048000000000   68436750.492138400674
          0.049000000000   66209497.395777873695
          0.050000000000   64006345.641218431294
          0.051000000000   61829505.898047491908
          0.052000000000   59681082.597993865609
          0.053000000000   57563071.504835247993
          0.054000000000   55477357.647432401776
          0.055000000000   53425713.614721991122
          0.056000000000   51409798.210177041590
          0.057000000000   49431155.461988069117
          0.058000000000   47491213.983973056078
          0.059000000000   45591286.681044183671
          0.060000000000   43732570.791934169829
          0.061000000000   41916148.260793566704
          0.062000000000   40142986.428260289133
          0.063000000000   38413939.031641960144
          0.064000000000   36729747.502962782979
          0.065000000000   35091042.552791468799
          0.066000000000   33498346.027026008815
          0.067000000000   31952073.023115299642
          0.068000000000   30452534.251591570675
          0.069000000000   28999938.628246977925
          0.070000000000   27594396.081829700619
          0.071000000000   26235920.561739936471
          0.072000000000   24924433.229896951467
          0.073000000000   23659765.820704549551
          0.074000000000   22441664.152876846492
          0.075000000000   21269791.776791948825
          0.076000000000   20143733.741013187915
          0.077000000000   19063000.461663164198
          0.078000000000   18027031.678445514292
          0.079000000000   17035200.481283381581
          0.080000000000   16086817.391777001321
          0.081000000000   15181134.483980663121
          0.082000000000   14317349.529344342649
          0.083000000000   13494610.151069650427
          0.084000000000   12712017.973579471931
          0.085000000000   11968632.753295391798
          0.086000000000   11263476.477455735207
          0.087000000000   10595537.418279819191
          0.088000000000    9963774.130395725369
          0.089000000000    9367119.380084473640
          0.090000000000    8804483.995561545715
          0.091000000000    8274760.628201818094
          0.092000000000    7776827.415320695378
          0.093000000000    7309551.535843550228
          0.094000000000    6871792.650926330127
          0.095000000000    6462406.222328156233
          0.096000000000    6080246.702076263726
          0.097000000000    5724170.587705324404
          0.098000000000    5393039.338089194149
          0.099000000000    5085722.145612791181
          0.100000000000    4801098.561152003706
          0.101000000000    4538060.969035648741
          0.102000000000    4295516.909854523838
          0.103000000000    4072391.249655100983
          0.104000000000    3867628.194706794806
          0.105000000000    3680193.151660484727
          0.106000000000    3509074.433519570623
          0.107000000000    3353284.812421543524
          0.108000000000    3211862.920776260551
          0.109000000000    3083874.502825952135
          0.110000000000    2968413.519179401454
          0.111000000000    2864603.107328277547
          0.112000000000    2771596.401576631237
          0.113000000000    2688577.216204275843
          0.114000000000    2614760.596040343400
          0.115000000000    2549393.238945887890
          0.116000000000    2491753.794992207550
          0.117000000000    2441153.047376273666
          0.118000000000    2396933.980335805565
          0.119000000000    2358471.739514640532
          0.120000000000    2325173.490385170560
          0.121000000000    2296478.180459059309
          0.122000000000    2271856.211111328565
          0.123000000000    2250809.024907279294
          0.124000000000    2232868.614357593469
          0.125000000000    2217596.958035434131
          0.126000000000    2204585.389972084668
          0.127000000000    2193453.908205692191
          0.128000000000    2183850.428292442113
          0.129000000000    2175449.987502685748
          0.130000000000    2167953.905317389406
          0.131000000000    2161088.905714588705
          0.132000000000    2154606.206592603587
          0.133000000000    2148280.581518517341
          0.134000000000    2141909.398817812093
          0.135000000000    2135311.642836501822
          0.136000000000    2128326.922011215240
          0.137000000000    2120814.468177719973
          0.138000000000    2112652.131335476413
          0.139000000000    2103735.373866032809
          0.140000000000    2093976.267979153898
          0.141000000000    2083302.499931721017
          0.142000000000    2071656.384334227070
          0.143000000000    2058993.891627487959
          0.144000000000    2045283.691580438288
          0.145000000000    2030506.215428842697
          0.146000000000    2014652.739045841852
          0.147000000000    1997724.489309626631
          0.148000000000    1979731.775611195480
          0.149000000000    1960693.148228398291
          0.150000000000    1940634.585080133053
          0.151000000000    1919588.708169325488
          0.152000000000    1897594.030823990004
          0.153000000000    1874694.236654065549
          0.154000000000    1850937.490957497386
          0.155000000000    1826375.785133081954
          0.156000000000    1801064.314489725046
          0.157000000000    1775060.889682845213
          0.158000000000    1748425.381858274341
          0.159000000000    1721219.201442772290
          0.160000000000    1693504.810387930833
          0.161000000000    1665345.267551080091
          0.162000000000    1636803.806782600470
          0.163000000000    1607943.447183929151
          0.164000000000    1578826.634904151550
          0.165000000000    1549514.915755711496
          0.166000000000    1520068.637850556988
          0.167000000000    1490546.683387675323
          0.168000000000    1461006.228660346009
          0.169000000000    1431502.531296991743
          0.170000000000    1402088.743702402106
          0.171000000000    1372815.751626644284
          0.172000000000    1343732.036756146234
          0.173000000000    1314883.562195673818
          0.174000000000    1286313.679690200370
          0.175000000000    1258063.057422262151
          0.176000000000    1230169.627212416148
          0.177000000000    1202668.549948014086
          0.178000000000    1175592.198067960097
          0.179000000000    1148970.153938347241
          0.180000000000    1122829.222965369234
          0.181000000000    1097193.460307424422
          0.182000000000    1072084.210067593725
          0.183000000000    1047520.155870170915
          0.184000000000    1023517.381750659086
          0.185000000000    1000089.442316906061
          0.186000000000     977247.441170081263
          0.187000000000     955000.116607013624
          0.188000000000     933353.933660590206
          0.189000000000     912313.181571347406
          0.190000000000     891880.075821487000
          0.191000000000     872054.863901723642
          0.192000000000     852835.934021494118
          0.193000000000     834219.926013912540
          0.194000000000     816201.843728289823
          0.195000000000     798775.168244690518
          0.196000000000     781931.971286983462
          0.197000000000     765663.028252604534
          0.198000000000     749957.930319057894
          0.199000000000     734805.195128431777
          0.200000000000     720192.375592205441
          0.201000000000     706106.166398885311
          0.202000000000     692532.507846570923
          0.203000000000     679456.686661354615
          0.204000000000     666863.433500243118
          0.205000000000     654737.016874049674
          0.206000000000     643061.333261429216
          0.207000000000     631819.993219601922
          0.208000000000     620996.403330585570
          0.209000000000     610573.843853513245
          0.210000000000     600535.541984133306
          0.211000000000     590864.740651556524
          0.212000000000     581544.762809812091
          0.213000000000     572559.071207813686
          0.214000000000     563891.323645673227
          0.215000000000     555525.423748253612
          0.216000000000     547445.567308004480
          0.217000000000     539636.284268838121
          0.218000000000     532082.476440776023
          0.219000000000     524769.451051567914
          0.220000000000     517682.950256283744
          0.221000000000     510809.176739088900
          0.222000000000     504134.815553148044
          0.223000000000     497647.052354658837
          0.224000000000     491333.588195692690
          0.225000000000     485182.651047639316
          0.226000000000     479183.004232786014
          0.227000000000     473323.951945903187
          0.228000000000     467595.342050690204
          0.229000000000     461987.566337710945
          0.230000000000     456491.558430931706
          0.231000000000     451098.789529345755
          0.232000000000     445801.262168485147
          0.233000000000     440591.502183843812
          0.234000000000     435462.549054623756
          0.235000000000     430407.944801627775
          0.236000000000     425421.721607867396
          0.237000000000     420498.388324376894
          0.238000000000     415632.916017108364
          0.239000000000     410820.722703566309
          0.240000000000     406057.657420183299
          0.241000000000     401339.983753382345
          0.242000000000     396664.362958908430
          0.243000000000     392027.836785425781
          0.244000000000     387427.810109632788
          0.245000000000     382862.033481313614
          0.246000000000     378328.585667928273
          0.247000000000     373825.856279539177
          0.248000000000     369352.528546259971
          0.249000000000     364907.562311892048
          0.250000000000     360490.177299248870
          0.251000000000     356099.836694670259
          0.252000000000     351736.231091693393
          0.253000000000     347399.262826586666
          0.254000000000     343089.030731709499
          0.255000000000     338805.815326284792
          0.256000000000     334550.064458346809
          0.257000000000     330322.379406263120
          0.258000000000     326123.501443389687
          0.259000000000     321954.298865127028
          0.260000000000     317815.754473867768
          0.261000000000     313708.953514104942
          0.262000000000     309635.072047250578
          0.263000000000     305595.365753555903
          0.264000000000     301591.159146854072
          0.265000000000     297623.835186633689
          0.266000000000     293694.825271302194
          0.267000000000     289805.599596155575
          0.268000000000     285957.657859774539
          0.269000000000     282152.520303048717
          0.270000000000     278391.719065921556
          0.271000000000     274676.789848108892
          0.272000000000     271009.263861507352
          0.273000000000     267390.660063652380
          0.274000000000     263822.477663479047
          0.275000000000     260306.188892627310
          0.276000000000     256843.232037634705
          0.277000000000     253435.004730564688
          0.278000000000     250082.857497774210
          0.279000000000     246788.087568736664
          0.280000000000     243551.932948929054
          0.281000000000     240375.566762852424
          0.282000000000     237260.091875129350
          0.283000000000     234206.535799402685
          0.284000000000     231215.845906288276
          0.285000000000     228288.884943021112
          0.286000000000     225426.426878526428
          0.287000000000     222629.153088534542
          0.288000000000     219897.648895934253
          0.289000000000     217232.400481901248
          0.290000000000     214633.792183357436
          0.291000000000     212102.104192046507
          0.292000000000     209637.510669980576
          0.293000000000     207240.078295131447
          0.294000000000     204909.765250140597
          0.295000000000     202646.420665394107
          0.296000000000     200449.784526146512
          0.297000000000     198319.488051462715
          0.298000000000     196255.054550593632
          0.299000000000     194255.900760066434
          0.300000000000     192321.338662221417
