          0.001000000000  140657414.491843670607
          0.002000000000  140530146.133747726679
          0.003000000000  140318290.776820480824
          0.004000000000  140022235.472531229258
          0.005000000000  139642520.479497224092
          0.006000000000  139179837.657807499170
          0.007000000000  138635028.415620207787
          0.008000000000  138009081.216238886118
          0.009000000000  137303128.655618131161
          0.010000000000  136518444.121930867434
          0.011000000000  135656438.050485461950
          0.012000000000  134718653.788825869560
          0.013000000000  133706763.088360503316
          0.014000000000  132622561.240294128656
          0.015000000000  131467961.874951869249
          0.016000000000  130244991.444836691022
          0.017000000000  128955783.412900894880
          0.018000000000  127602572.168564647436
          0.019000000000  126187686.694923505187
          0.020000000000  124713544.011441573501
          0.021000000000  123182642.417103499174
          0.022000000000  121597554.559609726071
          0.023000000000  119960920.356664568186
          0.024000000000  118275439.795746430755
          0.025000000000  116543865.639002054930
          0.026000000000  114768996.059982329607
          0.027000000000  112953667.238954082131
          0.028000000000  111100745.943368867040
          0.029000000000  109213122.119817256927
          0.030000000000  107293701.523451536894
          0.031000000000  105345398.410349875689
          0.032000000000  103371128.317726060748
          0.033000000000  101373800.956197693944
          0.034000000000   99356313.237511083484
          0.035000000000   97321542.460257828236
          0.036000000000   95272339.675125151873
          0.037000000000   93211523.250160083175
          0.038000000000   91141872.655402511358
          0.039000000000   89066122.485013648868
          0.040000000000   86986956.733776152134
          0.041000000000   84907003.343496724963
          0.042000000000   82828829.033476144075
          0.043000000000   80754934.427788257599
          0.044000000000   78687749.490669190884
          0.045000000000   76629629.279820427299
          0.046000000000   74582850.025966346264
          0.047000000000   72549605.545472800732
          0.048000000000   70532003.991349399090
          0.049000000000   68532064.946446046233
          0.050000000000   66551716.861170373857
          0.051000000000   64592794.836585789919
          0.052000000000   62657038.752305656672
          0.053000000000   60746091.737195529044
          0.054000000000   58861498.979528971016
          0.055000000000   57004706.871917143464
          0.056000000000   55177062.485065586865
          0.057000000000   53379813.363206371665
          0.058000000000   51614107.632891342044
          0.059000000000   49880994.415760621428
          0.060000000000   48181424.534881591797
          0.061000000000   46516251.503317259252
          0.062000000000   44886232.782721422613
          0.063000000000   43292031.298971652985
          0.064000000000   41734217.201159946620
          0.065000000000   40213269.849632449448
          0.066000000000   38729580.018244445324
          0.067000000000   37283452.295545704663
          0.068000000000   35875107.669247195125
          0.069000000000   34504686.278040915728
          0.070000000000   33172250.314652271569
          0.071000000000   31877787.063885126263
          0.072000000000   30621212.059392962605
          0.073000000000   29402372.342950720340
          0.074000000000   28221049.810126587749
          0.075000000000   27076964.626443888992
          0.076000000000   25969778.698392234743
          0.077000000000   24899099.183971531689
          0.078000000000   23864482.027851670980
          0.079000000000   22865435.506678238511
          0.080000000000   21901423.770559322089
          0.081000000000   20971870.367329303175
          0.082000000000   20076161.736778773367
          0.083000000000   19213650.662687119097
          0.084000000000   18383659.671167563647
          0.085000000000   17585484.364542067051
          0.086000000000   16818396.680699713528
          0.087000000000   16081648.068644143641
          0.088000000000   15374472.571707621217
          0.089000000000   14696089.810693109408
          0.090000000000   14045707.859993504360
          0.091000000000   13422526.010530389845
          0.092000000000   12825737.414144286886
          0.093000000000   12254531.604850819334
          0.094000000000   11708096.893153309822
          0.095000000000   11185622.630358405411
          0.096000000000   10686301.340584516525
          0.097000000000   10209330.718872930855
          0.098000000000    9753915.494506901130
          0.099000000000    9319269.159313531592
          0.100000000000    8904615.561361730099
          0.101000000000    8509190.365077275783
          0.102000000000    8132242.379368630238
          0.103000000000    7773034.755894409493
          0.104000000000    7430846.060103725642
          0.105000000000    7104971.218141870573
          0.106000000000    6794722.343135837466
          0.107000000000    6499429.444757366553
          0.108000000000    6218441.026302152313
          0.109000000000    5951124.573826244101
          0.110000000000    5696866.942142381333
          0.111000000000    5455074.642700171098
          0.112000000000    5225174.038557420485
          0.113000000000    5006611.451794271357
          0.114000000000    4798853.188828758895
          0.115000000000    4601385.489164608531
          0.116000000000    4413714.403138584457
          0.117000000000    4235365.604238496162
          0.118000000000    4065884.141536792275
          0.119000000000    3904834.137727053836
          0.120000000000    3751798.438167298678
          0.121000000000    3606378.216224557720
          0.122000000000    3468192.540082233958
          0.123000000000    3336877.906017622910
          0.124000000000    3212087.742984090466
          0.125000000000    3093491.893141941633
          0.126000000000    2980776.072777483147
          0.127000000000    2873641.317832109984
          0.128000000000    2771803.418035279028
          0.129000000000    2674992.343398929108
          0.130000000000    2582951.666588085238
          0.131000000000    2495437.984435008839
          0.132000000000    2412220.341614690144
          0.133000000000    2333079.659248655662
          0.134000000000    2257808.170954392757
          0.135000000000    2186208.868610600475
          0.136000000000    2118094.959864939097
          0.137000000000    2053289.339173228480
          0.138000000000    1991624.073927477933
          0.139000000000    1932939.907006371999
          0.140000000000    1877085.776866900502
          0.141000000000    1823918.356089941692
          0.142000000000    1773301.609097710811
          0.143000000000    1725106.369576236932
          0.144000000000    1679209.937963264296
          0.145000000000    1635495.699200683273
          0.146000000000    1593852.760801378172
          0.147000000000    1554175.611143621616
          0.148000000000    1516363.797781240195
          0.149000000000    1480321.625445582904
          0.150000000000    1445957.873314840253
          0.151000000000    1413185.531037919223
          0.152000000000    1381921.552923209500
          0.153000000000    1352086.629636986880
          0.154000000000    1323604.976701365551
          0.155000000000    1296404.139037303859
          0.156000000000    1270414.810763358604
          0.157000000000    1245570.669435531832
          0.158000000000    1221808.223896551644
          0.159000000000    1199066.674894223223
          0.160000000000    1177287.787626733538
          0.161000000000    1156415.775378083345
          0.162000000000    1136397.193417954957
          0.163000000000    1117180.842356736306
          0.164000000000    1098717.680167736718
          0.165000000000    1080960.742113885237
          0.166000000000    1063865.067844877485
          0.167000000000    1047387.634962367709
          0.168000000000    1031487.298384609865
          0.169000000000    1016124.734877543990
          0.170000000000    1001262.392156146583
          0.171000000000     986864.441997356829
          0.172000000000     972896.736843880964
          0.173000000000     959326.769415872404
          0.174000000000     946123.634884926840
          0.175000000000     933257.995201460435
          0.176000000000     920702.045202106121
          0.177000000000     908429.480158198974
          0.178000000000     896415.464459270122
          0.179000000000     884636.601156843826
          0.180000000000     873070.902123378241
          0.181000000000     861697.758609028882
          0.182000000000     850497.912004825892
          0.183000000000     839453.424644925864
          0.184000000000     828547.650502770208
          0.185000000000     817765.205656386330
          0.186000000000     807091.938416588469
          0.187000000000     796514.899028712302
          0.188000000000     786022.308873796719
          0.189000000000     775603.529108826420
          0.190000000000     765249.028697978705
          0.191000000000     754950.351797983050
          0.192000000000     744700.084470469388
          0.193000000000     734491.820703250589
          0.194000000000     724320.127730449894
          0.195000000000     714180.510648676543
          0.196000000000     704069.376333147055
          0.197000000000     693983.996663824888
          0.198000000000     683922.471077389433
          0.199000000000     673883.688466392225
          0.200000000000     663867.288452206994
          0.201000000000     653873.622063596500
          0.202000000000     643903.711857842398
          0.203000000000     633959.211526469328
          0.204000000000     624042.365032898146
          0.205000000000     614155.965334458160
          0.206000000000     604303.312746689306
          0.207000000000     594488.173013158608
          0.208000000000     584714.735149638494
          0.209000000000     574987.569136940641
          0.210000000000     565311.583542363718
          0.211000000000     555691.983155207126
          0.212000000000     546134.226727269124
          0.213000000000     536643.984914576635
          0.214000000000     527227.098521690350
          0.215000000000     517889.537154778140
          0.216000000000     508637.358394042531
          0.217000000000     499476.667600201617
          0.218000000000     490413.578473151661
          0.219000000000     481454.174483898096
          0.220000000000     472604.471303062048
          0.221000000000     463870.380350777064
          0.222000000000     455257.673593482992
          0.223000000000     446771.949712964881
          0.224000000000     438418.601771870861
          0.225000000000     430202.786497914814
          0.226000000000     422129.395305907354
          0.227000000000     414203.027172681410
          0.228000000000     406427.963474899880
          0.229000000000     398808.144893549208
          0.230000000000     391347.150481806195
          0.231000000000     384048.178984728991
          0.232000000000     376914.032490127545
          0.233000000000     369947.102479865367
          0.234000000000     363149.358339866274
          0.235000000000     356522.338375406864
          0.236000000000     350067.143365713477
          0.237000000000     343784.432678788435
          0.238000000000     337674.422953711881
          0.239000000000     331736.889343504503
          0.240000000000     325971.169297224900
          0.241000000000     320376.168845246895
          0.242000000000     314950.371336919488
          0.243000000000     309691.848565049178
          0.244000000000     304598.274197048158
          0.245000000000     299666.939418262627
          0.246000000000     294894.770679117471
          0.247000000000     290278.349424286396
          0.248000000000     285813.933669418679
          0.249000000000     281497.481278957566
          0.250000000000     277324.674787558673
          0.251000000000     273290.947597467224
          0.252000000000     269391.511375299073
          0.253000000000     265621.384463769326
          0.254000000000     261975.421117392834
          0.255000000000     258448.341365912464
          0.256000000000     255034.761305341555
          0.257000000000     251729.223614069022
          0.258000000000     248526.228090481396
          0.259000000000     245420.262009041151
          0.260000000000     242405.830093741970
          0.261000000000     239477.483911300922
          0.262000000000     236629.850491360470
          0.263000000000     233857.659987312800
          0.264000000000     231155.772199058498
          0.265000000000     228519.201788079401
          0.266000000000     225943.142025483685
          0.267000000000     223422.986925169738
          0.268000000000     220954.351626805787
          0.269000000000     218533.090906901140
          0.270000000000     216155.315710637602
          0.271000000000     213817.407612362673
          0.272000000000     211516.031128462637
          0.273000000000     209248.143822687009
          0.274000000000     207011.004160747834
          0.275000000000     204802.177087974967
          0.276000000000     202619.537320924603
          0.277000000000     200461.270360896626
          0.278000000000     198325.871254208119
          0.279000000000     196212.141140708787
          0.280000000000     194119.181648156402
          0.281000000000     192046.387205724313
          0.282000000000     189993.435364828474
          0.283000000000     187960.275229601102
          0.284000000000     185947.114112583309
          0.285000000000     183954.402543421864
          0.286000000000     181982.817769479123
          0.287000000000     180033.245897233690
          0.288000000000     178106.762832003005
          0.289000000000     176204.614180944423
          0.290000000000     174328.194290264219
          0.291000000000     172479.024592214206
          0.292000000000     170658.731440621981
          0.293000000000     168869.023615471291
          0.294000000000     167111.669677340105
          0.295000000000     165388.475351397006
          0.296000000000     163701.261118124938
          0.297000000000     162051.840184026660
          0.298000000000     160441.997000353353
          0.299000000000     158873.466491373722
          0.300000000000     157347.914145997638
