          0.001000000000  141157052.920211791992
          0.002000000000  141033905.307364046574
          0.003000000000  140828884.889094859362
          0.004000000000  140542329.459756314754
          0.005000000000  140174710.712841093540
          0.006000000000  139726633.027335882187
          0.007000000000  139198831.914385557175
          0.008000000000  138592172.129512488842
          0.009000000000  137907645.456775516272
          0.010000000000  137146368.172335505486
          0.011000000000  136309578.195992469788
          0.012000000000  135398631.940235823393
          0.013000000000  134415000.867409706116
          0.014000000000  133360267.766484737396
          0.015000000000  132236122.761877134442
          0.016000000000  131044359.067574113607
          0.017000000000  129786868.500651180744
          0.018000000000  128465636.768988698721
          0.019000000000  127082738.548695579171
          0.020000000000  125640332.367351800203
          0.021000000000  124140655.309758603573
          0.022000000000  122586017.563351377845
          0.023000000000  120978796.820885270834
          0.024000000000  119321432.558325394988
          0.025000000000  117616420.206175491214
          0.026000000000  115866305.232695549726
          0.027000000000  114073677.157589495182
          0.028000000000  112241163.514815315604
          0.029000000000  110371423.783188194036
          0.030000000000  108467143.303352788091
          0.031000000000  106531027.199574470520
          0.032000000000  104565794.324595391750
          0.033000000000  102574171.245512321591
          0.034000000000  100558886.288309231400
          0.035000000000   98522663.658261016011
          0.036000000000   96468217.652979448438
          0.037000000000   94398246.984322085977
          0.038000000000   92315429.224847927690
          0.039000000000   90222415.393833294511
          0.040000000000   88121824.697217345238
          0.041000000000   86016239.435099512339
          0.042000000000   83908200.089660346508
          0.043000000000   81800200.605558812618
          0.044000000000   79694683.874038293958
          0.045000000000   77594037.431079551578
          0.046000000000   75500589.379070937634
          0.047000000000   73416604.540514841676
          0.048000000000   71344280.851382642984
          0.049000000000   69285746.000756397843
          0.050000000000   67243054.322439685464
          0.051000000000   65218183.943258158863
          0.052000000000   63213034.191790543497
          0.053000000000   61229423.270309329033
          0.054000000000   59269086.191744081676
          0.055000000000   57333672.982532680035
          0.056000000000   55424747.151287607849
          0.057000000000   53543784.422278814018
          0.058000000000   51692171.731842219830
          0.059000000000   49871206.484946854413
          0.060000000000   48082096.068302668631
          0.061000000000   46325957.615579582751
          0.062000000000   44603818.019524641335
          0.063000000000   42916614.185016646981
          0.064000000000   41265193.516390942037
          0.065000000000   39650314.631701037288
          0.066000000000   38072648.295959524810
          0.067000000000   36532778.564819954336
          0.068000000000   35031204.129631690681
          0.069000000000   33568339.854311265051
          0.070000000000   32144518.494038835168
          0.071000000000   30759992.585396986455
          0.072000000000   29414936.497235924006
          0.073000000000   28109448.631258223206
          0.074000000000   26843553.761076211929
          0.075000000000   25617205.498313155025
          0.076000000000   24430288.874176051468
          0.077000000000   23282623.024840682745
          0.078000000000   22173963.968949079514
          0.079000000000   21104007.465524084866
          0.080000000000   20072391.940660685301
          0.081000000000   19078701.471447456628
          0.082000000000   18122468.815714437515
          0.083000000000   17203178.476382236928
          0.084000000000   16320269.789409747347
          0.085000000000   15473140.024595286697
          0.086000000000   14661147.488779230043
          0.087000000000   13883614.621322538704
          0.088000000000   13139831.072093525901
          0.089000000000   12429056.752578955144
          0.090000000000   11750524.851149853319
          0.091000000000   11103444.803942540661
          0.092000000000   10487005.213275447488
          0.093000000000    9900376.705991595984
          0.094000000000    9342714.724608130753
          0.095000000000    8813162.244654042646
          0.096000000000    8310852.412090765312
          0.097000000000    7834911.095228125341
          0.098000000000    7384459.346074613743
          0.099000000000    6958615.766587209888
          0.100000000000    6556498.775813495740
          0.101000000000    6177228.774445371702
          0.102000000000    5819930.203823542222
          0.103000000000    5483733.496947434731
          0.104000000000    5167776.919550552964
          0.105000000000    4871208.299796939828
          0.106000000000    4593186.645636959001
          0.107000000000    4332883.649329696782
          0.108000000000    4089485.079091613181
          0.109000000000    3862192.058266796637
          0.110000000000    3650222.232831421308
          0.111000000000    3452810.828441310208
          0.112000000000    3269211.598608208355
          0.113000000000    3098697.665944375563
          0.114000000000    2940562.258746426087
          0.115000000000    2794119.345497881062
          0.116000000000    2658704.170153985731
          0.117000000000    2533673.691332396585
          0.118000000000    2418406.928769114427
          0.119000000000    2312305.220609737094
          0.120000000000    2214792.395292575005
          0.121000000000    2125314.861941766925
          0.122000000000    2043341.623326287838
          0.123000000000    1968364.215554103488
          0.124000000000    1899896.578761001583
          0.125000000000    1837474.863120719092
          0.126000000000    1780657.174548049923
          0.127000000000    1729023.264489888214
          0.128000000000    1682174.168201968074
          0.129000000000    1639731.795891894959
          0.130000000000    1601338.481072924798
          0.131000000000    1566656.490419260459
          0.132000000000    1535367.499342617812
          0.133000000000    1507172.037423637696
          0.134000000000    1481788.907730455976
          0.135000000000    1458954.583942377474
          0.136000000000    1438422.589069784153
          0.137000000000    1419962.859423656017
          0.138000000000    1403361.097340361914
          0.139000000000    1388418.116011047037
          0.140000000000    1374949.179601133568
          0.141000000000    1362783.341675240081
          0.142000000000    1351762.784767661709
          0.143000000000    1341742.163759082556
          0.144000000000    1332587.955538156210
          0.145000000000    1324177.817242287332
          0.146000000000    1316399.955187262502
          0.147000000000    1309152.506410470232
          0.148000000000    1302342.934568866389
          0.149000000000    1295887.441751220031
          0.150000000000    1289710.397585167550
          0.151000000000    1283743.786844595335
          0.152000000000    1277926.676591709256
          0.153000000000    1272204.703722362872
          0.154000000000    1266529.583622817649
          0.155000000000    1260858.640491870232
          0.156000000000    1255154.359734787373
          0.157000000000    1249383.962694811635
          0.158000000000    1243519.003855016548
          0.159000000000    1237534.990517775528
          0.160000000000    1231411.024851680500
          0.161000000000    1225129.468086480629
          0.162000000000    1218675.626535563497
          0.163000000000    1212037.459032866405
          0.164000000000    1205205.305286835646
          0.165000000000    1198171.634578229161
          0.166000000000    1190930.814160935581
          0.167000000000    1183478.896665651817
          0.168000000000    1175813.425754942931
          0.169000000000    1167933.259234738071
          0.170000000000    1159838.408791514579
          0.171000000000    1151529.895495959790
          0.172000000000    1143009.620192572474
          0.173000000000    1134280.247880044859
          0.174000000000    1125345.105179225095
          0.175000000000    1116208.089983290527
          0.176000000000    1106873.592388631310
          0.177000000000    1097346.426013779361
          0.178000000000    1087631.768827827880
          0.179000000000    1077735.112628235947
          0.180000000000    1067662.220330547309
          0.181000000000    1057419.090259017190
          0.182000000000    1047011.926656732452
          0.183000000000    1036447.115666488535
          0.184000000000    1025731.206068861415
          0.185000000000    1014870.894101106212
          0.186000000000    1003873.011719584465
          0.187000000000     992744.517708820058
          0.188000000000     981492.491081670043
          0.189000000000     970124.126257241936
          0.190000000000     958646.729545610724
          0.191000000000     947067.716510897153
          0.192000000000     935394.609826559084
          0.193000000000     923635.037278424017
          0.194000000000     911796.729612037307
          0.195000000000     899887.517960833153
          0.196000000000     887915.330630386481
          0.197000000000     875888.189051431953
          0.198000000000     863814.202750066295
          0.199000000000     851701.563217645045
          0.200000000000     839558.536595144426
          0.201000000000     827393.455117006437
          0.202000000000     815214.707287691184
          0.203000000000     803030.726790374843
          0.204000000000     790849.980151063297
          0.205000000000     778680.953203287092
          0.206000000000     766532.136417997768
          0.207000000000     754412.009180686902
          0.208000000000     742329.023112898110
          0.209000000000     730291.584548290470
          0.210000000000     718308.036284291069
          0.211000000000     706386.638739194022
          0.212000000000     694535.550651378115
          0.213000000000     682762.809462224832
          0.214000000000     671076.311527430080
          0.215000000000     659483.792302637245
          0.216000000000     647992.806649180478
          0.217000000000     636610.709403766086
          0.218000000000     625344.636352760717
          0.219000000000     614201.485747193452
          0.220000000000     603187.900488869287
          0.221000000000     592310.251111184130
          0.222000000000     581574.619670550339
          0.223000000000     570986.784655757248
          0.224000000000     560552.207013361040
          0.225000000000     550276.017377371900
          0.226000000000     540163.004581195652
          0.227000000000     530217.605519153876
          0.228000000000     520443.896413971495
          0.229000000000     510845.585535613936
          0.230000000000     501426.007405759767
          0.231000000000     492188.118511143664
          0.232000000000     483134.494538154919
          0.233000000000     474267.329130364698
          0.234000000000     465588.434160339006
          0.235000000000     457099.241497083916
          0.236000000000     448800.806240913109
          0.237000000000     440693.811388502654
          0.238000000000     432778.573882356577
          0.239000000000     425055.051991030399
          0.240000000000     417522.853959143511
          0.241000000000     410181.247859594703
          0.242000000000     403029.172574473894
          0.243000000000     396065.249825906940
          0.244000000000     389287.797173553554
          0.245000000000     382694.841891697375
          0.246000000000     376284.135635774292
          0.247000000000     370053.169805844722
          0.248000000000     363999.191512859368
          0.249000000000     358119.220052622550
          0.250000000000     352410.063792085159
          0.251000000000     346868.337372952199
          0.252000000000     341490.479138619907
          0.253000000000     336272.768692034180
          0.254000000000     331211.344494215213
          0.255000000000     326302.221415893233
          0.256000000000     321541.308157841268
          0.257000000000     316924.424459135509
          0.258000000000     312447.318016564357
          0.259000000000     308105.681042806653
          0.260000000000     303895.166395683773
          0.261000000000     299811.403215770028
          0.262000000000     295850.012014838110
          0.263000000000     292006.619162997929
          0.264000000000     288276.870727897505
          0.265000000000     284656.445624993707
          0.266000000000     281141.068043537787
          0.267000000000     277726.519118623226
          0.268000000000     274408.647825279972
          0.269000000000     271183.381076187477
          0.270000000000     268046.733010061551
          0.271000000000     264994.813463107566
          0.272000000000     262023.835621110687
          0.273000000000     259130.122854710819
          0.274000000000     256310.114745142113
          0.275000000000     253560.372312240652
          0.276000000000     250877.582460719888
          0.277000000000     248258.561664664478
          0.278000000000     245700.258913808153
          0.279000000000     243199.757948453334
          0.280000000000     240754.278812874225
          0.281000000000     238361.178759650735
          0.282000000000     236017.952539658960
          0.283000000000     233722.232114386075
          0.284000000000     231471.785828781140
          0.285000000000     229264.517084113118
          0.286000000000     227098.462551155011
          0.287000000000     224971.789964584023
          0.288000000000     222882.795539694576
          0.289000000000     220829.901052404952
          0.290000000000     218811.650623169815
          0.291000000000     216826.707244682359
          0.292000000000     214873.849092306686
          0.293000000000     212951.965654959175
          0.294000000000     211060.053722703015
          0.295000000000     209197.213265656988
          0.296000000000     207362.643236958684
          0.297000000000     205555.637330496713
          0.298000000000     203775.579721950548
          0.299000000000     202021.940819373936
          0.300000000000     200294.273047165538
