          0.001000000000  149582219.992063879967
          0.002000000000  149432552.807545751333
          0.003000000000  149183425.857888817787
          0.004000000000  148835315.681920468807
          0.005000000000  148388887.442021459341
          0.006000000000  147844992.941470593214
          0.007000000000  147204668.088561356068
          0.008000000000  146469129.817364037037
          0.009000000000  145639772.477070778608
          0.010000000000  144718163.703925013542
          0.011000000000  143706039.791704505682
          0.012000000000  142605300.578619331121
          0.013000000000  141418003.870318561792
          0.014000000000  140146359.420413851738
          0.015000000000  138792722.491568148136
          0.016000000000  137359587.021706283092
          0.017000000000  135849578.421324849129
          0.018000000000  134265446.029157340527
          0.019000000000  132610055.254634127021
          0.020000000000  130886379.436589047313
          0.021000000000  129097491.448590606451
          0.022000000000  127246555.082030519843
          0.023000000000  125336816.238725334406
          0.024000000000  123371593.965290978551
          0.025000000000  121354271.361873984337
          0.026000000000  119288286.398030534387
          0.027000000000  117177122.668604999781
          0.028000000000  115024300.122370034456
          0.029000000000  112833365.795967325568
          0.030000000000  110607884.585311919451
          0.031000000000  108351430.086154952645
          0.032000000000  106067575.534825012088
          0.033000000000  103759884.879445761442
          0.034000000000  101431904.011030197144
          0.035000000000   99087152.182856798172
          0.036000000000   96729113.645422682166
          0.037000000000   94361229.523060262203
          0.038000000000   91986889.956980913877
          0.039000000000   89609426.538125634193
          0.040000000000   87232105.051695331931
          0.041000000000   84858118.553698152304
          0.042000000000   82490580.798205450177
          0.043000000000   80132520.032335460186
          0.044000000000   77786873.174259990454
          0.045000000000   75456480.387728348374
          0.046000000000   73144080.064842969179
          0.047000000000   70852304.226950317621
          0.048000000000   68583674.351710945368
          0.049000000000   66340597.632545143366
          0.050000000000   64125363.674824938178
          0.051000000000   61940141.631353817880
          0.052000000000   59786977.777876727283
          0.053000000000   57667793.527587324381
          0.054000000000   55584383.881864443421
          0.055000000000   53538416.312785096467
          0.056000000000   51531430.071316324174
          0.057000000000   49564835.913522325456
          0.058000000000   47639916.235599555075
          0.059000000000   45757825.607128202915
          0.060000000000   43919591.690551690757
          0.061000000000   42126116.533629588783
          0.062000000000   40378178.220407769084
          0.063000000000   38676432.865157105029
          0.064000000000   37021416.932714954019
          0.065000000000   35413549.867764145136
          0.066000000000   33853137.014764435589
          0.067000000000   32340372.809551805258
          0.068000000000   30875344.222999867052
          0.069000000000   29458034.436652038246
          0.070000000000   28088326.729812633246
          0.071000000000   26766008.557300698012
          0.072000000000   25490775.796866014600
          0.073000000000   24262237.145168099552
          0.074000000000   23079918.641226481646
          0.075000000000   21943268.296338684857
          0.076000000000   20851660.809655144811
          0.077000000000   19804402.348878953606
          0.078000000000   18800735.375917881727
          0.079000000000   17839843.497765608132
          0.080000000000   16920856.323408298194
          0.081000000000   16042854.308148076758
          0.082000000000   15204873.567398939282
          0.083000000000   14405910.642731269822
          0.084000000000   13644927.203727526590
          0.085000000000   12920854.670040192083
          0.086000000000   12232598.738925617188
          0.087000000000   11579043.804444162175
          0.088000000000   10959057.255470430478
          0.089000000000   10371493.640640860423
          0.090000000000    9815198.689368631691
          0.091000000000    9289013.179077962413
          0.092000000000    8791776.639843391255
          0.093000000000    8322330.888656551018
          0.094000000000    7879523.386583842337
          0.095000000000    7462210.413110311143
          0.096000000000    7069260.052990077063
          0.097000000000    6699554.991932347417
          0.098000000000    6351995.118441125378
          0.099000000000    6025499.930092804134
          0.100000000000    5719010.743472496979
          0.101000000000    5431492.707896404900
          0.102000000000    5161936.623917185701
          0.103000000000    4909360.568441336975
          0.104000000000    4672811.329077277333
          0.105000000000    4451365.651079630479
          0.106000000000    4244131.300954326987
          0.107000000000    4050247.951441316400
          0.108000000000    3868887.893193089869
          0.109000000000    3699256.579018383753
          0.110000000000    3540593.007058992982
          0.111000000000    3392169.949714057613
          0.112000000000    3253294.035519840196
          0.113000000000    3123305.691533352248
          0.114000000000    3001578.954056600574
          0.115000000000    2887521.155774594750
          0.116000000000    2780572.497565228026
          0.117000000000    2680205.513374833390
          0.118000000000    2585924.436639751773
          0.119000000000    2497264.476774302777
          0.120000000000    2413791.014240010642
          0.121000000000    2335098.722662488930
          0.122000000000    2260810.626372562721
          0.123000000000    2190577.101620034315
          0.124000000000    2124074.829543176107
          0.125000000000    2061005.708778739441
          0.126000000000    2001095.735366906738
          0.127000000000    1944093.857347306097
          0.128000000000    1889770.811157460790
          0.129000000000    1837917.946637758520
          0.130000000000    1788346.047119033756
          0.131000000000    1740884.150723463157
          0.132000000000    1695378.378649340710
          0.133000000000    1651690.775838052621
          0.134000000000    1609698.169039940462
          0.135000000000    1569291.046907271491
          0.136000000000    1530372.466349981492
          0.137000000000    1492856.988995191175
          0.138000000000    1456669.651197626721
          0.139000000000    1421744.970656715799
          0.140000000000    1388025.992309740977
          0.141000000000    1355463.375790698221
          0.142000000000    1324014.526373609900
          0.143000000000    1293642.770958226407
          0.144000000000    1264316.580307361437
          0.145000000000    1236008.838409479009
          0.146000000000    1208696.159519269131
          0.147000000000    1182358.253123540664
          0.148000000000    1156977.336791031295
          0.149000000000    1132537.596593369497
          0.150000000000    1109024.694531125948
          0.151000000000    1086425.322164167184
          0.152000000000    1064726.799429606181
          0.153000000000    1043916.717434083461
          0.154000000000    1023982.623829620425
          0.155000000000    1004911.749224132043
          0.156000000000     986690.772938580834
          0.157000000000     969305.626302510034
          0.158000000000     952741.331577842822
          0.159000000000     936981.874517143820
          0.160000000000     922010.108496117406
          0.161000000000     907807.688110711053
          0.162000000000     894355.030095854891
          0.163000000000     881631.299404867576
          0.164000000000     869614.418285166030
          0.165000000000     858281.096196275554
          0.166000000000     847606.878439091379
          0.167000000000     837566.211400404456
          0.168000000000     828132.522362452233
          0.169000000000     819278.311883047805
          0.170000000000     810975.256816564128
          0.171000000000     803194.322118663695
          0.172000000000     795905.879657438840
          0.173000000000     789079.832339214394
          0.174000000000     782685.741948182811
          0.175000000000     776692.959193948191
          0.176000000000     771070.754559352645
          0.177000000000     765788.448641667841
          0.178000000000     760815.540782557102
          0.179000000000     756121.834885366028
          0.180000000000     751677.561421554768
          0.181000000000     747453.494730811915
          0.182000000000     743421.064820805681
          0.183000000000     739552.462972222012
          0.184000000000     735820.740552014788
          0.185000000000     732199.900532285450
          0.186000000000     728664.981303406414
          0.187000000000     725192.132457512547
          0.188000000000     721758.682302110246
          0.189000000000     718343.196942767012
          0.190000000000     714925.530848630937
          0.191000000000     711486.868884677184
          0.192000000000     708009.759859728627
          0.193000000000     704478.141699667205
          0.194000000000     700877.358410584275
          0.195000000000     697194.169046855881
          0.196000000000     693416.748944525723
          0.197000000000     689534.683520716033
          0.198000000000     685538.954975258210
          0.199000000000     681421.922261599451
          0.200000000000     677177.294720079168
          0.201000000000     672800.099788450170
          0.202000000000     668286.645221880986
          0.203000000000     663634.476268017897
          0.204000000000     658842.328252153355
          0.205000000000     653910.075033308007
          0.206000000000     648838.673794458387
          0.207000000000     643630.106629202724
          0.208000000000     638287.319383542170
          0.209000000000     632814.158204797772
          0.210000000000     627215.304240799975
          0.211000000000     621496.206921313424
          0.212000000000     615663.016240373370
          0.213000000000     609722.514443359920
          0.214000000000     603682.047506049625
          0.215000000000     597549.456775121158
          0.216000000000     591333.011120617390
          0.217000000000     585041.339931034367
          0.218000000000     578683.367261108360
          0.219000000000     572268.247421258362
          0.220000000000     565805.302276093280
          0.221000000000     559303.960497675929
          0.222000000000     552773.698997368338
          0.223000000000     546223.986738319742
          0.224000000000     539664.231108986191
          0.225000000000     533103.727016780176
          0.226000000000     526551.608839841443
          0.227000000000     520016.805354530516
          0.228000000000     513507.997736080782
          0.229000000000     507033.580710562412
          0.230000000000     500601.626917447313
          0.231000000000     494219.854524040711
          0.232000000000     487895.598115720320
          0.233000000000     481635.782869334274
          0.234000000000     475446.902001349023
          0.235000000000     469334.997467390262
          0.236000000000     463305.643875668000
          0.237000000000     457363.935563484207
          0.238000000000     451514.476773548871
          0.239000000000     445761.374855191330
          0.240000000000     440108.236404764990
          0.241000000000     434558.166249534755
          0.242000000000     429113.769170207437
          0.243000000000     423777.154248845298
          0.244000000000     418549.941721410956
          0.245000000000     413433.272207305534
          0.246000000000     408427.818182293151
          0.247000000000     403533.797555900295
          0.248000000000     398750.989209802705
          0.249000000000     394078.750349913083
          0.250000000000     389516.035521708138
          0.251000000000     385061.417135903437
          0.252000000000     380713.107349779573
          0.253000000000     376468.981148356805
          0.254000000000     372326.600469073805
          0.255000000000     368283.239213808789
          0.256000000000     364335.908992743585
          0.257000000000     360481.385445945722
          0.258000000000     356716.234990378551
          0.259000000000     353036.841842545138
          0.260000000000     349439.435169898847
          0.261000000000     345920.116227687860
          0.262000000000     342474.885341886140
          0.263000000000     339099.668603339756
          0.264000000000     335790.344143196591
          0.265000000000     332542.767865079339
          0.266000000000     329352.798515211965
          0.267000000000     326216.321977943997
          0.268000000000     323129.274690604827
          0.269000000000     320087.666078544571
          0.270000000000     317087.599918378051
          0.271000000000     314125.294544923352
          0.272000000000     311197.101825049729
          0.273000000000     308299.524829541275
          0.274000000000     305429.234142233385
          0.275000000000     302583.082753893104
          0.276000000000     299758.119496675150
          0.277000000000     296951.600983440701
          0.278000000000     294161.002024638117
          0.279000000000     291384.024503949448
          0.280000000000     288618.604702274490
          0.281000000000     285862.919067970302
          0.282000000000     283115.388439462637
          0.283000000000     280374.680734377995
          0.284000000000     277639.712127191422
          0.285000000000     274909.646744981001
          0.286000000000     272183.894918206730
          0.287000000000     269462.110030455631
          0.288000000000     266744.184017751948
          0.289000000000     264030.241574348300
          0.290000000000     261320.633127783483
          0.291000000000     258615.926651480346
          0.292000000000     255916.898388115602
          0.293000000000     253224.522561552905
          0.294000000000     250539.960159105598
          0.295000000000     247864.546869429410
          0.296000000000     245199.780264268309
          0.297000000000     242547.306314723566
          0.298000000000     239908.905334562471
          0.299000000000     237286.477444404445
          0.300000000000     234682.027651351003
