          0.001000000000  140794026.612852782011
          0.002000000000  140661643.933651298285
          0.003000000000  140441272.202926993370
          0.004000000000  140133309.734400957823
          0.005000000000  139738312.593866527081
          0.006000000000  139256993.032723993063
          0.007000000000  138690217.483822852373
          0.008000000000  138039004.126996308565
          0.009000000000  137304520.033182770014
          0.010000000000  136488077.897600829601
          0.011000000000  135591132.373903393745
          0.012000000000  134615276.022678643465
          0.013000000000  133562234.889037251472
          0.014000000000  132433863.725325107574
          0.015000000000  131232140.876242175698
          0.016000000000  129959162.844825968146
          0.017000000000  128617138.558812215924
          0.018000000000  127208383.357908517122
          0.019000000000  125735312.723419010639
          0.020000000000  124200435.772474452853
          0.021000000000  122606348.539847031236
          0.022000000000  120955727.070954442024
          0.023000000000  119251320.350186839700
          0.024000000000  117495943.089109331369
          0.025000000000  115692468.399419337511
          0.026000000000  113843820.375744730234
          0.027000000000  111952966.613505437970
          0.028000000000  110022910.687040582299
          0.029000000000  108056684.613139152527
          0.030000000000  106057341.324901938438
          0.031000000000  104027947.180572748184
          0.032000000000  101971574.531590804458
          0.033000000000   99891294.373622417450
          0.034000000000   97790169.103754729033
          0.035000000000   95671245.406373620033
          0.036000000000   93537547.289486572146
          0.037000000000   91392069.292428299785
          0.038000000000   89237769.884972140193
          0.039000000000   87077565.076902210712
          0.040000000000   84914322.256042808294
          0.041000000000   82750854.271652013063
          0.042000000000   80589913.778911158442
          0.043000000000   78434187.859053030610
          0.044000000000   76286292.928396835923
          0.045000000000   74148769.948292359710
          0.046000000000   72024079.946638286114
          0.047000000000   69914599.860314816236
          0.048000000000   67822618.706488862634
          0.049000000000   65750334.089399218559
          0.050000000000   63699849.047834329307
          0.051000000000   61673169.247149385512
          0.052000000000   59672200.518292941153
          0.053000000000   57698746.744964398444
          0.054000000000   55754508.098675042391
          0.055000000000   53841079.620188027620
          0.056000000000   51959950.144513987005
          0.057000000000   50112501.565408676863
          0.058000000000   48300008.434096537530
          0.059000000000   46523637.885797142982
          0.060000000000   44784449.886512696743
          0.061000000000   43083397.791478119791
          0.062000000000   41421329.205678232014
          0.063000000000   39798987.135895594954
          0.064000000000   38217011.422877609730
          0.065000000000   36675940.441407151520
          0.066000000000   35176213.055317521095
          0.067000000000   33718170.813830122352
          0.068000000000   32302060.374994430691
          0.069000000000   30928036.141491983086
          0.070000000000   29596163.093619272113
          0.071000000000   28306419.803891975433
          0.072000000000   27058701.617420338094
          0.073000000000   25852823.981982409954
          0.074000000000   24688525.911574725062
          0.075000000000   23565473.567149970680
          0.076000000000   22483263.938244134188
          0.077000000000   21441428.609269559383
          0.078000000000   20439437.594382397830
          0.079000000000   19476703.225037328899
          0.080000000000   18552584.074607770890
          0.081000000000   17666388.904773384333
          0.082000000000   16817380.618763469160
          0.083000000000   16004780.206978283823
          0.084000000000   15227770.670999903232
          0.085000000000   14485500.912538871169
          0.086000000000   13777089.574439922348
          0.087000000000   13101628.821487039328
          0.088000000000   12458188.049402374774
          0.089000000000   11845817.511113744229
          0.090000000000   11263551.850079799071
          0.091000000000   10710413.531192548573
          0.092000000000   10185416.160531302914
          0.093000000000    9687567.686008123681
          0.094000000000    9215873.471722705290
          0.095000000000    8769339.239629343152
          0.096000000000    8346973.872904214077
          0.097000000000    7947792.076187374070
          0.098000000000    7570816.888654294424
          0.099000000000    7215082.046642763540
          0.100000000000    6879634.193321006373
          0.101000000000    6563534.933627001010
          0.102000000000    6265862.733434253372
          0.103000000000    5985714.662603931502
          0.104000000000    5722207.982262299396
          0.105000000000    5474481.577296908945
          0.106000000000    5241697.235687721521
          0.107000000000    5023040.776883816347
          0.108000000000    4817723.031995321624
          0.109000000000    4624980.679096725769
          0.110000000000    4444076.937426730059
          0.111000000000    4274302.124722630717
          0.112000000000    4114974.082341656554
          0.113000000000    3965438.473197602201
          0.114000000000    3825068.957877332810
          0.115000000000    3693267.254599635489
          0.116000000000    3569463.088935901877
          0.117000000000    3453114.039431413636
          0.118000000000    3343705.285445195623
          0.119000000000    3240749.263668074738
          0.120000000000    3143785.239882739726
          0.121000000000    3052378.802596618421
          0.122000000000    2966121.285210861359
          0.123000000000    2884629.123386325315
          0.124000000000    2807543.154232566711
          0.125000000000    2734527.863879733253
          0.126000000000    2665270.589897491969
          0.127000000000    2599480.684901411645
          0.128000000000    2536888.647537530866
          0.129000000000    2477245.226862034760
          0.130000000000    2420320.505936868489
          0.131000000000    2365902.970245783217
          0.132000000000    2313798.566300966311
          0.133000000000    2263829.755559779704
          0.134000000000    2215834.568506463431
          0.135000000000    2169665.663477180526
          0.136000000000    2125189.394519905094
          0.137000000000    2082284.892286385177
          0.138000000000    2040843.161652597366
          0.139000000000    2000766.199459690368
          0.140000000000    1961966.135460271034
          0.141000000000    1924364.399248056114
          0.142000000000    1887890.915642563021
          0.143000000000    1852483.330697706202
          0.144000000000    1818086.270204767352
          0.145000000000    1784650.632267351262
          0.146000000000    1752132.915241074050
          0.147000000000    1720494.582053823164
          0.148000000000    1689701.461655520136
          0.149000000000    1659723.188090238720
          0.150000000000    1630532.677438885206
          0.151000000000    1602105.642648646142
          0.152000000000    1574420.146046743030
          0.153000000000    1547456.189130782848
          0.154000000000    1521195.339037494035
          0.155000000000    1495620.390915337019
          0.156000000000    1470715.065265547950
          0.157000000000    1446463.739169918466
          0.158000000000    1422851.210192803526
          0.159000000000    1399862.491629078519
          0.160000000000    1377482.637668956304
          0.161000000000    1355696.596964673139
          0.162000000000    1334489.093012534548
          0.163000000000    1313844.529706634581
          0.164000000000    1293746.920376933645
          0.165000000000    1274179.838594079949
          0.166000000000    1255126.389005769277
          0.167000000000    1236569.196463819826
          0.168000000000    1218490.411707087886
          0.169000000000    1200871.731881862506
          0.170000000000    1183694.434208211256
          0.171000000000    1166939.421136439312
          0.172000000000    1150587.275382512948
          0.173000000000    1134618.323283270467
          0.174000000000    1119012.704971515806
          0.175000000000    1103750.449936323334
          0.176000000000    1088811.556604498299
          0.177000000000    1074176.074654468102
          0.178000000000    1059824.188852841733
          0.179000000000    1045736.303286100971
          0.180000000000    1031893.124944271636
          0.181000000000    1018275.745699560619
          0.182000000000    1004865.721810011310
          0.183000000000     991645.150165581843
          0.184000000000     978596.740581057733
          0.185000000000     965703.883526480757
          0.186000000000     952950.712770483922
          0.187000000000     940322.162494744873
          0.188000000000     927804.018518335070
          0.189000000000     915382.963348326739
          0.190000000000     903046.614847689634
          0.191000000000     890783.558382449672
          0.192000000000     878583.372377467342
          0.193000000000     866436.647273449344
          0.194000000000     854334.997936905129
          0.195000000000     842271.069629452308
          0.196000000000     830238.537693187012
          0.197000000000     818232.101154410047
          0.198000000000     806247.470489189378
          0.199000000000     794281.349830590887
          0.200000000000     782331.413929385017
          0.201000000000     770396.280207308242
          0.202000000000     758475.476264924393
          0.203000000000     746569.403224669746
          0.204000000000     734679.295304094208
          0.205000000000     722807.176024635672
          0.206000000000     710955.811467786087
          0.207000000000     699128.660993407830
          0.208000000000     687329.825834283256
          0.209000000000     675563.995977282641
          0.210000000000     663836.395734651480
          0.211000000000     652152.728399485815
          0.212000000000     640519.120367333409
          0.213000000000     628942.065091706347
          0.214000000000     617428.367224894930
          0.215000000000     605985.087277601007
          0.216000000000     594619.487111299532
          0.217000000000     583338.976556532900
          0.218000000000     572151.061428551446
          0.219000000000     561063.293189202202
          0.220000000000     550083.220480775461
          0.221000000000     539218.342734131031
          0.222000000000     528476.066029754351
          0.223000000000     517863.661366839951
          0.224000000000     507388.225472151127
          0.225000000000     497056.644257375214
          0.226000000000     486875.559011307196
          0.227000000000     476851.335391355969
          0.228000000000     466990.035257908283
          0.229000000000     457297.391374969156
          0.230000000000     447778.784981399891
          0.231000000000     438439.226219027187
          0.232000000000     429283.337387036474
          0.233000000000     420315.338976307132
          0.234000000000     411539.038422932266
          0.235000000000     402957.821506914683
          0.236000000000     394574.646310138807
          0.237000000000     386392.039637032547
          0.238000000000     378412.095792014967
          0.239000000000     370636.477599684615
          0.240000000000     363066.419546860736
          0.241000000000     355702.732919955801
          0.242000000000     348545.812806648086
          0.243000000000     341595.646827512595
          0.244000000000     334851.825460950611
          0.245000000000     328313.553823552968
          0.246000000000     321979.664767694543
          0.247000000000     315848.633158784069
          0.248000000000     309918.591196031310
          0.249000000000     304187.344642777927
          0.250000000000     298652.389835342648
          0.251000000000     293310.931342857715
          0.252000000000     288159.900154650619
          0.253000000000     283195.972276278480
          0.254000000000     278415.587620361766
          0.255000000000     273814.969083653472
          0.256000000000     269390.141707481933
          0.257000000000     265136.951824548771
          0.258000000000     261051.086101141322
          0.259000000000     257128.090389995312
          0.260000000000     253363.388315271790
          0.261000000000     249752.299517426582
          0.262000000000     246290.057491961983
          0.263000000000     242971.826962269086
          0.264000000000     239792.720732835791
          0.265000000000     236747.815975088975
          0.266000000000     233832.169903912523
          0.267000000000     231040.834808515501
          0.268000000000     228368.872406723618
          0.269000000000     225811.367496970721
          0.270000000000     223363.440887192235
          0.271000000000     221020.261584527907
          0.272000000000     218777.058234177763
          0.273000000000     216629.129799919494
          0.274000000000     214571.855482703802
          0.275000000000     212600.703877361550
          0.276000000000     210711.241370850417
          0.277000000000     208899.139788538072
          0.278000000000     207160.183297878946
          0.279000000000     205490.274581430509
          0.280000000000     203885.440293492953
          0.281000000000     202341.835816781211
          0.282000000000     200855.749337401765
          0.283000000000     199423.605258099677
          0.284000000000     198041.966971195070
          0.285000000000     196707.539013904054
          0.286000000000     195417.168629841850
          0.287000000000     194167.846761411754
          0.288000000000     192956.708498574706
          0.289000000000     191781.033010088169
          0.290000000000     190638.242983810196
          0.291000000000     189525.903602994134
          0.292000000000     188441.721085775003
          0.293000000000     187383.540815149230
          0.294000000000     186349.345086808287
          0.295000000000     185337.250502124865
          0.296000000000     184345.505033456604
          0.297000000000     183372.484788716043
          0.298000000000     182416.690501877427
          0.299000000000     181476.743775754061
          0.300000000000     180551.383102948690
