          0.001000000000  146884621.021249413490
          0.002000000000  146733880.998140573502
          0.003000000000  146482978.820432275534
          0.004000000000  146132410.200337946415
          0.005000000000  145682866.981519252062
          0.006000000000  145135234.996230214834
          0.007000000000  144490591.325283378363
          0.008000000000  143750200.972031652927
          0.009000000000  142915512.963929921389
          0.010000000000  141988155.897550612688
          0.011000000000  140969932.945155262947
          0.012000000000  139862816.343062907457
          0.013000000000  138668941.384078443050
          0.014000000000  137390599.938195049763
          0.015000000000  136030233.527570813894
          0.016000000000  134590425.983480721712
          0.017000000000  133073895.714465454221
          0.018000000000  131483487.616326794028
          0.019000000000  129822164.655857399106
          0.020000000000  128092999.161304011941
          0.021000000000  126299163.853486791253
          0.022000000000  124443922.652315422893
          0.023000000000  122530621.294009849429
          0.024000000000  120562677.794828325510
          0.025000000000  118543572.797361105680
          0.026000000000  116476839.835574284196
          0.027000000000  114366055.554740160704
          0.028000000000  112214829.922164574265
          0.029000000000  110026796.464266747236
          0.030000000000  107805602.565010905266
          0.031000000000  105554899.860020160675
          0.032000000000  103278334.759857371449
          0.033000000000  100979539.134986385703
          0.034000000000   98662121.193807274103
          0.035000000000   96329656.583926469088
          0.036000000000   93985679.745453372598
          0.037000000000   91633675.543642953038
          0.038000000000   89277071.206631824374
          0.039000000000   86919228.592327952385
          0.040000000000   84563436.806788593531
          0.041000000000   82212905.194558769464
          0.042000000000   79870756.719571575522
          0.043000000000   77540021.753267899156
          0.044000000000   75223632.284583821893
          0.045000000000   72924416.564462751150
          0.046000000000   70645094.195488706231
          0.047000000000   68388271.675192549825
          0.048000000000   66156438.399538263679
          0.049000000000   63951963.131045483053
          0.050000000000   61777090.933995999396
          0.051000000000   59633940.577174350619
          0.052000000000   57524502.402649790049
          0.053000000000   55450636.657201766968
          0.054000000000   53414072.281153574586
          0.055000000000   51416406.147593609989
          0.056000000000   49459102.743265308440
          0.057000000000   47543494.280784413218
          0.058000000000   45670781.230294547975
          0.059000000000   43842033.257236622274
          0.060000000000   42058190.551554776728
          0.061000000000   40320065.532413817942
          0.062000000000   38628344.911366768181
          0.063000000000   36983592.095876395702
          0.064000000000   35386249.914174862206
          0.065000000000   33836643.641638919711
          0.066000000000   32334984.308166753501
          0.067000000000   30881372.265462882817
          0.068000000000   29475800.992674976587
          0.069000000000   28118161.118478477001
          0.070000000000   26808244.637467332184
          0.071000000000   25545749.298581570387
          0.072000000000   24330283.143287640065
          0.073000000000   23161369.171311296523
          0.074000000000   22038450.111910387874
          0.075000000000   20960893.278963003308
          0.076000000000   19927995.488521207124
          0.077000000000   18938988.017948277295
          0.078000000000   17993041.586304776371
          0.079000000000   17089271.336276896298
          0.080000000000   16226741.798634462059
          0.081000000000   15404471.820972751826
          0.082000000000   14621439.443312039599
          0.083000000000   13876586.704004615545
          0.084000000000   13168824.360323384404
          0.085000000000   12497036.509065615013
          0.086000000000   11860085.093504834920
          0.087000000000   11256814.284046184272
          0.088000000000   10686054.720986513421
          0.089000000000   10146627.608841149136
          0.090000000000    9637348.652767760679
          0.091000000000    9157031.828690065071
          0.092000000000    8704492.979794545099
          0.093000000000    8278553.233133643866
          0.094000000000    7878042.231116886251
          0.095000000000    7501801.173701805994
          0.096000000000    7148685.668102058582
          0.097000000000    6817568.383810047060
          0.098000000000    6507341.511678621173
          0.099000000000    6216919.026719982736
          0.100000000000    5945238.755153548904
          0.101000000000    5691264.247068547644
          0.102000000000    5453986.456855806522
          0.103000000000    5232425.234306646511
          0.104000000000    5025630.629972134717
          0.105000000000    4832684.019021116197
          0.106000000000    4652699.048431062140
          0.107000000000    4484822.412888556719
          0.108000000000    4328234.465268416330
          0.109000000000    4182149.667999175843
          0.110000000000    4045816.892010292970
          0.111000000000    3918519.570292201359
          0.112000000000    3799575.713384978939
          0.113000000000    3688337.794346736278
          0.114000000000    3584192.510938730557
          0.115000000000    3486560.432903958485
          0.116000000000    3394895.542308929376
          0.117000000000    3308684.674968590029
          0.118000000000    3227446.870982232038
          0.119000000000    3150732.642376768868
          0.120000000000    3078123.165784859098
          0.121000000000    3009229.407981451601
          0.122000000000    2943691.191965896636
          0.123000000000    2881176.211110128090
          0.124000000000    2821378.998699421994
          0.125000000000    2764019.859973227605
          0.126000000000    2708843.773531755898
          0.127000000000    2655619.268713166006
          0.128000000000    2604137.285266907420
          0.129000000000    2554210.021355608013
          0.130000000000    2505669.775611723773
          0.131000000000    2458367.788659016602
          0.132000000000    2412173.089185006917
          0.133000000000    2366971.349321124144
          0.134000000000    2322663.753753995989
          0.135000000000    2279165.886656816117
          0.136000000000    2236406.640195299871
          0.137000000000    2194327.148030521814
          0.138000000000    2152879.746912263799
          0.139000000000    2112026.969133152161
          0.140000000000    2071740.568296990590
          0.141000000000    2032000.580545663368
          0.142000000000    1992794.423088922864
          0.143000000000    1954116.031591123203
          0.144000000000    1915965.037689699791
          0.145000000000    1878345.987652271520
          0.146000000000    1841267.602923703846
          0.147000000000    1804742.083071411122
          0.148000000000    1768784.451407431858
          0.149000000000    1733411.943349382374
          0.150000000000    1698643.437379507814
          0.151000000000    1664498.928272093879
          0.152000000000    1630999.042084115790
          0.153000000000    1598164.592242470710
          0.154000000000    1566016.175913110608
          0.155000000000    1534573.809702778701
          0.156000000000    1503856.603622713592
          0.157000000000    1473882.472134951735
          0.158000000000    1444667.881005862728
          0.159000000000    1416227.628607617924
          0.160000000000    1388574.660235794727
          0.161000000000    1361719.913950532908
          0.162000000000    1335672.196398070082
          0.163000000000    1310438.087029689923
          0.164000000000    1286021.869104505517
          0.165000000000    1262425.485841734102
          0.166000000000    1239648.520075411536
          0.167000000000    1217688.195760538103
          0.168000000000    1196539.399682901567
          0.169000000000    1176194.721735513071
          0.170000000000    1156644.512141641695
          0.171000000000    1137876.954027879285
          0.172000000000    1119878.149779451545
          0.173000000000    1102632.219644174678
          0.174000000000    1086121.411090145120
          0.175000000000    1070326.217465279857
          0.176000000000    1055225.504553602077
          0.177000000000    1040796.643673462328
          0.178000000000    1027015.650015925872
          0.179000000000    1013857.324977505021
          0.180000000000    1001295.401299456367
          0.181000000000     989302.689885758678
          0.182000000000     977851.227233561105
          0.183000000000     966912.422472574399
          0.184000000000     956457.203073735232
          0.185000000000     946456.158351861290
          0.186000000000     936879.679951858474
          0.187000000000     927698.098573041265
          0.188000000000     918881.816250987700
          0.189000000000     910401.433580860379
          0.190000000000     902227.871330149821
          0.191000000000     894332.485951917712
          0.192000000000     886687.178571907687
          0.193000000000     879264.497083878843
          0.194000000000     872037.731047225534
          0.195000000000     864980.999139130814
          0.196000000000     858069.328969964059
          0.197000000000     851278.729125240701
          0.198000000000     844586.253350158455
          0.199000000000     837970.056843197439
          0.200000000000     831409.444673546706
          0.201000000000     824884.912383032148
          0.202000000000     818378.178876607562
          0.203000000000     811872.211746368441
          0.204000000000     805351.245212166337
          0.205000000000     798800.790897413739
          0.206000000000     792207.641691292753
          0.207000000000     785559.868978377664
          0.208000000000     778846.813543584663
          0.209000000000     772059.070484363008
          0.210000000000     765188.468483042438
          0.211000000000     758228.043810408330
          0.212000000000     751172.009446666110
          0.213000000000     744015.719718252541
          0.214000000000     736755.630858318531
          0.215000000000     729389.257905223407
          0.216000000000     721915.128357182955
          0.217000000000     714332.733002221677
          0.218000000000     706642.474341140012
          0.219000000000     698845.613017059746
          0.220000000000     690944.212658683304
          0.221000000000     682941.083535696846
          0.222000000000     674839.725413778098
          0.223000000000     666644.269983810373
          0.224000000000     658359.423225094564
          0.225000000000     649990.408045861404
          0.226000000000     641542.907526350347
          0.227000000000     633023.009070277563
          0.228000000000     624437.149749923381
          0.229000000000     615792.063108356670
          0.230000000000     607094.727659841185
          0.231000000000     598352.317306270008
          0.232000000000     589572.153863787535
          0.233000000000     580761.661869782140
          0.234000000000     571928.325816296390
          0.235000000000     563079.649931818130
          0.236000000000     554223.120609516627
          0.237000000000     545366.171556464047
          0.238000000000     536516.151715393527
          0.239000000000     527680.295988192083
          0.240000000000     518865.698768779053
          0.241000000000     510079.290272482147
          0.242000000000     501327.815629350836
          0.243000000000     492617.816690593376
          0.244000000000     483955.616480059631
          0.245000000000     475347.306206932000
          0.246000000000     466798.734741372056
          0.247000000000     458315.500441888464
          0.248000000000     449902.945211765531
          0.249000000000     441566.150651944452
          0.250000000000     433309.936169395223
          0.251000000000     425138.858893189870
          0.252000000000     417057.215245213418
          0.253000000000     409069.044008688186
          0.254000000000     401178.130735471554
          0.255000000000     393388.013332227885
          0.256000000000     385701.988666215795
          0.257000000000     378123.120033339772
          0.258000000000     370654.245334282925
          0.259000000000     363297.985808952071
          0.260000000000     356056.755184893671
          0.261000000000     348932.769101808430
          0.262000000000     341928.054681662528
          0.263000000000     335044.460122062999
          0.264000000000     328283.664199389343
          0.265000000000     321647.185577638156
          0.266000000000     315136.391828828666
          0.267000000000     308752.508081091044
          0.268000000000     302496.625221083406
          0.269000000000     296369.707588046324
          0.270000000000     290372.600107528968
          0.271000000000     284506.034823450493
          0.272000000000     278770.636797654850
          0.273000000000     273166.929356389854
          0.274000000000     267695.338672978629
          0.275000000000     262356.197685523657
          0.276000000000     257149.749357416498
          0.277000000000     252076.149296892516
          0.278000000000     247135.467759721156
          0.279000000000     242327.691066243337
          0.280000000000     237652.722470470471
          0.281000000000     233110.382524642220
          0.282000000000     228700.408987622708
          0.283000000000     224422.456329655368
          0.284000000000     220276.094889397675
          0.285000000000     216260.809741726465
          0.286000000000     212375.999336592824
          0.287000000000     208620.973970247986
          0.288000000000     204994.954150408623
          0.289000000000     201497.068916482152
          0.290000000000     198126.354174831038
          0.291000000000     194881.751107239979
          0.292000000000     191762.104708348925
          0.293000000000     188766.162504850683
          0.294000000000     185892.573505755514
          0.295000000000     183139.887429120834
          0.296000000000     180506.554246301384
          0.297000000000     177990.924080127443
          0.298000000000     175591.247488478752
          0.299000000000     173305.676159591385
          0.300000000000     171132.264040128444
