          0.001000000000  145564845.750585407019
          0.002000000000  145430818.437417536974
          0.003000000000  145207697.902403414249
          0.004000000000  144895870.900710195303
          0.005000000000  144495877.441673219204
          0.006000000000  144008409.346914142370
          0.007000000000  143434308.405024349689
          0.008000000000  142774564.129198193550
          0.009000000000  142030311.125534832478
          0.010000000000  141202826.081050604582
          0.011000000000  140293524.381759822369
          0.012000000000  139303956.372413396835
          0.013000000000  138235803.270687520504
          0.014000000000  137090872.749771863222
          0.015000000000  135871094.204399526119
          0.016000000000  134578513.716387093067
          0.017000000000  133215288.736725568771
          0.018000000000  131783682.502158433199
          0.019000000000  130286058.205018997192
          0.020000000000  128724872.935831695795
          0.021000000000  127102671.418871477246
          0.022000000000  125422079.561462834477
          0.023000000000  123685797.838312029839
          0.024000000000  121896594.532580003142
          0.025000000000  120057298.855766996741
          0.026000000000  118170793.968712210655
          0.027000000000  116240009.926191613078
          0.028000000000  114267916.567677557468
          0.029000000000  112257516.376812502742
          0.030000000000  110211837.332056730986
          0.031000000000  108133925.770811766386
          0.032000000000  106026839.289023652673
          0.033000000000  103893639.697973966599
          0.034000000000  101737386.059504121542
          0.035000000000   99561127.820448860526
          0.036000000000   97367898.066460296512
          0.037000000000   95160706.914776057005
          0.038000000000   92942535.064758718014
          0.039000000000   90716327.524265572429
          0.040000000000   88484987.529057160020
          0.041000000000   86251370.671584367752
          0.042000000000   84018279.254504784942
          0.043000000000   81788456.883331894875
          0.044000000000   79564583.311543479562
          0.045000000000   77349269.550428450108
          0.046000000000   75145053.254819005728
          0.047000000000   72954394.394740298390
          0.048000000000   70779671.221825987101
          0.049000000000   68623176.538192614913
          0.050000000000   66487114.274253167212
          0.051000000000   64373596.380768790841
          0.052000000000   62284640.039221540093
          0.053000000000   60222165.193404056132
          0.054000000000   58187992.403919637203
          0.055000000000   56183841.026114732027
          0.056000000000   54211327.710801534355
          0.057000000000   52271965.225983254611
          0.058000000000   50367161.596687436104
          0.059000000000   48498219.558925434947
          0.060000000000   46666336.322748348117
          0.061000000000   44872603.638354264200
          0.062000000000   43118008.158244647086
          0.063000000000   41403432.087490864098
          0.064000000000   39729654.113309204578
          0.065000000000   38097350.604313462973
          0.066000000000   36507097.069047279656
          0.067000000000   34959369.862689040601
          0.068000000000   33454548.130163289607
          0.069000000000   31992915.973303928971
          0.070000000000   30574664.829180341214
          0.071000000000   29199896.046227939427
          0.072000000000   27868623.644419729710
          0.073000000000   26580777.245372131467
          0.074000000000   25336205.158003702760
          0.075000000000   24134677.605145025998
          0.076000000000   22975890.076356694102
          0.077000000000   21859466.792116180062
          0.078000000000   20784964.264514409006
          0.079000000000   19751874.939636737108
          0.080000000000   18759630.906896430999
          0.081000000000   17807607.660743698478
          0.082000000000   16895127.900375351310
          0.083000000000   16021465.353338643909
          0.084000000000   15185848.609228501096
          0.085000000000   14387464.950040157884
          0.086000000000   13625464.164146903902
          0.087000000000   12898962.331317793578
          0.088000000000   12207045.566682832316
          0.089000000000   11548773.712076103315
          0.090000000000   10923183.963746398687
          0.091000000000   10329294.426015242934
          0.092000000000    9766107.581075590104
          0.093000000000    9232613.665765250102
          0.094000000000    8727793.946806795895
          0.095000000000    8250623.886680888943
          0.096000000000    7800076.192987723276
          0.097000000000    7375123.744848817587
          0.098000000000    6974742.390604340471
          0.099000000000    6597913.611767272465
          0.100000000000    6243627.048901154660
          0.101000000000    5910882.885789348744
          0.102000000000    5598694.088958883658
          0.103000000000    5306088.500306445174
          0.104000000000    5032110.781246334314
          0.105000000000    4775824.207456904463
          0.106000000000    4536312.313940915279
          0.107000000000    4312680.390733458102
          0.108000000000    4104056.830186982639
          0.109000000000    3909594.327334151603
          0.110000000000    3728470.935373961926
          0.111000000000    3559890.978842514101
          0.112000000000    3403085.827516995370
          0.113000000000    3257314.534556371626
          0.114000000000    3121864.342805930413
          0.115000000000    2996051.063582729548
          0.116000000000    2879219.332615308929
          0.117000000000    2770742.748132729903
          0.118000000000    2670023.896384831518
          0.119000000000    2576494.270127686206
          0.120000000000    2489614.085824846290
          0.121000000000    2408872.005497300066
          0.122000000000    2333784.769302322995
          0.123000000000    2263896.745035255793
          0.124000000000    2198779.400828250218
          0.125000000000    2138030.707367885858
          0.126000000000    2081274.475969743682
          0.127000000000    2028159.638833692996
          0.128000000000    1978359.477760081878
          0.129000000000    1931570.807535559405
          0.130000000000    1887513.120099126128
          0.131000000000    1845927.695475902874
          0.132000000000    1806576.685319534270
          0.133000000000    1769242.174735778477
          0.134000000000    1733725.227871195413
          0.135000000000    1699844.922544098925
          0.136000000000    1667437.378971359460
          0.137000000000    1636354.787406460382
          0.138000000000    1606464.439252936048
          0.139000000000    1577647.765955097508
          0.140000000000    1549799.389696150552
          0.141000000000    1522826.189654802205
          0.142000000000    1496646.387286390178
          0.143000000000    1471188.653805770678
          0.144000000000    1446391.242757875938
          0.145000000000    1422201.150270059472
          0.146000000000    1398573.305289160693
          0.147000000000    1375469.791817954043
          0.148000000000    1352859.104880601168
          0.149000000000    1330715.441667626845
          0.150000000000    1309018.029037713539
          0.151000000000    1287750.488288613735
          0.152000000000    1266900.237852990394
          0.153000000000    1246457.934328545118
          0.154000000000    1226416.952015888644
          0.155000000000    1206772.900913580786
          0.156000000000    1187523.182907706825
          0.157000000000    1168666.585694454145
          0.158000000000    1150202.913788601290
          0.159000000000    1132132.655799077591
          0.160000000000    1114456.686995285330
          0.161000000000    1097176.006044787820
          0.162000000000    1080291.504674328724
          0.163000000000    1063803.768892283551
          0.164000000000    1047712.910311095300
          0.165000000000    1032018.426023349981
          0.166000000000    1016719.085414243978
          0.167000000000    1001812.842236375902
          0.168000000000     987296.770229475689
          0.169000000000     973167.020537486300
          0.170000000000     959418.799157995614
          0.171000000000     946046.362653569900
          0.172000000000     933043.030360812903
          0.173000000000     920401.211350025958
          0.174000000000     908112.444415700855
          0.175000000000     896167.449415000039
          0.176000000000     884556.188317009481
          0.177000000000     873267.934379418264
          0.178000000000     862291.347930211341
          0.179000000000     851614.557299613953
          0.180000000000     841225.243520780001
          0.181000000000     831110.727495950996
          0.182000000000     821258.058407218661
          0.183000000000     811654.102236811188
          0.184000000000     802285.629350240109
          0.185000000000     793139.400185986771
          0.186000000000     784202.248186909012
          0.187000000000     775461.159200539929
          0.188000000000     766903.346667313483
          0.189000000000     758516.322006780072
          0.190000000000     750287.959701533313
          0.191000000000     742206.556666299002
          0.192000000000     734260.885574898799
          0.193000000000     726440.241900133318
          0.194000000000     718734.484500608291
          0.195000000000     711134.069663760485
          0.196000000000     703630.078585474053
          0.197000000000     696214.238333445508
          0.198000000000     688878.936403547297
          0.199000000000     681617.229035730590
          0.200000000000     674422.843508263119
          0.201000000000     667290.174676187336
          0.202000000000     660214.276061859098
          0.203000000000     653190.845842036884
          0.204000000000     646216.208107466344
          0.205000000000     639287.289797096513
          0.206000000000     632401.593730188557
          0.207000000000     625557.168175622821
          0.208000000000     618752.573408966069
          0.209000000000     611986.845714338939
          0.210000000000     605259.459290120401
          0.211000000000     598570.286515258253
          0.212000000000     591919.557026639231
          0.213000000000     585307.816047842731
          0.214000000000     578735.882396040135
          0.215000000000     572204.806576977018
          0.216000000000     565715.829358270392
          0.217000000000     559270.341188931372
          0.218000000000     552869.842808486079
          0.219000000000     546515.907362463418
          0.220000000000     540210.144312895602
          0.221000000000     533954.165402917541
          0.222000000000     527749.552904084790
          0.223000000000     521597.830343774171
          0.224000000000     515500.435878405056
          0.225000000000     509458.698446543363
          0.226000000000     503473.816804260656
          0.227000000000     497546.841514069587
          0.228000000000     491678.659928186797
          0.229000000000     485869.984177342034
          0.230000000000     480121.342147842050
          0.231000000000     474433.071402462374
          0.232000000000     468805.315975036880
          0.233000000000     463238.025944625551
          0.234000000000     457730.959672857774
          0.235000000000     452283.688567733916
          0.236000000000     446895.604218790308
          0.237000000000     441565.927732301992
          0.238000000000     436293.721081016294
          0.239000000000     431077.900270960818
          0.240000000000     425917.250118082389
          0.241000000000     420810.440419882594
          0.242000000000     415756.043301764352
          0.243000000000     410752.551514544059
          0.244000000000     405798.397458347608
          0.245000000000     400891.972708923917
          0.246000000000     396031.647825160297
          0.247000000000     391215.792221163225
          0.248000000000     386442.793892597780
          0.249000000000     381711.078794938745
          0.250000000000     377019.129680755781
          0.251000000000     372365.504213940876
          0.252000000000     367748.852190898440
          0.253000000000     363167.931711855752
          0.254000000000     358621.624159508210
          0.255000000000     354108.947857178864
          0.256000000000     349629.070294141071
          0.257000000000     345181.318821804540
          0.258000000000     340765.189740877599
          0.259000000000     336380.355716121441
          0.260000000000     332026.671472002519
          0.261000000000     327704.177739066014
          0.262000000000     323413.103437181853
          0.263000000000     319153.866097788210
          0.264000000000     314927.070542798960
          0.265000000000     310733.505852735136
          0.266000000000     306574.140670928871
          0.267000000000     302450.116904084804
          0.268000000000     298362.741892119055
          0.269000000000     294313.479131827189
          0.270000000000     290303.937649594911
          0.271000000000     286335.860127964232
          0.272000000000     282411.109899279836
          0.273000000000     278531.656927042874
          0.274000000000     274699.562901644967
          0.275000000000     270916.965582194563
          0.276000000000     267186.062519818370
          0.277000000000     263509.094300447614
          0.278000000000     259888.327446408046
          0.279000000000     256326.037116391031
          0.280000000000     252824.489742460719
          0.281000000000     249385.925740709994
          0.282000000000     246012.542429174297
          0.283000000000     242706.477282523876
          0.284000000000     239469.791648094397
          0.285000000000     236304.455041951296
          0.286000000000     233212.330137036770
          0.287000000000     230195.158548059087
          0.288000000000     227254.547509753233
          0.289000000000     224391.957536533417
          0.290000000000     221608.691142459807
          0.291000000000     218905.882690963568
          0.292000000000     216284.489433905721
          0.293000000000     213745.283789538837
          0.294000000000     211288.846898680902
          0.295000000000     208915.563488156797
          0.296000000000     206625.618060263834
          0.297000000000     204418.992416845867
          0.298000000000     202295.464516526845
          0.299000000000     200254.608653868112
          0.300000000000     198295.796939732361
