          0.001000000000  145614568.133450955153
          0.002000000000  145460909.291041284800
          0.003000000000  145205164.152899593115
          0.004000000000  144847860.874668210745
          0.005000000000  144389736.393900245428
          0.006000000000  143831733.963625311852
          0.007000000000  143175000.001010447741
          0.008000000000  142420880.265800416470
          0.009000000000  141570915.386262089014
          0.010000000000  140626835.753391444683
          0.011000000000  139590555.806934326887
          0.012000000000  138464167.739501357079
          0.013000000000  137249934.647587716579
          0.014000000000  135950283.160722702742
          0.015000000000  134567795.582094848156
          0.016000000000  133105201.576068177819
          0.017000000000  131565369.439736381173
          0.018000000000  129951296.997247919440
          0.019000000000  128266102.156998842955
          0.020000000000  126513013.172876119614
          0.021000000000  124695358.651641190052
          0.022000000000  122816557.349198684096
          0.023000000000  120880107.798867106438
          0.024000000000  118889577.815001472831
          0.025000000000  116848593.915218710899
          0.026000000000  114760830.704207196832
          0.027000000000  112630000.261592552066
          0.028000000000  110459841.575607404113
          0.029000000000  108254110.063374191523
          0.030000000000  106016567.217470034957
          0.031000000000  103750970.417143642902
          0.032000000000  101461062.941027715802
          0.033000000000   99150564.216543674469
          0.034000000000   96823160.339388176799
          0.035000000000   94482494.894521370530
          0.036000000000   92132160.108030706644
          0.037000000000   89775688.357052892447
          0.038000000000   87416544.062680572271
          0.039000000000   85058115.988429516554
          0.040000000000   82703709.964466243982
          0.041000000000   80356542.055332645774
          0.042000000000   78019732.186449110508
          0.043000000000   75696298.242211580276
          0.044000000000   73389150.646012231708
          0.045000000000   71101087.430061310530
          0.046000000000   68834789.800485387444
          0.047000000000   66592818.200787022710
          0.048000000000   64377608.874444775283
          0.049000000000   62191470.925198592246
          0.050000000000   60036583.871390618384
          0.051000000000   57914995.688682474196
          0.052000000000   55828621.333484724164
          0.053000000000   53779241.737593509257
          0.054000000000   51768503.262778781354
          0.055000000000   49797917.602447032928
          0.056000000000   47868862.116014786065
          0.057000000000   45982580.580258585513
          0.058000000000   44140184.340678229928
          0.059000000000   42342653.844814129174
          0.060000000000   40590840.538495458663
          0.061000000000   38885469.105166174471
          0.062000000000   37227140.027745120227
          0.063000000000   35616332.451909027994
          0.064000000000   34053407.329249337316
          0.065000000000   32538610.818450689316
          0.066000000000   31072077.922434508801
          0.067000000000   29653836.339346963912
          0.068000000000   28283810.505294896662
          0.069000000000   26961825.806875277311
          0.070000000000   25687612.941777627915
          0.071000000000   24460812.406061448157
          0.072000000000   23280979.087124343961
          0.073000000000   22147586.941861145198
          0.074000000000   21060033.740071207285
          0.075000000000   20017645.853790808469
          0.076000000000   19019683.073905568570
          0.077000000000   18065343.436118632555
          0.078000000000   17153768.039119888097
          0.079000000000   16284045.838604101911
          0.080000000000   15455218.401613742113
          0.081000000000   14666284.606540204957
          0.082000000000   13916205.274985617027
          0.083000000000   13203907.722571872175
          0.084000000000   12528290.216670887545
          0.085000000000   11888226.329922482371
          0.086000000000   11282569.179293360561
          0.087000000000   10710155.541312159970
          0.088000000000   10169809.834986286238
          0.089000000000    9660347.964764256030
          0.090000000000    9180581.016746826470
          0.091000000000    8729318.802173975855
          0.092000000000    8305373.243013975210
          0.093000000000    7907561.595260361210
          0.094000000000    7534709.506295739673
          0.095000000000    7185653.903409719467
          0.096000000000    6859245.711260802113
          0.097000000000    6554352.396746243350
          0.098000000000    6269860.340391546488
          0.099000000000    6004677.033990881406
          0.100000000000    5757733.104821071960
          0.101000000000    5527984.167315272614
          0.102000000000    5314412.503618497401
          0.103000000000    5116028.574955415912
          0.104000000000    4931872.366221390665
          0.105000000000    4761014.566661864519
          0.106000000000    4602557.589932460338
          0.107000000000    4455636.437233051285
          0.108000000000    4319419.407583829947
          0.109000000000    4193108.659661304206
          0.110000000000    4075940.629935463890
          0.111000000000    3967186.312148947734
          0.112000000000    3866151.403452911880
          0.113000000000    3772176.322763691656
          0.114000000000    3684636.107129641343
          0.115000000000    3602940.192097919993
          0.116000000000    3526532.082247390877
          0.117000000000    3454888.918205876369
          0.118000000000    3387520.946597792674
          0.119000000000    3323970.899471920915
          0.120000000000    3263813.289838463068
          0.121000000000    3206653.629999773111
          0.122000000000    3152127.579390681349
          0.123000000000    3099900.028651190922
          0.124000000000    3049664.126637924463
          0.125000000000    3001140.257040499710
          0.126000000000    2954074.971204980742
          0.127000000000    2908239.883680190891
          0.128000000000    2863430.536892950069
          0.129000000000    2819465.241227030754
          0.130000000000    2776183.896627392154
          0.131000000000    2733446.801677664276
          0.132000000000    2691133.455905124545
          0.133000000000    2649141.360854634084
          0.134000000000    2607384.825242694002
          0.135000000000    2565793.779255315196
          0.136000000000    2524312.602790859062
          0.137000000000    2482898.972172348760
          0.138000000000    2441522.729564304464
          0.139000000000    2400164.779029365163
          0.140000000000    2358816.012850115076
          0.141000000000    2317476.271424810868
          0.142000000000    2276153.339722619858
          0.143000000000    2234861.982957534492
          0.144000000000    2193623.023810956161
          0.145000000000    2152462.463204105385
          0.146000000000    2111410.646293718368
          0.147000000000    2070501.475040744524
          0.148000000000    2029771.668382775271
          0.149000000000    1989260.070729535306
          0.150000000000    1949007.009197684005
          0.151000000000    1909053.699708729284
          0.152000000000    1869441.701793071581
          0.153000000000    1830212.421676081605
          0.154000000000    1791406.662968994351
          0.155000000000    1753064.224050892051
          0.156000000000    1715223.541007370921
          0.157000000000    1677921.374789518304
          0.158000000000    1641192.541072283639
          0.159000000000    1605069.681126679992
          0.160000000000    1569583.071874253685
          0.161000000000    1534760.473166540731
          0.162000000000    1500627.010225761449
          0.163000000000    1467205.089096610667
          0.164000000000    1434514.342891797889
          0.165000000000    1402571.606566000963
          0.166000000000    1371390.917923475383
          0.167000000000    1340983.542553027393
          0.168000000000    1311358.020389617188
          0.169000000000    1282520.231623825384
          0.170000000000    1254473.479717427632
          0.171000000000    1227218.589334718883
          0.172000000000    1200754.017063417472
          0.173000000000    1175075.972875191830
          0.174000000000    1150178.550362332026
          0.175000000000    1126053.863882921869
          0.176000000000    1102692.190850569168
          0.177000000000    1080082.117514835903
          0.178000000000    1058210.686693936819
          0.179000000000    1037063.546040492016
          0.180000000000    1016625.095543010626
          0.181000000000     996878.633088842267
          0.182000000000     977806.497037812718
          0.183000000000     959390.204878110671
          0.184000000000     941610.587156335940
          0.185000000000     924447.915991151822
          0.186000000000     907882.027593426290
          0.187000000000     891892.438324805698
          0.188000000000     876458.453930127900
          0.189000000000     861559.271676883916
          0.190000000000     847174.075226033456
          0.191000000000     833282.122143027605
          0.192000000000     819862.824035122292
          0.193000000000     806895.819371063029
          0.194000000000     794361.039101812406
          0.195000000000     782238.765256122220
          0.196000000000     770509.682732474292
          0.197000000000     759154.924549509189
          0.198000000000     748156.110850553610
          0.199000000000     737495.381984659703
          0.200000000000     727155.426007031114
          0.201000000000     717119.500956095522
          0.202000000000     707371.452273349278
          0.203000000000     697895.725735872285
          0.204000000000     688677.376270534121
          0.205000000000     679702.073013901943
          0.206000000000     670956.100973341498
          0.207000000000     662426.359633061104
          0.208000000000     654100.358834640938
          0.209000000000     645966.212245239527
          0.210000000000     638012.628708673059
          0.211000000000     630228.901755570201
          0.212000000000     622604.897528813686
          0.213000000000     615131.041360446601
          0.214000000000     607798.303215969470
          0.215000000000     600598.182202187949
          0.216000000000     593522.690315523650
          0.217000000000     586564.335589375114
          0.218000000000     579716.104781787260
          0.219000000000     572971.445728585240
          0.220000000000     566324.249472325668
          0.221000000000     559768.832264023717
          0.222000000000     553299.917522590491
          0.223000000000     546912.617826433037
          0.224000000000     540602.417002417264
          0.225000000000     534365.152369650546
          0.226000000000     528196.997188986046
          0.227000000000     522094.443363711704
          0.228000000000     516054.284432590939
          0.229000000000     510073.598892944981
          0.230000000000     504149.733888820920
          0.231000000000     498280.289297220006
          0.232000000000     492463.102243793837
          0.233000000000     486696.232078168250
          0.234000000000     480977.945837989566
          0.235000000000     475306.704229783849
          0.236000000000     469681.148153648130
          0.237000000000     464100.085797553533
          0.238000000000     458562.480325492099
          0.239000000000     453067.438181900536
          0.240000000000     447614.198032447428
          0.241000000000     442202.120358650631
          0.242000000000     436830.677720534499
          0.243000000000     431499.445697951247
          0.244000000000     426208.094517056830
          0.245000000000     420956.381363919529
          0.246000000000     415744.143382316339
          0.247000000000     410571.291347588296
          0.248000000000     405437.804002919060
          0.249000000000     400343.723038823868
          0.250000000000     395289.148690920963
          0.251000000000     390274.235925427696
          0.252000000000     385299.191176322696
          0.253000000000     380364.269592814147
          0.254000000000     375469.772750888544
          0.255000000000     370616.046778199088
          0.256000000000     365803.480837653624
          0.257000000000     361032.505911760556
          0.258000000000     356303.593827185687
          0.259000000000     351617.256457216048
          0.260000000000     346974.045038771874
          0.261000000000     342374.549540578853
          0.262000000000     337819.398019850196
          0.263000000000     333309.255906559585
          0.264000000000     328844.825156976876
          0.265000000000     324426.843221635383
          0.266000000000     320056.081777244981
          0.267000000000     315733.345177165407
          0.268000000000     311459.468580950866
          0.269000000000     307235.315729993861
          0.270000000000     303061.776343318983
          0.271000000000     298939.763115178212
          0.272000000000     294870.208303939260
          0.273000000000     290854.059909875738
          0.274000000000     286892.277447710338
          0.275000000000     282985.827327946725
          0.276000000000     279135.677869112289
          0.277000000000     275342.793970804021
          0.278000000000     271608.131484877202
          0.279000000000     267932.631328964082
          0.280000000000     264317.213392861770
          0.281000000000     260762.770293821523
          0.282000000000     257270.161041603133
          0.283000000000     253840.204677970614
          0.284000000000     250473.673958271596
          0.285000000000     247171.289144632145
          0.286000000000     243933.711981194938
          0.287000000000     240761.539921646647
          0.288000000000     237655.300678027619
          0.289000000000     234615.447157547635
          0.290000000000     231642.352850787254
          0.291000000000     228736.307730397180
          0.292000000000     225897.514714177029
          0.293000000000     223126.086740343075
          0.294000000000     220422.044495996379
          0.295000000000     217785.314832263655
          0.296000000000     215215.729891576018
          0.297000000000     212713.026964003890
          0.298000000000     210276.849080780346
          0.299000000000     207906.746344093641
          0.300000000000     205602.177983168891
