          0.001000000000  145171605.519479572773
          0.002000000000  145038733.730767935514
          0.003000000000  144817538.347707659006
          0.004000000000  144508405.034100413322
          0.005000000000  144111872.255156338215
          0.006000000000  143628629.819562852383
          0.007000000000  143059517.013797640800
          0.008000000000  142405520.335246115923
          0.009000000000  141667770.832069456577
          0.010000000000  140847541.059133917093
          0.011000000000  139946241.660647541285
          0.012000000000  138965417.591439276934
          0.013000000000  137906743.990019500256
          0.014000000000  136772021.717787116766
          0.015000000000  135563172.579815477133
          0.016000000000  134282234.243738353252
          0.017000000000  132931354.874249398708
          0.018000000000  131512787.501598730683
          0.019000000000  130028884.143365353346
          0.020000000000  128482089.699510782957
          0.021000000000  126874935.641400039196
          0.022000000000  125210033.516085729003
          0.023000000000  123490068.287646576762
          0.024000000000  121717791.537797868252
          0.025000000000  119896014.548322841525
          0.026000000000  118027601.288113474846
          0.027000000000  116115461.327771827579
          0.028000000000  114162542.704764187336
          0.029000000000  112171824.762115731835
          0.030000000000  110146310.983500659466
          0.031000000000  108089021.847377374768
          0.032000000000  106002987.722540572286
          0.033000000000  103891241.827071085572
          0.034000000000  101756813.272211194038
          0.035000000000   99602720.212164580822
          0.036000000000   97431963.120185986161
          0.037000000000   95247518.210668042302
          0.038000000000   93052331.026143148541
          0.039000000000   90849310.207328766584
          0.040000000000   88641321.463433384895
          0.041000000000   86431181.759020313621
          0.042000000000   84221653.732722043991
          0.043000000000   82015440.362069025636
          0.044000000000   79815179.887593835592
          0.045000000000   77623441.008281499147
          0.046000000000   75442718.359250128269
          0.047000000000   73275428.281397357583
          0.048000000000   71123904.891522645950
          0.049000000000   68990396.460238009691
          0.050000000000   66877062.103732049465
          0.051000000000   64785968.794235602021
          0.052000000000   62719088.692795872688
          0.053000000000   60678296.806734427810
          0.054000000000   58665368.972950629890
          0.055000000000   56681980.167034789920
          0.056000000000   54729703.136957436800
          0.057000000000   52810007.358960002661
          0.058000000000   50924258.312137439847
          0.059000000000   49073717.067105062306
          0.060000000000   47259540.183102026582
          0.061000000000   45482779.906849712133
          0.062000000000   43744384.665534339845
          0.063000000000   42045199.845355927944
          0.064000000000   40385968.846220657229
          0.065000000000   38767334.402343422174
          0.066000000000   37189840.157774917781
          0.067000000000   35653932.485175155103
          0.068000000000   34159962.535517461598
          0.069000000000   32708188.505847599357
          0.070000000000   31298778.111709695309
          0.071000000000   29931811.250418357551
          0.072000000000   28607282.840980414301
          0.073000000000   27325105.826163217425
          0.074000000000   26085114.321967620403
          0.075000000000   24887066.899589389563
          0.076000000000   23730649.984841160476
          0.077000000000   22615481.359966881573
          0.078000000000   21541113.752794530243
          0.079000000000   20507038.498255670071
          0.080000000000   19512689.257440112531
          0.081000000000   18557445.779549274594
          0.082000000000   17640637.692369803786
          0.083000000000   16761548.307190334424
          0.084000000000   15919418.424446400255
          0.085000000000   15113450.126778963953
          0.086000000000   14342810.546646337956
          0.087000000000   13606635.596115794033
          0.088000000000   12904033.646996082738
          0.089000000000   12234089.150031415746
          0.090000000000   11595866.182479446754
          0.091000000000   10988411.914014875889
          0.092000000000   10410759.981553243473
          0.093000000000    9861933.764257233590
          0.094000000000    9340949.550675343722
          0.095000000000    8846819.590662838891
          0.096000000000    8378555.025448003784
          0.097000000000    7935168.689919915982
          0.098000000000    7515677.781939053908
          0.099000000000    7119106.394188286737
          0.100000000000    6744487.904800684191
          0.101000000000    6390867.223708431236
          0.102000000000    6057302.892358095385
          0.103000000000    5742869.035123407841
          0.104000000000    5446657.161417638883
          0.105000000000    5167777.818160866387
          0.106000000000    4905362.092888782732
          0.107000000000    4658562.968398273923
          0.108000000000    4426556.530408617109
          0.109000000000    4208543.030272844248
          0.110000000000    4003747.805301145185
          0.111000000000    3811422.059754538815
          0.112000000000    3630843.510031448212
          0.113000000000    3461316.898001573049
          0.114000000000    3302174.376838587690
          0.115000000000    3152775.774065950885
          0.116000000000    3012508.736857181415
          0.117000000000    2880788.764923627023
          0.118000000000    2757059.136578175705
          0.119000000000    2640790.733783158008
          0.120000000000    2531481.772174598649
          0.121000000000    2428657.442203763872
          0.122000000000    2331869.467650748324
          0.123000000000    2240695.587844787631
          0.124000000000    2154738.969972418621
          0.125000000000    2073627.557869325625
          0.126000000000    1997013.363674522145
          0.127000000000    1924571.708679534262
          0.128000000000    1856000.419629773824
          0.129000000000    1791018.986633502180
          0.130000000000    1729367.688706334215
          0.131000000000    1670806.692827808671
          0.132000000000    1615115.132213239092
          0.133000000000    1562090.169310321100
          0.134000000000    1511546.048817645758
          0.135000000000    1463313.145793230273
          0.136000000000    1417237.013677330920
          0.137000000000    1373177.436797013506
          0.138000000000    1331007.491651810473
          0.139000000000    1290612.621002786327
          0.140000000000    1251889.724502493627
          0.141000000000    1214746.269313174766
          0.142000000000    1179099.423866407247
          0.143000000000    1144875.217621268006
          0.144000000000    1112007.729381302372
          0.145000000000    1080438.306435335893
          0.146000000000    1050114.816494138679
          0.147000000000    1020990.934106565779
          0.148000000000     993025.462955587660
          0.149000000000     966181.695158456918
          0.150000000000     940426.808427068405
          0.151000000000     915731.301685566199
          0.152000000000     892068.469493353274
          0.153000000000     869413.915383912157
          0.154000000000     847745.104003954912
          0.155000000000     827040.951724199811
          0.156000000000     807281.455192979425
          0.157000000000     788447.357117593638
          0.158000000000     770519.848386198515
          0.159000000000     753480.305485267076
          0.160000000000     737310.062024643761
          0.161000000000     721990.213053974323
          0.162000000000     707501.450740832370
          0.163000000000     693823.929882249096
          0.164000000000     680937.161637208075
          0.165000000000     668819.933798089158
          0.166000000000     657450.255863418337
          0.167000000000     646805.327132424922
          0.168000000000     636861.526013385504
          0.169000000000     627594.418721908121
          0.170000000000     618978.785541823134
          0.171000000000     610988.662829450448
          0.172000000000     603597.398961120984
          0.173000000000     596777.722453272669
          0.174000000000     590501.820523535134
          0.175000000000     584741.426409057458
          0.176000000000     579467.913814458065
          0.177000000000     574652.396925096749
          0.178000000000     570265.834491314832
          0.179000000000     566279.136565018329
          0.180000000000     562663.272550608963
          0.181000000000     559389.379317215644
          0.182000000000     556428.868207410560
          0.183000000000     553753.529868684011
          0.184000000000     551335.635926760850
          0.185000000000     549148.036614058539
          0.186000000000     547164.253561244230
          0.187000000000     545358.567054371233
          0.188000000000     543706.097153897397
          0.189000000000     542182.878164344002
          0.190000000000     540765.926033874275
          0.191000000000     539433.298351273872
          0.192000000000     538164.146693015820
          0.193000000000     536938.761155087384
          0.194000000000     535738.606982470723
          0.195000000000     534546.353283377481
          0.196000000000     533345.893885166268
          0.197000000000     532122.360454155598
          0.198000000000     530862.128061901429
          0.199000000000     529552.813436026103
          0.200000000000     528183.266183932312
          0.201000000000     526743.553322948515
          0.202000000000     525224.937490225304
          0.203000000000     523619.849240462296
          0.204000000000     521921.853868815000
          0.205000000000     520125.613220723812
          0.206000000000     518226.842969455465
          0.207000000000     516222.265856532787
          0.208000000000     514109.561399616359
          0.209000000000     511887.312577365316
          0.210000000000     509554.950001253397
          0.211000000000     507112.694080705987
          0.212000000000     504561.495680313499
          0.213000000000     501902.975756726693
          0.214000000000     499139.364448158769
          0.215000000000     496273.440071818884
          0.216000000000     493308.468464074074
          0.217000000000     490248.143075192347
          0.218000000000     487096.526205340109
          0.219000000000     483857.991741494683
          0.220000000000     480537.169726271415
          0.221000000000     477138.893059796013
          0.222000000000     473668.146604843962
          0.223000000000     470130.018933925137
          0.224000000000     466529.656924959912
          0.225000000000     462872.223380105745
          0.226000000000     459162.857810248504
          0.227000000000     455406.640496049600
          0.228000000000     451608.559905349859
          0.229000000000     447773.483516508248
          0.230000000000     443906.132068000035
          0.231000000000     440011.057226547913
          0.232000000000     436092.622639365494
          0.233000000000     432154.988310901448
          0.234000000000     428202.098220914253
          0.235000000000     424237.671078880900
          0.236000000000     420265.194089771656
          0.237000000000     416287.919588143530
          0.238000000000     412308.864381404244
          0.239000000000     408330.811628983472
          0.240000000000     404356.315072092402
          0.241000000000     400387.705418698781
          0.242000000000     396427.098680317868
          0.243000000000     392476.406251216948
          0.244000000000     388537.346516529855
          0.245000000000     384611.457773673988
          0.246000000000     380700.112251061713
          0.247000000000     376804.531009617436
          0.248000000000     372925.799515678547
          0.249000000000     369064.883678583428
          0.250000000000     365222.646152414789
          0.251000000000     361399.862708934466
          0.252000000000     357597.238497520448
          0.253000000000     353815.424017853220
          0.254000000000     350055.030642041995
          0.255000000000     346316.645534686453
          0.256000000000     342600.845831921266
          0.257000000000     338908.211953708902
          0.258000000000     335239.339937272307
          0.259000000000     331594.852693654248
          0.260000000000     327975.410103622533
          0.261000000000     324381.717883587000
          0.262000000000     320814.535166556016
          0.263000000000     317274.680757480790
          0.264000000000     313763.038036387181
          0.265000000000     310280.558496459678
          0.266000000000     306828.263917566917
          0.267000000000     303407.247188531735
          0.268000000000     300018.671803736011
          0.269000000000     296663.770071167673
          0.270000000000     293343.840079918911
          0.271000000000     290060.241485205886
          0.272000000000     286814.390178190544
          0.273000000000     283607.751916272216
          0.274000000000     280441.834996954596
          0.275000000000     277318.182064907043
          0.276000000000     274238.361147391435
          0.277000000000     271203.956017842400
          0.278000000000     268216.555991001427
          0.279000000000     265277.745255676738
          0.280000000000     262389.091852946673
          0.281000000000     259552.136408380640
          0.282000000000     256768.380726771284
          0.283000000000     254039.276356857183
          0.284000000000     251366.213231710164
          0.285000000000     248750.508487821149
          0.286000000000     246193.395562552381
          0.287000000000     243696.013665530627
          0.288000000000     241259.397714839695
          0.289000000000     238884.468823531381
          0.290000000000     236572.025416123826
          0.291000000000     234322.735048402654
          0.292000000000     232137.126997106767
          0.293000000000     230015.585678952484
          0.294000000000     227958.344951071806
          0.295000000000     225965.483337314334
          0.296000000000     224036.920217072475
          0.297000000000     222172.413005412120
          0.298000000000     220371.555345358618
          0.299000000000     218633.776325275685
          0.300000000000     216958.340726449911
