          0.001000000000  146504103.905272871256
          0.002000000000  146355716.104846864939
          0.003000000000  146108733.349260419607
          0.004000000000  145763649.878516197205
          0.005000000000  145321155.378436207771
          0.006000000000  144782132.742551028728
          0.007000000000  144147655.211699008942
          0.008000000000  143418982.904061883688
          0.009000000000  142597558.751089990139
          0.010000000000  141685003.857296645641
          0.011000000000  140683112.304479092360
          0.012000000000  139593845.423226207495
          0.013000000000  138419325.556867271662
          0.014000000000  137161829.345126867294
          0.015000000000  135823780.556680083275
          0.016000000000  134407742.501629948616
          0.017000000000  132916410.056533575058
          0.018000000000  131352601.336068660021
          0.019000000000  129719249.046675279737
          0.020000000000  128019391.558598518372
          0.021000000000  126256163.733613714576
          0.022000000000  124432787.546414613724
          0.023000000000  122552562.538106188178
          0.024000000000  120618856.140534982085
          0.025000000000  118635093.910253524780
          0.026000000000  116604749.710821747780
          0.027000000000  114531335.881808519363
          0.028000000000  112418393.432371303439
          0.029000000000  110269482.296608507633
          0.030000000000  108088171.687003150582
          0.031000000000  105878030.581255972385
          0.032000000000  103642618.376610860229
          0.033000000000  101385475.744428664446
          0.034000000000   99110115.716279178858
          0.035000000000   96820015.031214833260
          0.036000000000   94518605.772138401866
          0.037000000000   92209267.317360430956
          0.038000000000   89895318.631486222148
          0.039000000000   87580010.917772606015
          0.040000000000   85266520.652005746961
          0.041000000000   82957943.015817746520
          0.042000000000   80657285.745181083679
          0.043000000000   78367463.407617837191
          0.044000000000   76091292.119437932968
          0.045000000000   73831484.712103545666
          0.046000000000   71590646.354603782296
          0.047000000000   69371270.636542618275
          0.048000000000   67175736.114485085011
          0.049000000000   65006303.322014711797
          0.050000000000   62865112.241892769933
          0.051000000000   60754180.236741214991
          0.052000000000   58675400.432765312493
          0.053000000000   56630540.549208790064
          0.054000000000   54621242.164515048265
          0.055000000000   52649020.408535823226
          0.056000000000   50715264.068610876799
          0.057000000000   48821236.095929622650
          0.058000000000   46968074.497293896973
          0.059000000000   45156793.596220113337
          0.060000000000   43388285.646264068782
          0.061000000000   41663322.778521217406
          0.062000000000   39982559.264440529048
          0.063000000000   38346534.074405848980
          0.064000000000   36755673.711976215243
          0.065000000000   35210295.303228549659
          0.066000000000   33710609.920327417552
          0.067000000000   32256726.118233636022
          0.068000000000   30848653.663370918483
          0.069000000000   29486307.433077652007
          0.070000000000   28169511.464789811522
          0.071000000000   26898003.134111598134
          0.072000000000   25671437.441239066422
          0.073000000000   24489391.385592438281
          0.074000000000   23351368.408987939358
          0.075000000000   22256802.888228647411
          0.076000000000   21205064.658606417477
          0.077000000000   20195463.550486218184
          0.078000000000   19227253.921871934086
          0.079000000000   18299639.170633297414
          0.080000000000   17411776.210888303816
          0.081000000000   16562779.898891229182
          0.082000000000   15751727.394652539864
          0.083000000000   14977662.446420188993
          0.084000000000   14239599.586066782475
          0.085000000000   13536528.224349526688
          0.086000000000   12867416.635941846296
          0.087000000000   12231215.825058661401
          0.088000000000   11626863.263418897986
          0.089000000000   11053286.493196373805
          0.090000000000   10509406.588503392413
          0.091000000000    9994141.469825364649
          0.092000000000    9506409.066674591973
          0.093000000000    9045130.324557470158
          0.094000000000    8609232.053144488484
          0.095000000000    8197649.613299132325
          0.096000000000    7809329.441353082657
          0.097000000000    7443231.409714437090
          0.098000000000    7098331.023557383567
          0.099000000000    6773621.453968224116
          0.100000000000    6468115.408511245623
          0.101000000000    6180846.840728800744
          0.102000000000    5910872.500604639761
          0.103000000000    5657273.328495006077
          0.104000000000    5419155.695472024381
          0.105000000000    5195652.493427178822
          0.106000000000    4985924.078650194220
          0.107000000000    4789159.072932330891
          0.108000000000    4604575.026542593725
          0.109000000000    4431418.947693197057
          0.110000000000    4268967.703347243369
          0.111000000000    4116528.296428612899
          0.112000000000    3973438.024672537111
          0.113000000000    3839064.526507635135
          0.114000000000    3712805.719485847279
          0.115000000000    3594089.636879448313
          0.116000000000    3482374.168143145740
          0.117000000000    3377146.708997574169
          0.118000000000    3277923.726927769370
          0.119000000000    3184250.247908869293
          0.120000000000    3095699.270172090270
          0.121000000000    3011871.110807660967
          0.122000000000    2932392.690969531890
          0.123000000000    2856916.765399579890
          0.124000000000    2785121.101928140037
          0.125000000000    2716707.616533305030
          0.126000000000    2651401.469454512931
          0.127000000000    2588950.127756998409
          0.128000000000    2529122.399633597583
          0.129000000000    2471707.445609048009
          0.130000000000    2416513.771680797450
          0.131000000000    2363368.209288724698
          0.132000000000    2312114.886855483521
          0.133000000000    2262614.197479382157
          0.134000000000    2214741.767192894593
          0.135000000000    2168387.428023211658
          0.136000000000    2123454.199906497728
          0.137000000000    2079857.285314789508
          0.138000000000    2037523.080255588982
          0.139000000000    1996388.205097652273
          0.140000000000    1956398.558464406291
          0.141000000000    1917508.397218347760
          0.142000000000    1879679.445336668752
          0.143000000000    1842880.034250607016
          0.144000000000    1807084.276989457430
          0.145000000000    1772271.278235275298
          0.146000000000    1738424.382156809326
          0.147000000000    1705530.459652215242
          0.148000000000    1673579.236389792059
          0.149000000000    1642562.662795895711
          0.150000000000    1612474.326899638399
          0.151000000000    1583308.910706310766
          0.152000000000    1555061.690536304144
          0.153000000000    1527728.081534748664
          0.154000000000    1501303.226330250036
          0.155000000000    1475781.627599416533
          0.156000000000    1451156.824079204816
          0.157000000000    1427421.109361461597
          0.158000000000    1404565.292604936520
          0.159000000000    1382578.500110316789
          0.160000000000    1361448.016524178674
          0.161000000000    1341159.164269081317
          0.162000000000    1321695.219640139025
          0.163000000000    1303037.363864034880
          0.164000000000    1285164.667285091244
          0.165000000000    1268054.104725328740
          0.166000000000    1251680.599962026812
          0.167000000000    1236017.097177292220
          0.168000000000    1221034.657160025556
          0.169000000000    1206702.575981659815
          0.170000000000    1192988.523823201191
          0.171000000000    1179858.701602304820
          0.172000000000    1167278.013035682729
          0.173000000000    1155210.249773259275
          0.174000000000    1143618.287256693235
          0.175000000000    1132464.288984745508
          0.176000000000    1121709.916912261629
          0.177000000000    1111316.545766353142
          0.178000000000    1101245.479133340297
          0.179000000000    1091458.165251303697
          0.180000000000    1081916.410535694566
          0.181000000000    1072582.588968096999
          0.182000000000    1063419.845590055687
          0.183000000000    1054392.292463885387
          0.184000000000    1045465.195589692914
          0.185000000000    1036605.151401219773
          0.186000000000    1027780.251601357479
          0.187000000000    1018960.235240739072
          0.188000000000    1010116.627087795525
          0.189000000000    1001222.861485621310
          0.190000000000     992254.391038386384
          0.191000000000     983188.779617172549
          0.192000000000     974005.779320411384
          0.193000000000     964687.391167221824
          0.194000000000     955217.909441280062
          0.195000000000     945583.949737881892
          0.196000000000     935774.460896590026
          0.197000000000     925780.721125418204
          0.198000000000     915596.318739349721
          0.199000000000     905217.118045195239
          0.200000000000     894641.211006056634
          0.201000000000     883868.855411257595
          0.202000000000     872902.400361215346
          0.203000000000     861746.199951011688
          0.204000000000     850406.516101087211
          0.205000000000     838891.411538353073
          0.206000000000     827210.633976045996
          0.207000000000     815375.492575825192
          0.208000000000     803398.727800930967
          0.209000000000     791294.375784874544
          0.210000000000     779077.628346505924
          0.211000000000     766764.689779188717
          0.212000000000     754372.631530329236
          0.213000000000     741919.245867232443
          0.214000000000     729422.899597328505
          0.215000000000     716902.388875317993
          0.216000000000     704376.796087526018
          0.217000000000     691865.349755124771
          0.218000000000     679387.288343697437
          0.219000000000     666961.728807359352
          0.220000000000     654607.540632075397
          0.221000000000     642343.226075528655
          0.222000000000     630186.807230676524
          0.223000000000     618155.720467477338
          0.224000000000     606266.718733089045
          0.225000000000     594535.782115580980
          0.226000000000     582978.037000552984
          0.227000000000     571607.684074779972
          0.228000000000     560437.935356487404
          0.229000000000     549480.960358705837
          0.230000000000     538747.841421157937
          0.231000000000     528248.538177225972
          0.232000000000     517991.861056889582
          0.233000000000     507985.453663833090
          0.234000000000     498235.783806084655
          0.235000000000     488748.142904607579
          0.236000000000     479526.653453588253
          0.237000000000     470574.284159924951
          0.238000000000     461892.872347910132
          0.239000000000     453483.153178301058
          0.240000000000     445344.795199139335
          0.241000000000     437476.441718691203
          0.242000000000     429875.757468941156
          0.243000000000     422539.480010919040
          0.244000000000     415463.475320913421
          0.245000000000     408642.796989114082
          0.246000000000     402071.748459217779
          0.247000000000     395743.947739063413
          0.248000000000     389652.394018021645
          0.249000000000     383789.535636521876
          0.250000000000     378147.338866555248
          0.251000000000     372717.356978857249
          0.252000000000     367490.799092611356
          0.253000000000     362458.598326473380
          0.254000000000     357611.478795397794
          0.255000000000     352940.021025574708
          0.256000000000     348434.725389762782
          0.257000000000     344086.073196785583
          0.258000000000     339884.585101945326
          0.259000000000     335820.876539008692
          0.260000000000     331885.709909191239
          0.261000000000     328070.043297659431
          0.262000000000     324365.075523466861
          0.263000000000     320762.287363993295
          0.264000000000     317253.478829860745
          0.265000000000     313830.802400526823
          0.266000000000     310486.792164165352
          0.267000000000     307214.388837817183
          0.268000000000     304006.960674915521
          0.269000000000     300858.320297007158
          0.270000000000     297762.737514602544
          0.271000000000     294714.948228562309
          0.272000000000     291710.159527993179
          0.273000000000     288744.051123333920
          0.274000000000     285812.773273954925
          0.275000000000     282912.941388239036
          0.276000000000     280041.627490582643
          0.277000000000     277196.348764093535
          0.278000000000     274375.053390034591
          0.279000000000     271576.103915044223
          0.280000000000     268798.258385186025
          0.281000000000     266040.649491670134
          0.282000000000     263302.761976990441
          0.283000000000     260584.408551970730
          0.284000000000     257885.704574250529
          0.285000000000     255207.041736790561
          0.286000000000     252549.061011399899
          0.287000000000     249912.625087049615
          0.288000000000     247298.790535947162
          0.289000000000     244708.779932205187
          0.290000000000     242143.954138440022
          0.291000000000     239605.784965019848
          0.292000000000     237095.828394977580
          0.293000000000     234615.698555018258
          0.294000000000     232167.042599631037
          0.295000000000     229751.516661286179
          0.296000000000     227370.763005061599
          0.297000000000     225026.388511080790
          0.298000000000     222719.944592815009
          0.299000000000     220452.908643866918
          0.300000000000     218226.667090338538
