          0.001000000000  147110958.250782668591
          0.002000000000  146960659.328436821699
          0.003000000000  146710491.158904373646
          0.004000000000  146360947.724620580673
          0.005000000000  145912718.467151701450
          0.006000000000  145366686.163624107838
          0.007000000000  144723924.211040884256
          0.008000000000  143985693.329358965158
          0.009000000000  143153437.696492940187
          0.010000000000  142228780.530697345734
          0.011000000000  141213519.137889683247
          0.012000000000  140109619.443626374006
          0.013000000000  138919210.031399488449
          0.014000000000  137644575.710826933384
          0.015000000000  136288150.641089916229
          0.016000000000  134852511.036631017923
          0.017000000000  133340367.483644738793
          0.018000000000  131754556.897327899933
          0.019000000000  130098034.151063889265
          0.020000000000  128373863.409883454442
          0.021000000000  126585209.201459109783
          0.022000000000  124735327.258740365505
          0.023000000000  122827555.168961256742
          0.024000000000  120865302.864265173674
          0.025000000000  118852042.989522069693
          0.026000000000  116791301.183076366782
          0.027000000000  114686646.306204944849
          0.028000000000  112541680.656893014908
          0.029000000000  110360030.203251391649
          0.030000000000  108145334.871451854706
          0.031000000000  105901238.922423571348
          0.032000000000  103631381.450843885541
          0.033000000000  101339387.039035633206
          0.034000000000   99028856.597367316484
          0.035000000000   96703358.421607941389
          0.036000000000   94366419.496390059590
          0.037000000000   92021517.072577029467
          0.038000000000   89672070.544798508286
          0.039000000000   87321433.653851374984
          0.040000000000   84972887.036974772811
          0.041000000000   82629631.147232756019
          0.042000000000   80294779.561428219080
          0.043000000000   77971352.694062009454
          0.044000000000   75662271.932919099927
          0.045000000000   73370354.209878131747
          0.046000000000   71098307.018531933427
          0.047000000000   68848723.888171494007
          0.048000000000   66624080.321646980941
          0.049000000000   64426730.202583223581
          0.050000000000   62258902.675389222801
          0.051000000000   60122699.499501042068
          0.052000000000   58020092.877309083939
          0.053000000000   55952923.753286816180
          0.054000000000   53922900.579940341413
          0.055000000000   51931598.544362291694
          0.056000000000   49980459.247398927808
          0.057000000000   48070790.825738959014
          0.058000000000   46203768.505605816841
          0.059000000000   44380435.575198724866
          0.060000000000   42601704.761579014361
          0.061000000000   40868359.996344015002
          0.062000000000   39181058.553181566298
          0.063000000000   37540333.539250880480
          0.064000000000   35946596.721295416355
          0.065000000000   34400141.666467659175
          0.066000000000   32901147.177031848580
          0.067000000000   31449680.997408568859
          0.068000000000   30045703.771445039660
          0.069000000000   28689073.227324754000
          0.070000000000   27379548.567178685218
          0.071000000000   26116795.038223244250
          0.072000000000   24900388.662124503404
          0.073000000000   23729821.099277772009
          0.074000000000   22604504.624783594161
          0.075000000000   21523777.193103589118
          0.076000000000   20486907.568681698292
          0.077000000000   19493100.500214792788
          0.078000000000   18541501.916751038283
          0.079000000000   17631204.124373860657
          0.080000000000   16761250.982893500477
          0.081000000000   15930643.042711060494
          0.082000000000   15138342.622829642147
          0.083000000000   14383278.811867550015
          0.084000000000   13664352.374867608771
          0.085000000000   12980440.549682546407
          0.086000000000   12330401.717758610845
          0.087000000000   11713079.935212003067
          0.088000000000   11127309.311206240207
          0.089000000000   10571918.221771769226
          0.090000000000   10045733.348368143663
          0.091000000000    9547583.531658509746
          0.092000000000    9076303.432142574340
          0.093000000000    8630736.990473883227
          0.094000000000    8209740.681459568441
          0.095000000000    7812186.556902492419
          0.096000000000    7436965.073592865840
          0.097000000000    7082987.703878569417
          0.098000000000    6749189.327341078781
          0.099000000000    6434530.403168793768
          0.100000000000    6137998.923848236911
          0.101000000000    5858612.151782407425
          0.102000000000    5595418.141389830038
          0.103000000000    5347497.050135188736
          0.104000000000    5113962.242788673379
          0.105000000000    4893961.194005076773
          0.106000000000    4686676.195051312447
          0.107000000000    4491324.871191786602
          0.108000000000    4307160.516863323748
          0.109000000000    4133472.256332930643
          0.110000000000    3969585.038032704964
          0.111000000000    3814859.471206806600
          0.112000000000    3668691.513883445878
          0.113000000000    3530512.021503098309
          0.114000000000    3399786.165791441686
          0.115000000000    3276012.733663449995
          0.116000000000    3158723.316084874328
          0.117000000000    3047481.396900305059
          0.118000000000    2941881.351664946415
          0.119000000000    2841547.366492209490
          0.120000000000    2746132.286853435915
          0.121000000000    2655316.406141635496
          0.122000000000    2568806.203641251195
          0.123000000000    2486333.041332738940
          0.124000000000    2407651.828707335982
          0.125000000000    2332539.664477014914
          0.126000000000    2260794.463740131352
          0.127000000000    2192233.578807223588
          0.128000000000    2126692.421508846339
          0.129000000000    2064023.094398831017
          0.130000000000    2004093.037837962154
          0.131000000000    1946783.699495512992
          0.132000000000    1891989.232344577555
          0.133000000000    1839615.226753459545
          0.134000000000    1789577.481793507002
          0.135000000000    1741800.820396058029
          0.136000000000    1696217.952501271619
          0.137000000000    1652768.389851483749
          0.138000000000    1611397.415595015744
          0.139000000000    1572055.111384731485
          0.140000000000    1534695.444182307227
          0.141000000000    1499275.414515902288
          0.142000000000    1465754.267488093814
          0.143000000000    1434092.767394389724
          0.144000000000    1404252.536392428679
          0.145000000000    1376195.457259326940
          0.146000000000    1349883.139891532017
          0.147000000000    1325276.450838717399
          0.148000000000    1302335.104822381865
          0.149000000000    1281017.316871484043
          0.150000000000    1261279.513412420871
          0.151000000000    1243076.100379871670
          0.152000000000    1226359.286168634892
          0.153000000000    1211078.957024871139
          0.154000000000    1197182.602278562728
          0.155000000000    1184615.286647045752
          0.156000000000    1173319.666692517232
          0.157000000000    1163236.048393658129
          0.158000000000    1154302.482693017693
          0.159000000000    1146454.895806607557
          0.160000000000    1139627.251029949402
          0.161000000000    1133751.738744657021
          0.162000000000    1128758.991320732981
          0.163000000000    1124578.319621240487
          0.164000000000    1121137.967846781714
          0.165000000000    1118365.383506225189
          0.166000000000    1116187.499366502743
          0.167000000000    1114531.024316246621
          0.168000000000    1113322.740175235551
          0.169000000000    1112489.801591960480
          0.170000000000    1111960.036294469610
          0.171000000000    1111662.243093368132
          0.172000000000    1111526.485179337207
          0.173000000000    1111484.376409449847
          0.174000000000    1111469.358435630333
          0.175000000000    1111416.966693556635
          0.176000000000    1111265.083440023474
          0.177000000000    1110954.176199776120
          0.178000000000    1110427.520158401225
          0.179000000000    1109631.403214353835
          0.180000000000    1108515.312579816207
          0.181000000000    1107032.101995888865
          0.182000000000    1105138.138801221969
          0.183000000000    1102793.430264113704
          0.184000000000    1099961.728755098768
          0.185000000000    1096610.615499499487
          0.186000000000    1092711.562806539237
          0.187000000000    1088239.974822617834
          0.188000000000    1083175.207000703551
          0.189000000000    1077500.564614896895
          0.190000000000    1071203.280778499087
          0.191000000000    1064274.474545144476
          0.192000000000    1056709.089785004500
          0.193000000000    1048505.815631814767
          0.194000000000    1039666.989390997565
          0.195000000000    1030198.482884393656
          0.196000000000    1020109.573282904574
          0.197000000000    1009412.799544634065
          0.198000000000     998123.805632902891
          0.199000000000     986261.171735754935
          0.200000000000     973846.234746579546
          0.201000000000     960902.899294047384
          0.202000000000     947457.440629293793
          0.203000000000     933538.300689019379
          0.204000000000     919175.878655513749
          0.205000000000     904402.317328671110
          0.206000000000     889251.286611166666
          0.207000000000     873757.765386744635
          0.208000000000     857957.823043048382
          0.209000000000     841888.401855358155
          0.210000000000     825587.101406289148
          0.211000000000     809091.966169460095
          0.212000000000     792441.277332729078
          0.213000000000     775673.349879652495
          0.214000000000     758826.335886301473
          0.215000000000     741938.034925640211
          0.216000000000     725045.712403210811
          0.217000000000     708185.926576936035
          0.218000000000     691394.364940580330
          0.219000000000     674705.690575444838
          0.220000000000     658153.398998856894
          0.221000000000     641769.685961086652
          0.222000000000     625585.326565405237
          0.223000000000     609629.566009103553
          0.224000000000     593930.022167295218
          0.225000000000     578512.600166243152
          0.226000000000     563401.419019598514
          0.227000000000     548618.750329324161
          0.228000000000     534184.968983832630
          0.229000000000     520118.515719246410
          0.230000000000     506435.871345903084
          0.231000000000     493151.542381772888
          0.232000000000     480278.057777353621
          0.233000000000     467825.976363298658
          0.234000000000     455803.904602556839
          0.235000000000     444218.524183434842
          0.236000000000     433074.628948803176
          0.237000000000     422375.170619853656
          0.238000000000     412121.312740356778
          0.239000000000     402312.492239414598
          0.240000000000     392946.487987220928
          0.241000000000     384019.495699384250
          0.242000000000     375526.208530826087
          0.243000000000     367459.902690191637
          0.244000000000     359812.527399946877
          0.245000000000     352574.798525793711
          0.246000000000     345736.295201635163
          0.247000000000     339285.558782864769
          0.248000000000     333210.193471092149
          0.249000000000     327496.967967403296
          0.250000000000     322131.917528611608
          0.251000000000     317100.445821534551
          0.252000000000     312387.425993911107
          0.253000000000     307977.300406804599
          0.254000000000     303854.178502153547
          0.255000000000     300001.932310065487
          0.256000000000     296404.289133431448
          0.257000000000     293044.920982028416
          0.258000000000     289907.530364360777
          0.259000000000     286975.932082645944
          0.260000000000     284234.130714441766
          0.261000000000     281666.393503047817
          0.262000000000     279257.318417850009
          0.263000000000     276991.897184822184
          0.264000000000     274855.573126351461
          0.265000000000     272834.293688005826
          0.266000000000     270914.557567744516
          0.267000000000     269083.456400029710
          0.268000000000     267328.710983193305
          0.269000000000     265638.702073057240
          0.270000000000     264002.495798946533
          0.271000000000     262409.863789791358
          0.272000000000     260851.298127801449
          0.273000000000     259318.021275034145
          0.274000000000     257801.991144057392
          0.275000000000     256295.901507605478
          0.276000000000     254793.177963665104
          0.277000000000     253287.969691681472
          0.278000000000     251775.137252498535
          0.279000000000     250250.236699258181
          0.280000000000     248709.500278711872
          0.281000000000     247149.814012278715
          0.282000000000     245568.692453736992
          0.283000000000     243964.250925678731
          0.284000000000     242335.175539860065
          0.285000000000     240680.691307395027
          0.286000000000     239000.528643438272
          0.287000000000     237294.888567703951
          0.288000000000     235564.406896905479
          0.289000000000     233810.117718194379
          0.290000000000     232033.416423907649
          0.291000000000     230236.022577666794
          0.292000000000     228419.942870122206
          0.293000000000     226587.434409631795
          0.294000000000     224740.968579004199
          0.295000000000     222883.195674260845
          0.296000000000     221016.910525373940
          0.297000000000     219145.019282192603
          0.298000000000     217270.507531539071
          0.299000000000     215396.409893738804
          0.300000000000     213525.781228943204
