          0.001000000000  147690965.611166566610
          0.002000000000  147539475.415252804756
          0.003000000000  147287338.500446021557
          0.004000000000  146935073.752217084169
          0.005000000000  146483405.151910066605
          0.006000000000  145933259.332128494978
          0.007000000000  145285762.453156381845
          0.008000000000  144542236.414876043797
          0.009000000000  143704194.421669989824
          0.010000000000  142773335.920781105757
          0.011000000000  141751540.937377512455
          0.012000000000  140640863.832281440496
          0.013000000000  139443526.510870218277
          0.014000000000  138161911.114014565945
          0.015000000000  136798552.224130392075
          0.016000000000  135356128.621430754662
          0.017000000000  133837454.627292916179
          0.018000000000  132245471.073227256536
          0.019000000000  130583235.935379683971
          0.020000000000  128853914.675616338849
          0.021000000000  127060770.331227436662
          0.022000000000  125207153.395970821381
          0.023000000000  123296491.535672649741
          0.024000000000  121332279.181853637099
          0.025000000000  119318067.046861246228
          0.026000000000  117257451.603776097298
          0.027000000000  115154064.573945492506
          0.028000000000  113011562.464304208755
          0.029000000000  110833616.195819824934
          0.030000000000  108623900.863289594650
          0.031000000000  106386085.665473684669
          0.032000000000  104123824.043072625995
          0.033000000000  101840744.060444578528
          0.034000000000   99540439.065169766545
          0.035000000000   97226458.657602548599
          0.036000000000   94902300.000514686108
          0.037000000000   92571399.496706053615
          0.038000000000   90237124.860181063414
          0.039000000000   87902767.604081377387
          0.040000000000   85571535.966114193201
          0.041000000000   83246548.289679110050
          0.042000000000   80930826.876350715756
          0.043000000000   78627292.322761997581
          0.044000000000   76338758.352350890636
          0.045000000000   74067927.149825677276
          0.046000000000   71817385.203638762236
          0.047000000000   69589599.659218683839
          0.048000000000   67386915.183219611645
          0.049000000000   65211551.336629778147
          0.050000000000   63065600.452227190137
          0.051000000000   60951026.009619034827
          0.052000000000   58869661.498942226171
          0.053000000000   56823209.762251950800
          0.054000000000   54813242.799704745412
          0.055000000000   52841202.025838308036
          0.056000000000   50908398.959590286016
          0.057000000000   49016016.330177396536
          0.058000000000   47165109.579578407109
          0.059000000000   45356608.741143435240
          0.060000000000   43591320.672781631351
          0.061000000000   41869931.622259333730
          0.062000000000   40193010.101389087737
          0.063000000000   38561010.045277863741
          0.064000000000   36974274.232355661690
          0.065000000000   35433037.940608032048
          0.066000000000   33937432.815279886127
          0.067000000000   32487490.923315811902
          0.068000000000   31083148.969926524907
          0.069000000000   29724252.652937684208
          0.070000000000   28410561.130965892226
          0.071000000000   27141751.581969074905
          0.072000000000   25917423.829339094460
          0.073000000000   24737105.013424102217
          0.074000000000   23600254.287176478654
          0.075000000000   22506267.515523612499
          0.076000000000   21454481.959026589990
          0.077000000000   20444180.923430077732
          0.078000000000   19474598.357799615711
          0.079000000000   18544923.385081343353
          0.080000000000   17654304.750091202557
          0.081000000000   16801855.171148676425
          0.082000000000   15986655.582784119993
          0.083000000000   15207759.258182963356
          0.084000000000   14464195.801255127415
          0.085000000000   13754974.999443564564
          0.086000000000   13079090.529587110505
          0.087000000000   12435523.510339390486
          0.088000000000   11823245.895794581622
          0.089000000000   11241223.706089420244
          0.090000000000   10688420.091823767871
          0.091000000000   10163798.230169482529
          0.092000000000    9666324.051513453946
          0.093000000000    9194968.796399971470
          0.094000000000    8748711.403399437666
          0.095000000000    8326540.729331350885
          0.096000000000    7927457.604004972614
          0.097000000000    7550476.722315067425
          0.098000000000    7194628.377135584131
          0.099000000000    6858960.036996953189
          0.100000000000    6542537.773007534444
          0.101000000000    6244447.539892319590
          0.102000000000    5963796.316370491870
          0.103000000000    5699713.110380762257
          0.104000000000    5451349.834892272018
          0.105000000000    5217882.060210633092
          0.106000000000    4998509.648807222955
          0.107000000000    4792457.278768664226
          0.108000000000    4598974.861983834766
          0.109000000000    4417337.863165029325
          0.110000000000    4246847.525737644173
          0.111000000000    4086831.010536726564
          0.112000000000    3936641.453119636979
          0.113000000000    3795657.945348668378
          0.114000000000    3663285.446717323735
          0.115000000000    3538954.630694782827
          0.116000000000    3422121.671147926245
          0.117000000000    3312267.973672345281
          0.118000000000    3208899.856428024359
          0.119000000000    3111548.184833495878
          0.120000000000    3019767.964228795376
          0.121000000000    2933137.894374347292
          0.122000000000    2851259.889413469937
          0.123000000000    2773758.566692501772
          0.124000000000    2700280.707606497686
          0.125000000000    2630494.693422760349
          0.126000000000    2564089.918829806149
          0.127000000000    2500776.185767342336
          0.128000000000    2440283.079915081151
          0.129000000000    2382359.332053957041
          0.130000000000    2326772.166365063284
          0.131000000000    2273306.637597594410
          0.132000000000    2221764.958918684628
          0.133000000000    2171965.822154267225
          0.134000000000    2123743.712040663697
          0.135000000000    2076948.216030950425
          0.136000000000    2031443.331137178466
          0.137000000000    1987106.769238798646
          0.138000000000    1943829.262246835511
          0.139000000000    1901513.868483161787
          0.140000000000    1860075.281610981794
          0.141000000000    1819439.143437181832
          0.142000000000    1779541.361896549352
          0.143000000000    1740327.435521254782
          0.144000000000    1701751.785695086466
          0.145000000000    1663777.097988733090
          0.146000000000    1626373.673869488295
          0.147000000000    1589518.794073588680
          0.148000000000    1553196.094922220567
          0.149000000000    1517394.958850391675
          0.150000000000    1482109.920401719166
          0.151000000000    1447340.088919841684
          0.152000000000    1413088.589138316689
          0.153000000000    1379362.020834922791
          0.154000000000    1346169.938672408229
          0.155000000000    1313524.353295869660
          0.156000000000    1281439.254696901888
          0.157000000000    1249930.158786041429
          0.158000000000    1219013.678038449958
          0.159000000000    1188707.116992805619
          0.160000000000    1159028.093291137600
          0.161000000000    1129994.184847558150
          0.162000000000    1101622.603627605597
          0.163000000000    1073929.896407888737
          0.164000000000    1046931.672768443823
          0.165000000000    1020642.360448846826
          0.166000000000     995074.988074556575
          0.167000000000     970240.995133121032
          0.168000000000     946150.068951981259
          0.169000000000     922810.008301638998
          0.170000000000     900226.613121050643
          0.171000000000     878403.599737529177
          0.172000000000     857342.540831955965
          0.173000000000     837042.829283251660
          0.174000000000     817501.664914545137
          0.175000000000     798714.063058323693
          0.176000000000     780672.883760278230
          0.177000000000     763368.880352027831
          0.178000000000     746790.766042565927
          0.179000000000     730925.297107530059
          0.180000000000     715757.371195071493
          0.181000000000     701270.139217548887
          0.182000000000     687445.129259927548
          0.183000000000     674262.380908934749
          0.184000000000     661700.588391813915
          0.185000000000     649737.250910055707
          0.186000000000     638348.828561625443
          0.187000000000     627510.902264842298
          0.188000000000     617198.336127931951
          0.189000000000     607385.440749886213
          0.190000000000     598046.135990250274
          0.191000000000     589154.111807252397
          0.192000000000     580682.985834428691
          0.193000000000     572606.456445227261
          0.194000000000     564898.450141735142
          0.195000000000     557533.262197191478
          0.196000000000     550485.689581161831
          0.197000000000     543731.155300303712
          0.198000000000     537245.823395590065
          0.199000000000     531006.703947528498
          0.200000000000     524991.747553532710
          0.201000000000     519179.928854932310
          0.202000000000     513551.318804301496
          0.203000000000     508087.145475814352
          0.204000000000     502769.843331214332
          0.205000000000     497583.090960888600
          0.206000000000     492511.837422524230
          0.207000000000     487542.317398166168
          0.208000000000     482662.055483331322
          0.209000000000     477859.860008697957
          0.210000000000     473125.806874890521
          0.211000000000     468451.213953805156
          0.212000000000     463828.606675057323
          0.213000000000     459251.675473325828
          0.214000000000     454715.225821216358
          0.215000000000     450215.121612640156
          0.216000000000     445748.222693484335
          0.217000000000     441312.317359532462
          0.218000000000     436906.050656215288
          0.219000000000     432528.849321031070
          0.220000000000     428180.844207493414
          0.221000000000     423862.791019705357
          0.222000000000     419575.990169234807
          0.223000000000     415322.206541597901
          0.224000000000     411103.589928530331
          0.225000000000     406922.596845103719
          0.226000000000     402781.914408016135
          0.227000000000     398684.386903826380
          0.228000000000     394632.945623973617
          0.229000000000     390630.542487916013
          0.230000000000     386680.087917258206
          0.231000000000     382784.393362979870
          0.232000000000     378946.118825510668
          0.233000000000     375167.725644158025
          0.234000000000     371451.434768786596
          0.235000000000     367799.190663528920
          0.236000000000     364212.630930054875
          0.237000000000     360693.061677348160
          0.238000000000     357241.438606360112
          0.239000000000     353858.353722064465
          0.240000000000     350544.027532577864
          0.241000000000     347298.306545705360
          0.242000000000     344120.665827810764
          0.243000000000     341010.216348615650
          0.244000000000     337965.716798704641
          0.245000000000     334985.589534260507
          0.246000000000     332067.940276206937
          0.247000000000     329210.581168333418
          0.248000000000     326411.056781430903
          0.249000000000     323666.672637765470
          0.250000000000     320974.525822399068
          0.251000000000     318331.537244822015
          0.252000000000     315734.485115872871
          0.253000000000     313180.039210892050
          0.254000000000     310664.795500153152
          0.255000000000     308185.310741643480
          0.256000000000     305738.136648913962
          0.257000000000     303319.853267605300
          0.258000000000     300927.101218136668
          0.259000000000     298556.612488447281
          0.260000000000     296205.239489329688
          0.261000000000     293869.982115305960
          0.262000000000     291548.012585868535
          0.263000000000     289236.697874799138
          0.264000000000     286933.619568813068
          0.265000000000     284636.591030585871
          0.266000000000     282343.671774939576
          0.267000000000     280053.179000241740
          0.268000000000     277763.696249545144
          0.269000000000     275474.079207443050
          0.270000000000     273183.458668626961
          0.271000000000     270891.240742553549
          0.272000000000     268597.104385183949
          0.273000000000     266300.996373220521
          0.274000000000     264003.123858524777
          0.275000000000     261703.944660249457
          0.276000000000     259404.155469591264
          0.277000000000     257104.678156873269
          0.278000000000     254806.644382829574
          0.279000000000     252511.378725526127
          0.280000000000     250220.380541246821
          0.281000000000     247935.304782020219
          0.282000000000     245657.941994244873
          0.283000000000     243390.197722252051
          0.284000000000     241134.071537705837
          0.285000000000     238891.635910569283
          0.286000000000     236665.015130223008
          0.287000000000     234456.364476249699
          0.288000000000     232267.849827668368
          0.289000000000     230101.627887159091
          0.290000000000     227959.827183274727
          0.291000000000     225844.529998981510
          0.292000000000     223757.755359363713
          0.293000000000     221701.443195068510
          0.294000000000     219677.439781400200
          0.295000000000     217687.484535990254
          0.296000000000     215733.198240904225
          0.297000000000     213816.072738123185
          0.298000000000     211937.462130648375
          0.299000000000     210098.575505295419
          0.300000000000     208300.471177635831
