          0.001000000000  147780455.699080109596
          0.002000000000  147642314.016998440027
          0.003000000000  147412351.890860468149
          0.004000000000  147090979.523829191923
          0.005000000000  146678769.577801674604
          0.006000000000  146176455.558191657066
          0.007000000000  145584929.747620373964
          0.008000000000  144905240.696267426014
          0.009000000000  144138590.278265297413
          0.010000000000  143286330.325113654137
          0.011000000000  142349958.848682612181
          0.012000000000  141331115.867838203907
          0.013000000000  140231578.854157507420
          0.014000000000  139053257.813592970371
          0.015000000000  137798190.022208809853
          0.016000000000  136468534.435306996107
          0.017000000000  135066565.790436774492
          0.018000000000  133594668.425725713372
          0.019000000000  132055329.835980668664
          0.020000000000  130451133.989791944623
          0.021000000000  128784754.431617394090
          0.022000000000  127058947.193459108472
          0.023000000000  125276543.541238546371
          0.024000000000  123440442.581412047148
          0.025000000000  121553603.753644108772
          0.026000000000  119619039.235548749566
          0.027000000000  117639806.285600915551
          0.028000000000  115618999.550260588527
          0.029000000000  113559743.361228153110
          0.030000000000  111465184.048494607210
          0.031000000000  109338482.294494614005
          0.032000000000  107182805.554214432836
          0.033000000000  105001320.565544426441
          0.034000000000  102797185.973525315523
          0.035000000000  100573545.091379567981
          0.036000000000   98333518.820400640368
          0.037000000000   96080198.749852389097
          0.038000000000   93816640.457039758563
          0.039000000000   91545857.026659473777
          0.040000000000   89270812.807404667139
          0.041000000000   86994417.422607287765
          0.042000000000   84719520.050475746393
          0.043000000000   82448903.988185957074
          0.044000000000   80185281.512764513493
          0.045000000000   77931289.050339892507
          0.046000000000   75689482.663952246308
          0.047000000000   73462333.868710309267
          0.048000000000   71252225.781657561660
          0.049000000000   69061449.612293735147
          0.050000000000   66892201.498269923031
          0.051000000000   64746579.689357340336
          0.052000000000   62626582.081399783492
          0.053000000000   60534104.100557968020
          0.054000000000   58470936.936819143593
          0.055000000000   56438766.124409630895
          0.056000000000   54439170.465467154980
          0.057000000000   52473621.292089864612
          0.058000000000   50543482.060678958893
          0.059000000000   48650008.271356992424
          0.060000000000   46794347.704161919653
          0.061000000000   44977540.962680734694
          0.062000000000   43200522.314850017428
          0.063000000000   41464120.819735862315
          0.064000000000   39769061.728309214115
          0.065000000000   38115968.145463310182
          0.066000000000   36505362.939866177738
          0.067000000000   34937670.887627817690
          0.068000000000   33413221.035256016999
          0.069000000000   31932249.266920719296
          0.070000000000   30494901.060689058155
          0.071000000000   29101234.418107546866
          0.072000000000   27751222.951290842146
          0.073000000000   26444759.111547831446
          0.074000000000   25181657.543519455940
          0.075000000000   23961658.548805627972
          0.076000000000   22784431.643154568970
          0.077000000000   21649579.191431734711
          0.078000000000   20556640.104809757322
          0.079000000000   19505093.584896262735
          0.080000000000   18494362.899862471968
          0.081000000000   17523819.178027648479
          0.082000000000   16592785.204804863781
          0.083000000000   15700539.209411911666
          0.084000000000   14846318.628291852772
          0.085000000000   14029323.832770319656
          0.086000000000   13248721.809096366167
          0.087000000000   12503649.779663646594
          0.088000000000   11793218.754887875170
          0.089000000000   11116517.005917036906
          0.090000000000   10472613.449073880911
          0.091000000000    9860560.933663753793
          0.092000000000    9279399.425528451800
          0.093000000000    8728159.079478157684
          0.094000000000    8205863.194489587098
          0.095000000000    7711531.046310241334
          0.096000000000    7244180.592857258394
          0.097000000000    6802831.048537503928
          0.098000000000    6386505.324341763742
          0.099000000000    5994232.331276207231
          0.100000000000    5625049.145384845324
          0.101000000000    5278003.033287476748
          0.102000000000    4952153.337801570073
          0.103000000000    4646573.223835571669
          0.104000000000    4360351.285330537707
          0.105000000000    4092593.014585081488
          0.106000000000    3842422.135825393721
          0.107000000000    3608981.805373772047
          0.108000000000    3391435.681226264685
          0.109000000000    3188968.865271159448
          0.110000000000    3000788.721764643211
          0.111000000000    2826125.576026858762
          0.112000000000    2664233.297632154077
          0.113000000000    2514389.772639745381
          0.114000000000    2375897.269646962173
          0.115000000000    2248082.704646591097
          0.116000000000    2130297.809833148494
          0.117000000000    2021919.211631313432
          0.118000000000    1922348.423314122483
          0.119000000000    1831011.757640136871
          0.120000000000    1747360.164968721336
          0.121000000000    1670869.002312599448
          0.122000000000    1601037.738758488558
          0.123000000000    1537389.602631102316
          0.124000000000    1479471.175695779733
          0.125000000000    1426851.939591237810
          0.126000000000    1379123.779559425311
          0.127000000000    1335900.450395041378
          0.128000000000    1296817.009375951719
          0.129000000000    1261529.220758544281
          0.130000000000    1229712.936231907457
          0.131000000000    1201063.455522525124
          0.132000000000    1175294.871129950974
          0.133000000000    1152139.400954712415
          0.134000000000    1131346.712354755262
          0.135000000000    1112683.240937907016
          0.136000000000    1095931.507166467374
          0.137000000000    1080889.433618183248
          0.138000000000    1067369.665516821435
          0.139000000000    1055198.896916821832
          0.140000000000    1044217.204701479175
          0.141000000000    1034277.392334096483
          0.142000000000    1025244.345087453956
          0.143000000000    1016994.398270151461
          0.144000000000    1009414.719769472373
          0.145000000000    1002402.708040451747
          0.146000000000     995865.406490328838
          0.147000000000     989718.935037185089
          0.148000000000     983887.939461752656
          0.149000000000     978305.059022512636
          0.150000000000     972910.412666350836
          0.151000000000     967651.104040759732
          0.152000000000     962480.745398299303
          0.153000000000     957359.000380348880
          0.154000000000     952251.145574428723
          0.155000000000     947127.650657672551
          0.156000000000     941963.776867912849
          0.157000000000     936739.193482927978
          0.158000000000     931437.611937428359
          0.159000000000     926046.437165562063
          0.160000000000     920556.435723908828
          0.161000000000     914961.420225108508
          0.162000000000     909257.949595304788
          0.163000000000     903445.044658374973
          0.164000000000     897523.918546160217
          0.165000000000     891497.721435723593
          0.166000000000     885371.299121483928
          0.167000000000     879150.964941182989
          0.168000000000     872844.284589344985
          0.169000000000     866459.873369659763
          0.170000000000     860007.205457698787
          0.171000000000     853496.434767244384
          0.172000000000     846938.227036373806
          0.173000000000     840343.602773040533
          0.174000000000     833723.790723481798
          0.175000000000     827090.091550034354
          0.176000000000     820453.751427363255
          0.177000000000     813825.845287303091
          0.178000000000     807217.169462177320
          0.179000000000     800638.143494270626
          0.180000000000     794098.720894828904
          0.181000000000     787608.308649393031
          0.182000000000     781175.695277210209
          0.183000000000     774808.987260896363
          0.184000000000     768515.553668271983
          0.185000000000     762301.978791460977
          0.186000000000     756174.022628848907
          0.187000000000     750136.589033486205
          0.188000000000     744193.701347011840
          0.189000000000     738348.485331429052
          0.190000000000     732603.159202046576
          0.191000000000     726959.030554047902
          0.192000000000     721416.499962490867
          0.193000000000     715975.071021359647
          0.194000000000     710633.366571970982
          0.195000000000     705389.150854579289
          0.196000000000     700239.357300067204
          0.197000000000     695180.121661062585
          0.198000000000     690206.820164307137
          0.199000000000     685314.112348646973
          0.200000000000     680495.988236112287
          0.201000000000     675745.819467307650
          0.202000000000     671056.414017144474
          0.203000000000     666420.074092993047
          0.204000000000     661828.656804901198
          0.205000000000     657273.637186730746
          0.206000000000     652746.173138339771
          0.207000000000     648237.171852139640
          0.208000000000     643737.357282913756
          0.209000000000     639237.338217721554
          0.210000000000     634727.676503076567
          0.211000000000     630198.954989541904
          0.212000000000     625641.844759474276
          0.213000000000     621047.171211843262
          0.214000000000     616405.978588832426
          0.215000000000     611709.592542427592
          0.216000000000     606949.680355062941
          0.217000000000     602118.308446841547
          0.218000000000     597207.996822627611
          0.219000000000     592211.770135170082
          0.220000000000     587123.205065543065
          0.221000000000     581936.473749007098
          0.222000000000     576646.383003057330
          0.223000000000     571248.409144463134
          0.224000000000     565738.728213534458
          0.225000000000     560114.241456177318
          0.226000000000     554372.595947580063
          0.227000000000     548512.200275109732
          0.228000000000     542532.235232008272
          0.229000000000     536432.659507715027
          0.230000000000     530214.210394429392
          0.231000000000     523878.399563066778
          0.232000000000     517427.503994500963
          0.233000000000     510864.552183800261
          0.234000000000     504193.305765836500
          0.235000000000     497418.236739910790
          0.236000000000     490544.500498732494
          0.237000000000     483577.904892959225
          0.238000000000     476524.875586483453
          0.239000000000     469392.417979424121
          0.240000000000     462188.075995411200
          0.241000000000     454919.888046860404
          0.242000000000     447596.340506731707
          0.243000000000     440226.319027317688
          0.244000000000     432819.058056262496
          0.245000000000     425384.088906779012
          0.246000000000     417931.186743329687
          0.247000000000     410470.316845561785
          0.248000000000     403011.580512187269
          0.249000000000     395565.160962873953
          0.250000000000     388141.269589960575
          0.251000000000     380750.092903246637
          0.252000000000     373401.740500081156
          0.253000000000     366106.194379861990
          0.254000000000     358873.259906761057
          0.255000000000     351712.518707344483
          0.256000000000     344633.283770807902
          0.257000000000     337644.556999008462
          0.258000000000     330754.989431581635
          0.259000000000     323972.844348209444
          0.260000000000     317305.963426021568
          0.261000000000     310761.736105064279
          0.262000000000     304347.072289208823
          0.263000000000     298068.378483869019
          0.264000000000     291931.537445704686
          0.265000000000     285941.891393243219
          0.266000000000     280104.228801446850
          0.267000000000     274422.774777559447
          0.268000000000     268901.184990605223
          0.269000000000     263542.543102628377
          0.270000000000     258349.361626439815
          0.271000000000     253323.586112387798
          0.272000000000     248466.602545662259
          0.273000000000     243779.247815987706
          0.274000000000     239261.823103409290
          0.275000000000     234914.110007305164
          0.276000000000     230735.389230870933
          0.277000000000     226724.461620205606
          0.278000000000     222879.671345805808
          0.279000000000     219198.931004857732
          0.280000000000     215679.748415132053
          0.281000000000     212319.254865679919
          0.282000000000     209114.234585773956
          0.283000000000     206061.155191664118
          0.284000000000     203156.198870775988
          0.285000000000     200395.294064736809
          0.286000000000     197774.147416224470
          0.287000000000     195288.275749860681
          0.288000000000     192933.037864222861
          0.289000000000     190703.665920401807
          0.290000000000     188595.296222281322
          0.291000000000     186602.999194758653
          0.292000000000     184721.808378342306
          0.293000000000     182946.748271805263
          0.294000000000     181272.860868763673
          0.295000000000     179695.230748982314
          0.296000000000     178209.008600793488
          0.297000000000     176809.433067125996
          0.298000000000     175491.850824063295
          0.299000000000     174251.734817538934
          0.300000000000     173084.700600519660
