          0.001000000000  147765046.439900398254
          0.002000000000  147623201.813806980848
          0.003000000000  147387078.402261912823
          0.004000000000  147057101.821317136288
          0.005000000000  146633866.272832363844
          0.006000000000  146118132.891094952822
          0.007000000000  145510827.627346336842
          0.008000000000  144813038.679876059294
          0.009000000000  144026013.478991001844
          0.010000000000  143151155.237730771303
          0.011000000000  142190019.080789774656
          0.012000000000  141144307.765564113855
          0.013000000000  140015867.010685384274
          0.014000000000  138806680.448773771524
          0.015000000000  137518864.221429258585
          0.016000000000  136154661.235694795847
          0.017000000000  134716435.102365821600
          0.018000000000  133206663.777551412582
          0.019000000000  131627932.929866239429
          0.020000000000  129982929.056472629309
          0.021000000000  128274432.371963739395
          0.022000000000  126505309.494735509157
          0.023000000000  124678505.956049174070
          0.024000000000  122797038.557447403669
          0.025000000000  120863987.602507039905
          0.026000000000  118882489.029184177518
          0.027000000000  116855726.469107955694
          0.028000000000  114786923.260216817260
          0.029000000000  112679334.439047396183
          0.030000000000  110536238.738790541887
          0.031000000000  108360930.618950292468
          0.032000000000  106156712.352034345269
          0.033000000000  103926886.192228764296
          0.034000000000  101674746.650415197015
          0.035000000000   99403572.899210095406
          0.036000000000   97116621.330944448709
          0.037000000000   94817118.290662229061
          0.038000000000   92508253.005265697837
          0.039000000000   90193170.728961110115
          0.040000000000   87874966.124071702361
          0.041000000000   85556676.895159557462
          0.042000000000   83241277.693208947778
          0.043000000000   80931674.305383116007
          0.044000000000   78630698.144578769803
          0.045000000000   76341101.051682546735
          0.046000000000   74065550.422078236938
          0.047000000000   71806624.666565090418
          0.048000000000   69566809.015454396605
          0.049000000000   67348491.673196062446
          0.050000000000   65153960.329457633197
          0.051000000000   62985399.031172074378
          0.052000000000   60844885.418644376099
          0.053000000000   58734388.327410504222
          0.054000000000   56655765.756157800555
          0.055000000000   54610763.199657924473
          0.056000000000   52601012.344331301749
          0.057000000000   50628030.122765980661
          0.058000000000   48693218.122271612287
          0.059000000000   46797862.341318510473
          0.060000000000   44943133.286577507854
          0.061000000000   43130086.402148492634
          0.062000000000   41359662.821534097195
          0.063000000000   39632690.431915923953
          0.064000000000   37949885.239377841353
          0.065000000000   36311853.022857904434
          0.066000000000   34719091.263828948140
          0.067000000000   33171991.337991684675
          0.068000000000   31670840.954623922706
          0.069000000000   30215826.828658923507
          0.070000000000   28807037.570082090795
          0.071000000000   27444466.774806685746
          0.072000000000   26128016.300863202661
          0.073000000000   24857499.713460646570
          0.074000000000   23632645.882294293493
          0.075000000000   22453102.714356239885
          0.076000000000   21318441.005463734269
          0.077000000000   20228158.393744967878
          0.078000000000   19181683.398420669138
          0.079000000000   18178379.527384541929
          0.080000000000   17217549.437309067696
          0.081000000000   16298439.130297247320
          0.082000000000   15420242.171446988359
          0.083000000000   14582103.912096232176
          0.084000000000   13783125.703976333141
          0.085000000000   13022369.090001216158
          0.086000000000   12298859.957971224561
          0.087000000000   11611592.644059050828
          0.088000000000   10959533.973571822047
          0.089000000000   10341627.227144194767
          0.090000000000    9756796.021206371486
          0.091000000000    9203948.092283723876
          0.092000000000    8681978.975422857329
          0.093000000000    8189775.567787883803
          0.094000000000    7726219.569238658994
          0.095000000000    7290190.792475714348
          0.096000000000    6880570.336116682738
          0.097000000000    6496243.614849993028
          0.098000000000    6136103.241590003483
          0.099000000000    5799051.757331901230
          0.100000000000    5484004.205167170614
          0.101000000000    5189890.545673049055
          0.102000000000    4915657.911625176668
          0.103000000000    4660272.700700119138
          0.104000000000    4422722.505531879142
          0.105000000000    4202017.881158923730
          0.106000000000    3997193.950546301901
          0.107000000000    3807311.849486702122
          0.108000000000    3631460.012774005998
          0.109000000000    3468755.304101238027
          0.110000000000    3318343.992660193704
          0.111000000000    3179402.579911513254
          0.112000000000    3051138.480449910276
          0.113000000000    2932790.561310022138
          0.114000000000    2823629.544441947248
          0.115000000000    2722958.277432688512
          0.116000000000    2630111.877859970089
          0.117000000000    2544457.756937808823
          0.118000000000    2465395.528349757660
          0.119000000000    2392356.808365691919
          0.120000000000    2324804.913502308540
          0.121000000000    2262234.462116566487
          0.122000000000    2204170.886416464113
          0.123000000000    2150169.861435157713
          0.124000000000    2099816.657544388436
          0.125000000000    2052725.423082031775
          0.126000000000    2008538.403638325399
          0.127000000000    1966925.104486907367
          0.128000000000    1927581.402562032919
          0.129000000000    1890228.614273907151
          0.130000000000    1854612.525321243331
          0.131000000000    1820502.388506176416
          0.132000000000    1787689.895382906543
          0.133000000000    1755988.127379714977
          0.134000000000    1725230.491826318204
          0.135000000000    1695269.648096373538
          0.136000000000    1665976.428840398090
          0.137000000000    1637238.761038750876
          0.138000000000    1608960.591350040864
          0.139000000000    1581060.819968302501
          0.140000000000    1553472.246934783878
          0.141000000000    1526140.534578424878
          0.142000000000    1499023.189484945731
          0.143000000000    1472088.567119017709
          0.144000000000    1445314.901948999846
          0.145000000000    1418689.365650358144
          0.146000000000    1392207.155693454202
          0.147000000000    1365870.616355019854
          0.148000000000    1339688.393931462197
          0.149000000000    1313674.627677295590
          0.150000000000    1287848.177744104294
          0.151000000000    1262231.891155642457
          0.152000000000    1236851.906623578398
          0.153000000000    1211736.998786592623
          0.154000000000    1186917.962243852438
          0.155000000000    1162427.035552420421
          0.156000000000    1138297.365167806158
          0.157000000000    1114562.509127383353
          0.158000000000    1091255.980108689284
          0.159000000000    1068410.827338087372
          0.160000000000    1046059.256680889404
          0.161000000000    1024232.288110897993
          0.162000000000    1002959.449636291130
          0.163000000000     982268.506648995564
          0.164000000000     962185.225566607784
          0.165000000000     942733.170548817492
          0.166000000000     923933.531994407997
          0.167000000000     905804.985459510586
          0.168000000000     888363.579582858947
          0.169000000000     871622.651558749028
          0.170000000000     855592.768663026858
          0.171000000000     840281.694311132655
          0.172000000000     825694.377109666122
          0.173000000000     811832.961353589781
          0.174000000000     798696.817419647705
          0.175000000000     786282.590512211085
          0.176000000000     774584.266230364679
          0.177000000000     763593.251443604939
          0.178000000000     753298.468988276436
          0.179000000000     743686.464726523729
          0.180000000000     734741.525544269243
          0.181000000000     726445.806903623277
          0.182000000000     718779.468607967021
          0.183000000000     711720.817484110827
          0.184000000000     705246.455735128722
          0.185000000000     699331.433769133640
          0.186000000000     693949.406363082700
          0.187000000000     689072.791076219408
          0.188000000000     684672.927884746576
          0.189000000000     680720.239067164715
          0.190000000000     677184.388428413775
          0.191000000000     674034.439009891823
          0.192000000000     671239.008491570596
          0.193000000000     668766.421551322797
          0.194000000000     666584.858505098033
          0.195000000000     664662.499609408900
          0.196000000000     662967.664464695728
          0.197000000000     661468.946014015703
          0.198000000000     660135.338686375413
          0.199000000000     658936.360287428368
          0.200000000000     657842.167292238679
          0.201000000000     656823.663245173753
          0.202000000000     655852.600020679994
          0.203000000000     654901.671745605418
          0.204000000000     653944.601228763233
          0.205000000000     652956.218786631362
          0.206000000000     651912.533395224717
          0.207000000000     650790.796137447469
          0.208000000000     649569.555952374940
          0.209000000000     648228.707728144596
          0.210000000000     646749.532813212951
          0.211000000000     645114.732051842031
          0.212000000000     643308.451478785137
          0.213000000000     641316.300835072529
          0.214000000000     639125.365091944579
          0.215000000000     636724.209192948998
          0.216000000000     634102.876245327410
          0.217000000000     631252.879411009024
          0.218000000000     628167.187764741364
          0.219000000000     624840.206402361859
          0.220000000000     621267.751095721149
          0.221000000000     617447.017802665010
          0.222000000000     613376.547350482782
          0.223000000000     609056.185619610013
          0.224000000000     604487.039561144658
          0.225000000000     599671.429386814940
          0.226000000000     594612.837273612968
          0.227000000000     589315.852927402477
          0.228000000000     583786.116350418190
          0.229000000000     578030.258156755590
          0.230000000000     572055.837777909357
          0.231000000000     565871.279896909371
          0.232000000000     559485.809445025865
          0.233000000000     552909.385489175562
          0.234000000000     546152.634331182810
          0.235000000000     539226.782132119639
          0.236000000000     532143.587365932995
          0.237000000000     524915.273396598757
          0.238000000000     517554.461462336243
          0.239000000000     510074.104338772886
          0.240000000000     502487.420940604818
          0.241000000000     494807.832108363044
          0.242000000000     487048.897813221323
          0.243000000000     479224.255998697830
          0.244000000000     471347.563263482123
          0.245000000000     463432.437574638461
          0.246000000000     455492.403185103438
          0.247000000000     447540.837913863768
          0.248000000000     439590.922931390814
          0.249000000000     431655.595177113311
          0.250000000000     423747.502519738860
          0.251000000000     415878.961755374563
          0.252000000000     408061.919522613520
          0.253000000000     400307.916198085295
          0.254000000000     392628.052820568962
          0.255000000000     385032.961076623702
          0.256000000000     377532.776365898841
          0.257000000000     370137.113949870749
          0.258000000000     362855.048173848132
          0.259000000000     355695.094738600135
          0.260000000000     348665.195985100348
          0.261000000000     341772.709143608226
          0.262000000000     335024.397486601141
          0.263000000000     328426.424314159434
          0.264000000000     321984.349690079747
          0.265000000000     315703.129837515880
          0.266000000000     309587.119094111433
          0.267000000000     303640.074318663450
          0.268000000000     297865.161634123593
          0.269000000000     292264.965385363146
          0.270000000000     286841.499184579821
          0.271000000000     281596.218912456417
          0.272000000000     276530.037539241370
          0.273000000000     271643.341626811773
          0.274000000000     266936.009370429325
          0.275000000000     262407.430037369952
          0.276000000000     258056.524658818147
          0.277000000000     253881.767831370409
          0.278000000000     249881.210485191608
          0.279000000000     246052.503477200400
          0.280000000000     242392.921869712329
          0.281000000000     238899.389757579658
          0.282000000000     235568.505510109768
          0.283000000000     232396.567297793372
          0.284000000000     229379.598778157058
          0.285000000000     226513.374819762306
          0.286000000000     223793.447148524749
          0.287000000000     221215.169806037768
          0.288000000000     218773.724315403641
          0.289000000000     216464.144456209033
          0.290000000000     214281.340556591953
          0.291000000000     212220.123216906562
          0.292000000000     210275.226386141032
          0.293000000000     208441.329719005793
          0.294000000000     206713.080148450274
          0.295000000000     205085.112615164631
          0.296000000000     203552.069902452029
          0.297000000000     202108.621531583078
          0.298000000000     200749.481679371180
          0.299000000000     199469.426086227351
          0.300000000000     198263.307929257717
