          0.001000000000  138621149.856073766947
          0.002000000000  138502542.287416368723
          0.003000000000  138305078.428098529577
          0.004000000000  138029080.835332334042
          0.005000000000  137674999.940254122019
          0.006000000000  137243412.903525650501
          0.007000000000  136735022.150436490774
          0.008000000000  136150653.590360373259
          0.009000000000  135491254.526406019926
          0.010000000000  134757891.262155920267
          0.011000000000  133951746.413340464234
          0.012000000000  133074115.933262228966
          0.013000000000  132126405.861707493663
          0.014000000000  131110128.807952553034
          0.015000000000  130026900.179320171475
          0.016000000000  128878434.167535886168
          0.017000000000  127666539.505876675248
          0.018000000000  126393115.010813295841
          0.019000000000  125060144.922477692366
          0.020000000000  123669694.058890193701
          0.021000000000  122223902.799404814839
          0.022000000000  120724981.913308084011
          0.023000000000  119175207.249919697642
          0.024000000000  117576914.306898757815
          0.025000000000  115932492.693727642298
          0.026000000000  114244380.507606849074
          0.027000000000  112515058.639109566808
          0.028000000000  110747045.025080785155
          0.029000000000  108942888.866266131401
          0.030000000000  107105164.827144369483
          0.031000000000  105236467.235324412584
          0.032000000000  103339404.297724932432
          0.033000000000  101416592.350512102246
          0.034000000000   99470650.159522995353
          0.035000000000   97504193.287522360682
          0.036000000000   95519828.544274702668
          0.037000000000   93520148.534954860806
          0.038000000000   91507726.321912840009
          0.039000000000   89485110.214249864221
          0.040000000000   87454818.699085026979
          0.041000000000   85419335.527716040611
          0.042000000000   83381104.969218567014
          0.043000000000   81342527.243286684155
          0.044000000000   79305954.143366023898
          0.045000000000   77273684.860335722566
          0.046000000000   75247962.016184046865
          0.047000000000   73230967.916266649961
          0.048000000000   71224821.027884364128
          0.049000000000   69231572.692031547427
          0.050000000000   67253204.074270099401
          0.051000000000   65291623.359782844782
          0.052000000000   63348663.196747563779
          0.053000000000   61426078.391269713640
          0.054000000000   59525543.856182798743
          0.055000000000   57648652.815145306289
          0.056000000000   55796915.262546516955
          0.057000000000   53971756.678858213127
          0.058000000000   52174517.000203885138
          0.059000000000   50406449.840060397983
          0.060000000000   48668721.960186801851
          0.061000000000   46962412.987068951130
          0.062000000000   45288515.369395665824
          0.063000000000   43647934.571343004704
          0.064000000000   42041489.495723426342
          0.065000000000   40469913.130395792425
          0.066000000000   38933853.410680554807
          0.067000000000   37433874.289942242205
          0.068000000000   35970457.009932145476
          0.069000000000   34544001.561982348561
          0.070000000000   33154828.329666364938
          0.071000000000   31803179.903122287244
          0.072000000000   30489223.054856829345
          0.073000000000   29213050.866520002484
          0.074000000000   27974684.995854485780
          0.075000000000   26774078.072793148458
          0.076000000000   25611116.213489718735
          0.077000000000   24485621.640927243978
          0.078000000000   23397355.400658991188
          0.079000000000   22346020.160188749433
          0.080000000000   21331263.080499868840
          0.081000000000   20352678.748284786940
          0.082000000000   19409812.157519116998
          0.083000000000   18502161.729151841253
          0.084000000000   17629182.357857227325
          0.085000000000   16790288.475005775690
          0.086000000000   15984857.117258295417
          0.087000000000   15212230.990473570302
          0.088000000000   14471721.518935928121
          0.089000000000   13762611.870260419324
          0.090000000000   13084159.946709878743
          0.091000000000   12435601.334064325318
          0.092000000000   11816152.199612673372
          0.093000000000   11225012.131288398057
          0.094000000000   10661366.910442166030
          0.095000000000   10124391.211233450100
          0.096000000000    9613251.220123725012
          0.097000000000    9127107.169472195208
          0.098000000000    8665115.779754824936
          0.099000000000    8226432.605462731794
          0.100000000000    7810214.280267367139
          0.101000000000    7415620.657580724917
          0.102000000000    7041816.843172534369
          0.103000000000    6687975.117042576894
          0.104000000000    6353276.742273739539
          0.105000000000    6036913.659113652073
          0.106000000000    5738090.063044410199
          0.107000000000    5456023.866100841202
          0.108000000000    5189948.041185194626
          0.109000000000    4939111.849598220550
          0.110000000000    4702781.952462358400
          0.111000000000    4480243.407150011510
          0.112000000000    4270800.550247195177
          0.113000000000    4073777.768979581539
          0.114000000000    3888520.163402196020
          0.115000000000    3714394.102005296852
          0.116000000000    3550787.673716031946
          0.117000000000    3397111.039577901363
          0.118000000000    3252796.687666900922
          0.119000000000    3117299.595054592006
          0.120000000000    2990097.300853232853
          0.121000000000    2870689.894576555584
          0.122000000000    2758599.924222684465
          0.123000000000    2653372.228630755097
          0.124000000000    2554573.698783581145
          0.125000000000    2461792.972822208423
          0.126000000000    2374640.069607179146
          0.127000000000    2292745.965705331415
          0.128000000000    2215762.120700836182
          0.129000000000    2143359.955725577660
          0.130000000000    2075230.290078067919
          0.131000000000    2011082.740752519341
          0.132000000000    1950645.089631445473
          0.133000000000    1893662.623007559683
          0.134000000000    1839897.447994824266
          0.135000000000    1789127.790265224408
          0.136000000000    1741147.277408962836
          0.137000000000    1695764.212062026840
          0.138000000000    1652800.838778222678
          0.139000000000    1612092.608443835517
          0.140000000000    1573487.443843595218
          0.141000000000    1536845.009788001655
          0.142000000000    1502035.991005356424
          0.143000000000    1468941.380788857117
          0.144000000000    1437451.783170826035
          0.145000000000    1407466.731174062937
          0.146000000000    1378894.023465680657
          0.147000000000    1351649.081512891455
          0.148000000000    1325654.329114238499
          0.149000000000    1300838.595954957418
          0.150000000000    1277136.546612617327
          0.151000000000    1254488.136219935725
          0.152000000000    1232838.093776914757
          0.153000000000    1212135.433894820511
          0.154000000000    1192332.997551338747
          0.155000000000    1173387.022240026388
          0.156000000000    1155256.741708657704
          0.157000000000    1137904.015301336767
          0.158000000000    1121292.986748310504
          0.159000000000    1105389.772086389828
          0.160000000000    1090162.176241876325
          0.161000000000    1075579.437667434569
          0.162000000000    1061612.000294693979
          0.163000000000    1048231.311945900670
          0.164000000000    1035409.648240593262
          0.165000000000    1023119.960937432828
          0.166000000000    1011335.749566763290
          0.167000000000    1000030.955136413802
          0.168000000000     989179.874631304992
          0.169000000000     978757.094976741355
          0.170000000000     968737.445095423842
          0.171000000000     959095.964658999583
          0.172000000000     949807.888116044109
          0.173000000000     940848.642569505027
          0.174000000000     932193.858077128185
          0.175000000000     923819.388958113967
          0.176000000000     915701.344707542914
          0.177000000000     907816.129146387568
          0.178000000000     900140.486468877411
          0.179000000000     892651.552889821120
          0.180000000000     885326.912641729577
          0.181000000000     878144.657124588732
          0.182000000000     871083.446069373866
          0.183000000000     864122.569639089867
          0.184000000000     857242.010457867407
          0.185000000000     850422.504628593451
          0.186000000000     843645.600872347015
          0.187000000000     836893.716997667565
          0.188000000000     830150.192984044435
          0.189000000000     823399.340041302377
          0.190000000000     816626.485084201908
          0.191000000000     809818.010139079648
          0.192000000000     802961.386276178644
          0.193000000000     796045.201737037278
          0.194000000000     789059.184000327601
          0.195000000000     781994.215601599892
          0.196000000000     774842.343591978657
          0.197000000000     767596.782587645343
          0.198000000000     760251.911425599596
          0.199000000000     752803.263501410955
          0.200000000000     745247.510921274079
          0.201000000000     737582.442653214093
          0.202000000000     729806.936910888413
          0.203000000000     721920.928047654219
          0.204000000000     713925.368278470123
          0.205000000000     705822.184582589194
          0.206000000000     697614.231170942658
          0.207000000000     689305.237928443588
          0.208000000000     680899.755263296887
          0.209000000000     672403.095812765649
          0.210000000000     663821.273467798135
          0.211000000000     655160.940187581698
          0.212000000000     646429.321079525864
          0.213000000000     637634.148220661795
          0.214000000000     628783.593692962779
          0.215000000000     619886.202298036893
          0.216000000000     610950.824406036176
          0.217000000000     601986.549379862496
          0.218000000000     593002.639998915372
          0.219000000000     584008.468287090189
          0.220000000000     575013.453127672779
          0.221000000000     566027.000023508095
          0.222000000000     557058.443334588432
          0.223000000000     548116.991297297995
          0.224000000000     539211.674100227421
          0.225000000000     530351.295261052554
          0.226000000000     521544.386517631065
          0.227000000000     512799.166414647829
          0.228000000000     504123.502734843467
          0.229000000000     495524.878891671717
          0.230000000000     487010.364368051174
          0.231000000000     478586.589254196850
          0.232000000000     470259.722906505107
          0.233000000000     462035.456719145819
          0.234000000000     453918.990970929386
          0.235000000000     445915.025682004518
          0.236000000000     438027.755388385500
          0.237000000000     430260.867717277550
          0.238000000000     422617.545622809266
          0.239000000000     415100.473120211100
          0.240000000000     407711.844336794107
          0.241000000000     400453.375680379046
          0.242000000000     393326.320910146344
          0.243000000000     386331.488881297293
          0.244000000000     379469.263723444019
          0.245000000000     372739.627203289245
          0.246000000000     366142.183014983195
          0.247000000000     359676.182736403542
          0.248000000000     353340.553186640609
          0.249000000000     347133.924918947858
          0.250000000000     341054.661584456626
          0.251000000000     335100.889904854528
          0.252000000000     329270.529996963742
          0.253000000000     323561.325798623031
          0.254000000000     317970.875353395531
          0.255000000000     312496.660721227643
          0.256000000000     307136.077293226845
          0.257000000000     301886.462301000836
          0.258000000000     296745.122324483178
          0.259000000000     291709.359616599628
          0.260000000000     286776.497078490094
          0.261000000000     281943.901735063002
          0.262000000000     277209.006577332970
          0.263000000000     272569.330655143945
          0.264000000000     268022.497321283037
          0.265000000000     263566.250545687100
          0.266000000000     259198.469236061006
          0.267000000000     254917.179518865305
          0.268000000000     250720.564952022716
          0.269000000000     246606.974657728133
          0.270000000000     242574.929380409187
          0.271000000000     238623.125490929175
          0.272000000000     234750.436973577889
          0.273000000000     230955.915447054576
          0.274000000000     227238.788284532522
          0.275000000000     223598.454910830187
          0.276000000000     220034.481366724416
          0.277000000000     216546.593241380120
          0.278000000000     213134.667083766341
          0.279000000000     209798.720412696071
          0.280000000000     206538.900452733767
          0.281000000000     203355.471729670768
          0.282000000000     200248.802664526214
          0.283000000000     197219.351309102378
          0.284000000000     194267.650369025010
          0.285000000000     191394.291661910189
          0.286000000000     188599.910158862680
          0.287000000000     185885.167756973096
          0.288000000000     183250.736928831320
          0.289000000000     180697.284392384085
          0.290000000000     178225.454940783500
          0.291000000000     175835.855567261053
          0.292000000000     173529.040014522587
          0.293000000000     171305.493871860817
          0.294000000000     169165.620336066990
          0.295000000000     167109.726744485699
          0.296000000000     165138.011980153737
          0.297000000000     163250.554840085504
          0.298000000000     161447.303448387218
          0.299000000000     159728.065786145278
          0.300000000000     158092.501400023961
