          0.001000000000  142402238.048784375191
          0.002000000000  142266141.787472844124
          0.003000000000  142039595.558003127575
          0.004000000000  141723019.805705785751
          0.005000000000  141317001.429978162050
          0.006000000000  140822292.068207889795
          0.007000000000  140239805.900734633207
          0.008000000000  139570616.985325843096
          0.009000000000  138815956.131380409002
          0.010000000000  137977207.325881063938
          0.011000000000  137055903.724757701159
          0.012000000000  136053723.225000441074
          0.013000000000  134972483.634379863739
          0.014000000000  133814137.457152575254
          0.015000000000  132580766.315488949418
          0.016000000000  131274575.027694255114
          0.017000000000  129897885.365498304367
          0.018000000000  128453129.513784632087
          0.019000000000  126942843.257157489657
          0.020000000000  125369658.918605282903
          0.021000000000  123736298.076330617070
          0.022000000000  122045564.085456222296
          0.023000000000  120300334.431862071157
          0.024000000000  118503552.945849105716
          0.025000000000  116658221.903592914343
          0.026000000000  114767394.044559404254
          0.027000000000  112834164.533091694117
          0.028000000000  110861662.892319321632
          0.029000000000  108853044.938345715404
          0.030000000000  106811484.742381513119
          0.031000000000  104740166.648049354553
          0.032000000000  102642277.370579734445
          0.033000000000  100520998.203943416476
          0.034000000000   98379497.361249729991
          0.035000000000   96220922.472880318761
          0.036000000000   94048393.265879303217
          0.037000000000   91864994.447097554803
          0.038000000000   89673768.811480894685
          0.039000000000   87477710.595678701997
          0.040000000000   85279759.095909938216
          0.041000000000   83082792.567675113678
          0.042000000000   80889622.423532411456
          0.043000000000   78702987.743720397353
          0.044000000000   76525550.112923800945
          0.045000000000   74359888.794985920191
          0.046000000000   72208496.255813419819
          0.047000000000   70073774.043186053634
          0.048000000000   67958029.030590578914
          0.049000000000   65863470.030649133027
          0.050000000000   63792204.782130576670
          0.051000000000   61746237.312982261181
          0.052000000000   59727465.680276714265
          0.053000000000   57737680.086459107697
          0.054000000000   55778561.369796745479
          0.055000000000   53851679.865491747856
          0.056000000000   51958494.632515773177
          0.057000000000   50100353.039885513484
          0.058000000000   48278490.704797983170
          0.059000000000   46494031.773822642863
          0.060000000000   44747989.537176713347
          0.061000000000   43041267.365022808313
          0.062000000000   41374659.953699454665
          0.063000000000   39748854.868863448501
          0.064000000000   38164434.371650837362
          0.065000000000   36621877.513188734651
          0.066000000000   35121562.482095792890
          0.067000000000   33663769.188996806741
          0.068000000000   32248682.071557853371
          0.069000000000   30876393.103113207966
          0.070000000000   29546904.987609270960
          0.071000000000   28260134.523328162730
          0.072000000000   27015916.117685779929
          0.073000000000   25814005.435305073857
          0.074000000000   24654083.161565024406
          0.075000000000   23535758.863897845149
          0.076000000000   22458574.933264963329
          0.077000000000   21422010.588471073657
          0.078000000000   20425485.926278539002
          0.079000000000   19468366.000657781959
          0.080000000000   18549964.914944324642
          0.081000000000   17669549.911175630987
          0.082000000000   16826345.441432386637
          0.083000000000   16019537.206619678065
          0.084000000000   15248276.148780044168
          0.085000000000   14511682.383727418259
          0.086000000000   13808849.061531525105
          0.087000000000   13138846.143151838332
          0.088000000000   12500724.082320921123
          0.089000000000   11893517.402599465102
          0.090000000000   11316248.160367997363
          0.091000000000   10767929.285375606269
          0.092000000000   10247567.791330162436
          0.093000000000    9754167.849882859737
          0.094000000000    9286733.722228985280
          0.095000000000    8844272.543407959864
          0.096000000000    8425796.955240739509
          0.097000000000    8030327.584682640620
          0.098000000000    7656895.365191662684
          0.099000000000    7304543.699515258893
          0.100000000000    6972330.463075291365
          0.101000000000    6659329.847880751826
          0.102000000000    6364634.047616678290
          0.103000000000    6087354.785243983380
          0.104000000000    5826624.685094612651
          0.105000000000    5581598.492059079930
          0.106000000000    5351454.141036217101
          0.107000000000    5135393.680346993729
          0.108000000000    4932644.053303436376
          0.109000000000    4742457.742570129223
          0.110000000000    4564113.282358299010
          0.111000000000    4396915.643850085326
          0.112000000000    4240196.499565126374
          0.113000000000    4093314.372650263831
          0.114000000000    3955654.677299359813
          0.115000000000    3826629.656692683231
          0.116000000000    3705678.224985433277
          0.117000000000    3592265.719974016771
          0.118000000000    3485883.573128055315
          0.119000000000    3386048.903696433641
          0.120000000000    3292304.043580064084
          0.121000000000    3204215.999612596817
          0.122000000000    3121375.859806602355
          0.123000000000    3043398.150007326622
          0.124000000000    2969920.147252548486
          0.125000000000    2900601.155966258142
          0.126000000000    2835121.752919327468
          0.127000000000    2773183.006673515774
          0.128000000000    2714505.676988714840
          0.129000000000    2658829.399420156609
          0.130000000000    2605911.860063847154
          0.131000000000    2555527.965127951466
          0.132000000000    2507469.009717129637
          0.133000000000    2461541.849918643013
          0.134000000000    2417568.081974704284
          0.135000000000    2375383.232018887997
          0.136000000000    2334835.959545325022
          0.137000000000    2295787.277472262736
          0.138000000000    2258109.791356008034
          0.139000000000    2221686.960010951851
          0.140000000000    2186412.379496648908
          0.141000000000    2152189.092145970091
          0.142000000000    2118928.922030593734
          0.143000000000    2086551.837992378743
          0.144000000000    2054985.345112997573
          0.145000000000    2024163.905250795418
          0.146000000000    1994028.387043138035
          0.147000000000    1964525.545556577854
          0.148000000000    1935607.531565231504
          0.149000000000    1907231.430251470534
          0.150000000000    1879358.828951807460
          0.151000000000    1851955.413415348623
          0.152000000000    1824990.591902629472
          0.153000000000    1798437.146328313509
          0.154000000000    1772270.909542896086
          0.155000000000    1746470.467755126068
          0.156000000000    1721016.887018510606
          0.157000000000    1695893.462641443359
          0.158000000000    1671085.490330399945
          0.159000000000    1646580.057839137968
          0.160000000000    1622365.855872918153
          0.161000000000    1598433.006984760985
          0.162000000000    1574772.911200000672
          0.163000000000    1551378.107115108985
          0.164000000000    1528242.147235785145
          0.165000000000    1505359.486347295577
          0.166000000000    1482725.381745596649
          0.167000000000    1460335.804200363811
          0.168000000000    1438187.358569546835
          0.169000000000    1416277.213038889691
          0.170000000000    1394603.036017616279
          0.171000000000    1373162.939783002250
          0.172000000000    1351955.430030384799
          0.173000000000    1330979.360550983809
          0.174000000000    1310233.892326567555
          0.175000000000    1289718.456397177419
          0.176000000000    1269432.719924761681
          0.177000000000    1249376.554941381328
          0.178000000000    1229550.009334766772
          0.179000000000    1209953.279686124995
          0.180000000000    1190586.685634650989
          0.181000000000    1171450.645499751903
          0.182000000000    1152545.652945255628
          0.183000000000    1133872.254519508919
          0.184000000000    1115431.027950983262
          0.185000000000    1097222.561120736646
          0.186000000000    1079247.431670492282
          0.187000000000    1061506.187238346087
          0.188000000000    1043999.326342842076
          0.189000000000    1026727.279960799031
          0.190000000000    1009690.393864366342
          0.191000000000     992888.911798971705
          0.192000000000     976322.959595691180
          0.193000000000     959992.530319811078
          0.194000000000     943897.470561697264
          0.195000000000     928037.467977095628
          0.196000000000     912412.040181736695
          0.197000000000     897020.525099957478
          0.198000000000     881862.072859166656
          0.199000000000     866935.639311876497
          0.200000000000     852239.981254698359
          0.201000000000     837773.653399778414
          0.202000000000     823535.007138755405
          0.203000000000     809522.191122826422
          0.204000000000     795733.153665187885
          0.205000000000     782165.646954422118
          0.206000000000     768817.233049293631
          0.207000000000     755685.291607656050
          0.208000000000     742767.029284489690
          0.209000000000     730059.490717228968
          0.210000000000     717559.571000284515
          0.211000000000     705264.029535656911
          0.212000000000     693169.505132533144
          0.213000000000     681272.532216291409
          0.214000000000     669569.557996289223
          0.215000000000     658056.960432488937
          0.216000000000     646731.066833240213
          0.217000000000     635588.172910773894
          0.218000000000     624624.562116923509
          0.219000000000     613836.525079406332
          0.220000000000     603220.378958786023
          0.221000000000     592772.486547745182
          0.222000000000     582489.274937686278
          0.223000000000     572367.253582761856
          0.224000000000     562403.031598205096
          0.225000000000     552593.334138135309
          0.226000000000     542935.017707799911
          0.227000000000     533425.084276312962
          0.228000000000     524060.694068200246
          0.229000000000     514839.176925466512
          0.230000000000     505758.042146081047
          0.231000000000     496814.986719771638
          0.232000000000     488007.901897556265
          0.233000000000     479334.878047403705
          0.234000000000     470794.207764627121
          0.235000000000     462384.387221880606
          0.236000000000     454104.115759863518
          0.237000000000     445952.293735783431
          0.238000000000     437928.018662269926
          0.239000000000     430030.579684438941
          0.240000000000     422259.450457249884
          0.241000000000     414614.280498916109
          0.242000000000     407094.885108825285
          0.243000000000     399701.233950160211
          0.244000000000     392433.438408026472
          0.245000000000     385291.737843334558
          0.246000000000     378276.484870904998
          0.247000000000     371388.129797170986
          0.248000000000     364627.204358458868
          0.249000000000     357994.304905054451
          0.250000000000     351490.075179133448
          0.251000000000     345115.188836158253
          0.252000000000     338870.331859481812
          0.253000000000     332756.185016743199
          0.254000000000     326773.406504200364
          0.255000000000     320922.614921418310
          0.256000000000     315204.372713916062
          0.257000000000     309619.170215365477
          0.258000000000     304167.410413920763
          0.259000000000     298849.394559329899
          0.260000000000     293665.308718636399
          0.261000000000     288615.211378719949
          0.262000000000     283699.022183673631
          0.263000000000     278916.511884238222
          0.264000000000     274267.293565268978
          0.265000000000     269750.815205614199
          0.266000000000     265366.353612998093
          0.267000000000     261113.009764528542
          0.268000000000     256989.705571518367
          0.269000000000     252995.182075428689
          0.270000000000     249127.999070038088
          0.271000000000     245386.536133558053
          0.272000000000     241768.995043362956
          0.273000000000     238273.403535415768
          0.274000000000     234897.620360455097
          0.275000000000     231639.341579537693
          0.276000000000     228496.108032786869
          0.277000000000     225465.313907160511
          0.278000000000     222544.216321792948
          0.279000000000     219729.945843039226
          0.280000000000     217019.517835765582
          0.281000000000     214409.844552730618
          0.282000000000     211897.747860104195
          0.283000000000     209479.972494270740
          0.284000000000     207153.199743058678
          0.285000000000     204914.061443468352
          0.286000000000     202759.154187729670
          0.287000000000     200685.053630197828
          0.288000000000     198688.328789056977
          0.289000000000     196765.556239110534
          0.290000000000     194913.334094954684
          0.291000000000     193128.295687611389
          0.292000000000     191407.122842099372
          0.293000000000     189746.558668463142
          0.294000000000     188143.419784361729
          0.295000000000     186594.607893381617
          0.296000000000     185097.120649756398
          0.297000000000     183648.061747027765
          0.298000000000     182244.650175360759
          0.299000000000     180884.228599611612
          0.300000000000     179564.270817828074
