          0.001000000000  143743964.273776888847
          0.002000000000  143616410.286221653223
          0.003000000000  143404056.375225126743
          0.004000000000  143107256.001705616713
          0.005000000000  142726502.730229079723
          0.006000000000  142262428.953515142202
          0.007000000000  141715804.259919703007
          0.008000000000  141087533.449451714754
          0.009000000000  140378654.205009609461
          0.010000000000  139590334.426705807447
          0.011000000000  138723869.238265007734
          0.012000000000  137780677.675561666489
          0.013000000000  136762299.068410813808
          0.014000000000  135670389.127724826336
          0.015000000000  134506715.751100689173
          0.016000000000  133273154.560792669654
          0.017000000000  131971684.188881516457
          0.018000000000  130604381.325204312801
          0.019000000000  129173415.544373765588
          0.020000000000  127681043.928818419576
          0.021000000000  126129605.505392506719
          0.022000000000  124521515.513628616929
          0.023000000000  122859259.524117022753
          0.024000000000  121145387.425904348493
          0.025000000000  119382507.302088350058
          0.026000000000  117573279.213006600738
          0.027000000000  115720408.906580463052
          0.028000000000  113826641.475439041853
          0.029000000000  111894754.980455771089
          0.030000000000  109927554.060259848833
          0.031000000000  107927863.546127185225
          0.032000000000  105898522.101457893848
          0.033000000000  103842375.904734700918
          0.034000000000  101762272.394523188472
          0.035000000000   99661054.094640552998
          0.036000000000   97541552.537136033177
          0.037000000000   95406582.300173074007
          0.038000000000   93258935.177312746644
          0.039000000000   91101374.494022130966
          0.040000000000   88936629.586522266269
          0.041000000000   86767390.457335993648
          0.042000000000   84596302.621087223291
          0.043000000000   82425962.153248906136
          0.044000000000   80258910.953675314784
          0.045000000000   78097632.235809952021
          0.046000000000   75944546.251552999020
          0.047000000000   73802006.260767221451
          0.048000000000   71672294.753446921706
          0.049000000000   69557619.931553527713
          0.050000000000   67460112.456513777375
          0.051000000000   65381822.467360377312
          0.052000000000   63324716.873469322920
          0.053000000000   61290676.924829304218
          0.054000000000   59281496.061771400273
          0.055000000000   57298878.045075103641
          0.056000000000   55344435.366387054324
          0.057000000000   53419687.937916286290
          0.058000000000   51526062.059419661760
          0.059000000000   49664889.659574717283
          0.060000000000   47837407.807938911021
          0.061000000000   46044758.492837041616
          0.062000000000   44287988.659689188004
          0.063000000000   42568050.503511510789
          0.064000000000   40885802.008564189076
          0.065000000000   39242007.727427907288
          0.066000000000   37637339.791124492884
          0.067000000000   36072379.141285948455
          0.068000000000   34547616.974814400077
          0.069000000000   33063456.390961699188
          0.070000000000   31620214.230290230364
          0.071000000000   30218123.094571907073
          0.072000000000   28857333.536317504942
          0.073000000000   27537916.406324293464
          0.074000000000   26259865.347379416227
          0.075000000000   25023099.422049790621
          0.076000000000   23827465.862346652895
          0.077000000000   22672742.928951106966
          0.078000000000   21558642.867644798011
          0.079000000000   20484814.950590122491
          0.080000000000   19450848.590158157051
          0.081000000000   18456276.513101898134
          0.082000000000   17500577.983014427125
          0.083000000000   16583182.059202881530
          0.084000000000   15703470.880335006863
          0.085000000000   14860782.961488110945
          0.086000000000   14054416.493532311171
          0.087000000000   13283632.634125174955
          0.088000000000   12547658.779965655878
          0.089000000000   11845691.810360927135
          0.090000000000   11176901.292589431629
          0.091000000000   10540432.639999723062
          0.092000000000    9935410.214262677357
          0.093000000000    9360940.363690722734
          0.094000000000    8816114.390052508563
          0.095000000000    8300011.436836584471
          0.096000000000    7811701.292458564974
          0.097000000000    7350247.102449970320
          0.098000000000    6914707.985221298411
          0.099000000000    6504141.546546118334
          0.100000000000    6117606.288468862884
          0.101000000000    5754163.908892607316
          0.102000000000    5412881.488653400913
          0.103000000000    5092833.563429472968
          0.104000000000    4793104.078368377872
          0.105000000000    4512788.223837977275
          0.106000000000    4250994.151217633858
          0.107000000000    4006844.568141558673
          0.108000000000    3779478.213085486554
          0.109000000000    3568051.209649367724
          0.110000000000    3371738.301330814604
          0.111000000000    3189733.968005314004
          0.112000000000    3021253.425729113165
          0.113000000000    2865533.511857427657
          0.114000000000    2721833.457824257668
          0.115000000000    2589435.552258739248
          0.116000000000    2467645.697417726740
          0.117000000000    2355793.862192741130
          0.118000000000    2253234.435203273781
          0.119000000000    2159346.481715844944
          0.120000000000    2073533.908330541337
          0.121000000000    1995225.539553091861
          0.122000000000    1923875.110521652736
          0.123000000000    1858961.180283745751
          0.124000000000    1799986.970120375510
          0.125000000000    1746480.131491964916
          0.126000000000    1697992.448235192103
          0.127000000000    1654099.477671667933
          0.128000000000    1614400.135299418587
          0.129000000000    1578516.227727515856
          0.130000000000    1546091.938483725535
          0.131000000000    1516793.271275587380
          0.132000000000    1490307.455218469491
          0.133000000000    1466342.316460386384
          0.134000000000    1444625.620534415822
          0.135000000000    1424904.389656152576
          0.136000000000    1406944.199057437479
          0.137000000000    1390528.456309332047
          0.138000000000    1375457.667438673321
          0.139000000000    1361548.693484449526
          0.140000000000    1348634.000973973889
          0.141000000000    1336560.909625735600
          0.142000000000    1325190.840406809933
          0.143000000000    1314398.566889290465
          0.144000000000    1304071.472663096618
          0.145000000000    1294108.817373271100
          0.146000000000    1284421.013759018155
          0.147000000000    1274928.917880833615
          0.148000000000    1265563.134531554999
          0.149000000000    1256263.339638368925
          0.150000000000    1246977.621276241029
          0.151000000000    1237661.840729983291
          0.152000000000    1228279.014862777432
          0.153000000000    1218798.720874167513
          0.154000000000    1209196.524361014832
          0.155000000000    1199453.431431144476
          0.156000000000    1189555.365461866139
          0.157000000000    1179492.668944918318
          0.158000000000    1169259.630715568783
          0.159000000000    1158854.038727567298
          0.160000000000    1148276.758406927111
          0.161000000000    1137531.336496970616
          0.162000000000    1126623.630194484023
          0.163000000000    1115561.461272272514
          0.164000000000    1104354.294787282357
          0.165000000000    1093012.941885273438
          0.166000000000    1081549.286133171059
          0.167000000000    1069976.032738419250
          0.168000000000    1058306.479950648034
          0.169000000000    1046554.311884932918
          0.170000000000    1034733.411957364995
          0.171000000000    1022857.696082417388
          0.172000000000    1010940.964747550432
          0.173000000000     998996.773053248180
          0.174000000000     987038.317785863532
          0.175000000000     975078.340576251503
          0.176000000000     963129.046188372769
          0.177000000000     951202.034979041782
          0.178000000000     939308.248571990407
          0.179000000000     927457.927796308533
          0.180000000000     915660.581950637745
          0.181000000000     903924.968469932908
          0.182000000000     892259.082090688637
          0.183000000000     880670.152633108315
          0.184000000000     869164.650544055155
          0.185000000000     857748.299372946145
          0.186000000000     846426.094383052550
          0.187000000000     835202.326533206273
          0.188000000000     824080.611098998925
          0.189000000000     813063.920237994636
          0.190000000000     802154.618840047857
          0.191000000000     791354.503041059943
          0.192000000000     780664.840816408279
          0.193000000000     770086.414108349127
          0.194000000000     759619.561979856691
          0.195000000000     749264.224325335701
          0.196000000000     739019.985706335632
          0.197000000000     728886.118917363114
          0.198000000000     718861.627923380700
          0.199000000000     708945.289846063126
          0.200000000000     699135.695710401982
          0.201000000000     689431.289696761756
          0.202000000000     679830.406675722683
          0.203000000000     670331.307834023726
          0.204000000000     660932.214229570818
          0.205000000000     651631.338141710148
          0.206000000000     642426.912109737284
          0.207000000000     633317.215577937663
          0.208000000000     624300.599089232390
          0.209000000000     615375.505991828977
          0.210000000000     606540.491644005757
          0.211000000000     597794.240121484152
          0.212000000000     589135.578449555556
          0.213000000000     580563.488398506423
          0.214000000000     572077.115895661060
          0.215000000000     563675.778120903997
          0.216000000000     555358.968364539440
          0.217000000000     547126.358737160568
          0.218000000000     538977.800830596010
          0.219000000000     530913.324437310454
          0.220000000000     522933.134442562063
          0.221000000000     515037.606009631418
          0.222000000000     507227.278183161980
          0.223000000000     499502.846039487631
          0.224000000000     491865.151515605336
          0.225000000000     484315.173050338402
          0.226000000000     476854.014172253432
          0.227000000000     469482.891169066483
          0.228000000000     462203.119972712477
          0.229000000000     455016.102392960514
          0.230000000000     447923.311830475868
          0.231000000000     440926.278597670374
          0.232000000000     434026.574972514296
          0.233000000000     427225.800106800685
          0.234000000000     420525.564906185551
          0.235000000000     413927.476994728146
          0.236000000000     407433.125871618162
          0.237000000000     401044.068362437771
          0.238000000000     394761.814461594855
          0.239000000000     388587.813656568294
          0.240000000000     382523.441818433756
          0.241000000000     376569.988736618659
          0.242000000000     370728.646369280934
          0.243000000000     365000.497873911343
          0.244000000000     359386.507475870254
          0.245000000000     353887.511225619819
          0.246000000000     348504.208688414539
          0.247000000000     343237.155603135296
          0.248000000000     338086.757539976214
          0.249000000000     333053.264579687850
          0.250000000000     328136.767030148651
          0.251000000000     323337.192189257476
          0.252000000000     318654.302156384860
          0.253000000000     314087.692688134732
          0.254000000000     309636.793087737577
          0.255000000000     305300.867111282714
          0.256000000000     301079.014868005470
          0.257000000000     296970.175686188682
          0.258000000000     292973.131910800701
          0.259000000000     289086.513593874988
          0.260000000000     285308.804033841938
          0.261000000000     281638.346115518187
          0.262000000000     278073.349398392020
          0.263000000000     274611.897897052811
          0.264000000000     271251.958494276449
          0.265000000000     267991.389924315677
          0.266000000000     264827.952261383354
          0.267000000000     261759.316846190894
          0.268000000000     258783.076581715024
          0.269000000000     255896.756528065365
          0.270000000000     253097.824725525890
          0.271000000000     250383.703174421942
          0.272000000000     247751.778900521604
          0.273000000000     245199.415035133949
          0.274000000000     242723.961839995231
          0.275000000000     240322.767608310241
          0.276000000000     237993.189375077724
          0.277000000000     235732.603371927544
          0.278000000000     233538.415164191974
          0.279000000000     231408.069410799741
          0.280000000000     229339.059190770931
          0.281000000000     227328.934843622352
          0.282000000000     225375.312274778466
          0.283000000000     223475.880681201757
          0.284000000000     221628.409656744392
          0.285000000000     219830.755641288386
          0.286000000000     218080.867682447162
          0.287000000000     216376.792483479396
          0.288000000000     214716.678716066177
          0.289000000000     213098.780581667961
          0.290000000000     211521.460610324866
          0.291000000000     209983.191690916516
          0.292000000000     208482.558332034270
          0.293000000000     207018.257157708809
          0.294000000000     205589.096647262428
          0.295000000000     204193.996133444540
          0.296000000000     202831.984077765956
          0.297000000000     201502.195646533888
          0.298000000000     200203.869615467673
          0.299000000000     198936.344634909125
          0.300000000000     197699.054891550011
