          0.001000000000  149836880.479620814323
          0.002000000000  149680801.710833519697
          0.003000000000  149421013.082048296928
          0.004000000000  149058027.471701800823
          0.005000000000  148592560.713384956121
          0.006000000000  148025529.410083442926
          0.007000000000  147358048.138805240393
          0.008000000000  146591426.056652933359
          0.009000000000  145727162.921774625778
          0.010000000000  144766944.544895708561
          0.011000000000  143712637.689352691174
          0.012000000000  142566284.439692467451
          0.013000000000  141330096.060920119286
          0.014000000000  140006446.372421234846
          0.015000000000  138597864.662402659655
          0.016000000000  137107028.170392930508
          0.017000000000  135536754.166917294264
          0.018000000000  133889991.660895988345
          0.019000000000  132169812.766606464982
          0.020000000000  130379403.763216316700
          0.021000000000  128522055.880852475762
          0.022000000000  126601155.848063796759
          0.023000000000  124620176.236172989011
          0.024000000000  122582665.636559814215
          0.025000000000  120492238.707280889153
          0.026000000000  118352566.125615924597
          0.027000000000  116167364.483179107308
          0.028000000000  113940386.160102680326
          0.029000000000  111675409.214522689581
          0.030000000000  109376227.323154509068
          0.031000000000  107046639.808148771524
          0.032000000000  104690441.784686550498
          0.033000000000  102311414.462881430984
          0.034000000000   99913315.636532351375
          0.035000000000   97499870.390119060874
          0.036000000000   95074762.054160803556
          0.037000000000   92641623.437639489770
          0.038000000000   90204028.364705383778
          0.039000000000   87765483.541270434856
          0.040000000000   85329420.775386169553
          0.041000000000   82899189.573526307940
          0.042000000000   80478050.133052736521
          0.043000000000   78069166.749198645353
          0.044000000000   75675601.652958452702
          0.045000000000   73300309.294239312410
          0.046000000000   70946131.082595422864
          0.047000000000   68615790.595790967345
          0.048000000000   66311889.264354780316
          0.049000000000   64036902.538209430873
          0.050000000000   61793176.539382509887
          0.051000000000   59582925.202748671174
          0.052000000000   57408227.904722765088
          0.053000000000   55271027.577827282250
          0.054000000000   53173129.307125337422
          0.055000000000   51116199.402599461377
          0.056000000000   49101764.939742647111
          0.057000000000   47131213.758867144585
          0.058000000000   45205794.911952383816
          0.059000000000   43326619.544265046716
          0.060000000000   41494662.196475781500
          0.061000000000   39710762.511591553688
          0.062000000000   37975627.329719319940
          0.063000000000   36289833.152472048998
          0.064000000000   34653828.957740537822
          0.065000000000   33067939.344578549266
          0.066000000000   31532367.987083483487
          0.067000000000   30047201.375410392880
          0.068000000000   28612412.821430828422
          0.069000000000   27227866.706037171185
          0.070000000000   25893322.944703832269
          0.071000000000   24608441.647643826902
          0.072000000000   23372787.950741138309
          0.073000000000   22185836.993398331106
          0.074000000000   21046979.019507251680
          0.075000000000   19955524.577928006649
          0.076000000000   18910709.799145687371
          0.077000000000   17911701.725156478584
          0.078000000000   16957603.670116905123
          0.079000000000   16047460.589859792963
          0.080000000000   15180264.439041957259
          0.081000000000   14354959.495423851535
          0.082000000000   13570447.631598690525
          0.083000000000   12825593.515368102118
          0.084000000000   12119229.720908463001
          0.085000000000   11450161.733870944008
          0.086000000000   10817172.834606762975
          0.087000000000   10219028.844804219902
          0.088000000000    9654482.723945977166
          0.089000000000    9122279.003155345097
          0.090000000000    8621158.045174537227
          0.091000000000    8149860.120410720818
          0.092000000000    7707129.290187824517
          0.093000000000    7291717.089542772621
          0.094000000000    6902386.003103923053
          0.095000000000    6537912.728777529672
          0.096000000000    6197091.225138563663
          0.097000000000    5878735.539572373964
          0.098000000000    5581682.415335222147
          0.099000000000    5304793.676792001352
          0.100000000000    5046958.393142128363
          0.101000000000    4807094.821956312284
          0.102000000000    4584152.134813487530
          0.103000000000    4377111.928244887851
          0.104000000000    4184989.524057825562
          0.105000000000    4006835.063923310488
          0.106000000000    3841734.403864987195
          0.107000000000    3688809.814982484095
          0.108000000000    3547220.497375757899
          0.109000000000    3416162.914810236078
          0.110000000000    3294870.958171702456
          0.111000000000    3182615.946207108907
          0.112000000000    3078706.472431057598
          0.113000000000    2982488.107398895547
          0.114000000000    2893342.965806335211
          0.115000000000    2810689.148073703051
          0.116000000000    2733980.066211329773
          0.117000000000    2662703.663843171205
          0.118000000000    2596381.540289997123
          0.119000000000    2534567.988584183622
          0.120000000000    2476848.957206980325
          0.121000000000    2422840.945209458005
          0.122000000000    2372189.840202242136
          0.123000000000    2324569.708480444737
          0.124000000000    2279681.546290847473
          0.125000000000    2237252.000953165349
          0.126000000000    2197032.070217722561
          0.127000000000    2158795.787882993463
          0.128000000000    2122338.903310589958
          0.129000000000    2087477.562066482613
          0.130000000000    2054046.994488593889
          0.131000000000    2021900.218536111061
          0.132000000000    1990906.762818094343
          0.133000000000    1960951.415231677704
          0.134000000000    1931933.002166453749
          0.135000000000    1903763.202754826518
          0.136000000000    1876365.402171060210
          0.137000000000    1849673.587507339893
          0.138000000000    1823631.289286354557
          0.139000000000    1798190.571208910318
          0.140000000000    1773311.070284682326
          0.141000000000    1748959.089056468569
          0.142000000000    1725106.741205186583
          0.143000000000    1701731.151416555746
          0.144000000000    1678813.710002206266
          0.145000000000    1656339.382399584167
          0.146000000000    1634296.073327806313
          0.147000000000    1612674.045051382855
          0.148000000000    1591465.388901630417
          0.149000000000    1570663.548927190248
          0.150000000000    1550262.896290940000
          0.151000000000    1530258.352800918045
          0.152000000000    1510645.061758025549
          0.153000000000    1491418.104123088997
          0.154000000000    1472572.257849957794
          0.155000000000    1454101.798099956941
          0.156000000000    1436000.335944782477
          0.157000000000    1418260.693080237135
          0.158000000000    1400874.810010329820
          0.159000000000    1383833.685120171402
          0.160000000000    1367127.342035095440
          0.161000000000    1350744.822662177961
          0.162000000000    1334674.203326947056
          0.163000000000    1318902.631452098954
          0.164000000000    1303416.380274484633
          0.165000000000    1288200.919160919031
          0.166000000000    1273240.997160539264
          0.167000000000    1258520.737520524999
          0.168000000000    1244023.740991537692
          0.169000000000    1229733.195857807063
          0.170000000000    1215631.992743048118
          0.171000000000    1201702.842366222758
          0.172000000000    1187928.394548760727
          0.173000000000    1174291.356906605884
          0.174000000000    1160774.611794559285
          0.175000000000    1147361.330206035404
          0.176000000000    1134035.081467246637
          0.177000000000    1120779.937700039474
          0.178000000000    1107580.572160954354
          0.179000000000    1094422.350695011439
          0.180000000000    1081291.415669883601
          0.181000000000    1068174.761879232945
          0.182000000000    1055060.304022129392
          0.183000000000    1041936.935478014755
          0.184000000000    1028794.578203117358
          0.185000000000    1015624.223674343666
          0.186000000000    1002417.964899685117
          0.187000000000     989169.019600160304
          0.188000000000     975871.744746863726
          0.189000000000     962521.642707751482
          0.190000000000     949115.359322171775
          0.191000000000     935650.674277077545
          0.192000000000     922126.484207039466
          0.193000000000     908542.778981143609
          0.194000000000     894900.611673417268
          0.195000000000     881202.062739959802
          0.196000000000     867450.198945867945
          0.197000000000     853649.027598257991
          0.198000000000     839803.446648989921
          0.199000000000     825919.191232137033
          0.200000000000     812002.777197352145
          0.201000000000     798061.442191483453
          0.202000000000     784103.084827448358
          0.203000000000     770136.202462057932
          0.204000000000     756169.828083442990
          0.205000000000     742213.466784663266
          0.206000000000     728277.032273278106
          0.207000000000     714370.783837537398
          0.208000000000     700505.264159065438
          0.209000000000     686691.238329571555
          0.210000000000     672939.634395942907
          0.211000000000     659261.485724262428
          0.212000000000     645667.875439189724
          0.213000000000     632169.883161334321
          0.214000000000     618778.534231705707
          0.215000000000     605504.751579684438
          0.216000000000     592359.310359208379
          0.217000000000     579352.795447482029
          0.218000000000     566495.561871475889
          0.219000000000     553797.698200213024
          0.220000000000     541268.992915286915
          0.221000000000     528918.903748405050
          0.222000000000     516756.529953262885
          0.223000000000     504790.587459425267
          0.224000000000     493029.386838658771
          0.225000000000     481480.813998814789
          0.226000000000     470152.313507386076
          0.227000000000     459050.874435834354
          0.228000000000     448183.018606911239
          0.229000000000     437554.791120320617
          0.230000000000     427171.753027040744
          0.231000000000     417038.976019506983
          0.232000000000     407161.039003364276
          0.233000000000     397542.026416624547
          0.234000000000     388185.528163633659
          0.235000000000     379094.641034138913
          0.236000000000     370271.971481758577
          0.237000000000     361719.639641266549
          0.238000000000     353439.284469964972
          0.239000000000     345432.069905136013
          0.240000000000     337698.691936741001
          0.241000000000     330239.386502169014
          0.242000000000     323053.938117836660
          0.243000000000     316141.689170454629
          0.244000000000     309501.549798968190
          0.245000000000     303132.008306158823
          0.246000000000     297031.142046770663
          0.247000000000     291196.628746534814
          0.248000000000     285625.758213647001
          0.249000000000     280315.444410917058
          0.250000000000     275262.237862983078
          0.251000000000     270462.338378545421
          0.252000000000     265911.608072518080
          0.253000000000     261605.584677259933
          0.254000000000     257539.495135622565
          0.255000000000     253708.269471443549
          0.256000000000     250106.554935269174
          0.257000000000     246728.730424573820
          0.258000000000     243568.921178536868
          0.259000000000     240621.013747580175
          0.260000000000     237878.671237365139
          0.261000000000     235335.348825913592
          0.262000000000     232984.309550884442
          0.263000000000     230818.640361964557
          0.264000000000     228831.268430799420
          0.265000000000     227014.977708011633
          0.266000000000     225362.425713654346
          0.267000000000     223866.160543995473
          0.268000000000     222518.638073909213
          0.269000000000     221312.239330429962
          0.270000000000     220239.288009213982
          0.271000000000     219292.068101902492
          0.272000000000     218462.841598669242
          0.273000000000     217743.866226685961
          0.274000000000     217127.413181854878
          0.275000000000     216605.784808030876
          0.276000000000     216171.332175113959
          0.277000000000     215816.472504867183
          0.278000000000     215533.706391187763
          0.279000000000     215315.634759801615
          0.280000000000     215154.975511038792
          0.281000000000     215044.579788481293
          0.282000000000     214977.447815873486
          0.283000000000     214946.744244748144
          0.284000000000     214945.812955784670
          0.285000000000     214968.191257932776
          0.286000000000     215007.623430842388
          0.287000000000     215058.073558092612
          0.288000000000     215113.737601125060
          0.289000000000     215169.054666598648
          0.290000000000     215218.717423118360
          0.291000000000     215257.681626870908
          0.292000000000     215281.174719636678
          0.293000000000     215284.703466864739
          0.294000000000     215264.060608002444
          0.295000000000     215215.330495978822
          0.296000000000     215134.893707642477
          0.297000000000     215019.430611998338
          0.298000000000     214865.923888222402
          0.299000000000     214671.659990627813
          0.300000000000     214434.229562958033
